date,store_name,brand,budget,actual_sales,variance,variance_pct,customer_count,avg_spend,year,month,month_name,quarter,day_of_week,is_weekend,week_of_year
2021-01-01,LA PIAZZA,CHICKEN INN,1271.5560000000005,2374.25,1102.6939999999995,86.7200500803739,248.0,9.57358870967742,2021,1,January,1,Friday,False,53
2021-01-01,LA PIAZZA,PIZZA INN,2165.1355000000003,5325.5,3160.3645,145.966130064377,331.0,16.089123867069485,2021,1,January,1,Friday,False,53
2021-01-01,LA PIAZZA,CREAMY INN,624.7009999999998,1495.75,871.0490000000002,139.43454548656084,269.0,5.560408921933085,2021,1,January,1,Friday,False,53
2021-01-01,LA PIAZZA,GALITOS,1318.9990000000005,1638.75,319.7509999999997,24.24194408032149,216.0,7.586805555555555,2021,1,January,1,Friday,False,53
2021-01-01,CARREFOUR,CHICKEN INN,1393.3365000000006,4147.75,2754.4135,197.6847301423596,535.0,7.752803738317757,2021,1,January,1,Friday,False,53
2021-01-01,CARREFOUR,PIZZA INN,3425.9939999999992,11284.82,7858.826000000001,229.38820091337004,558.0,20.2236917562724,2021,1,January,1,Friday,False,53
2021-01-01,CARREFOUR,CREAMY INN,654.9205000000001,4608.0,3953.0795,603.5968487778287,549.0,8.39344262295082,2021,1,January,1,Friday,False,53
2021-01-01,CARREFOUR,GALITOS,1304.4355,1968.75,664.3145,50.9273551662769,205.0,9.603658536585366,2021,1,January,1,Friday,False,53
2021-01-01,CITY MARKET,CHICKEN INN,736.9110000000001,1405.0,668.0889999999999,90.66074464894672,237.0,5.928270042194093,2021,1,January,1,Friday,False,53
2021-01-01,CITY MARKET,PIZZA INN,437.2269999999999,1275.01,837.7830000000001,191.61282354474912,145.0,8.793172413793103,2021,1,January,1,Friday,False,53
2021-01-01,JUNCTION,CHICKEN INN,2697.9084000000003,5071.5,2373.5916,87.97895436331343,525.0,9.66,2021,1,January,1,Friday,False,53
2021-01-01,JUNCTION,PIZZA INN,6694.716599999999,13781.75,7087.033400000001,105.86009570591834,637.0,21.635400313971743,2021,1,January,1,Friday,False,53
2021-01-01,JUNCTION,CREAMY INN,978.9021,1790.25,811.3479000000001,82.88345688501437,287.0,6.237804878048781,2021,1,January,1,Friday,False,53
2021-01-01,JUNCTION,GALITOS,2004.2946,2036.0,31.70540000000005,1.5818732435840546,231.0,8.813852813852813,2021,1,January,1,Friday,False,53
2021-01-01,OASIS,CHICKEN INN,741.2334430612898,1618.75,877.5165569387102,118.3859909658922,205.0,7.896341463414634,2021,1,January,1,Friday,False,53
2021-01-01,OASIS,PIZZA INN,2886.8056219395044,4393.25,1506.4443780604956,52.18378288484795,273.0,16.092490842490843,2021,1,January,1,Friday,False,53
2021-01-01,OASIS,CREAMY INN,189.8748340194836,737.0,547.1251659805164,288.1504380535097,152.0,4.848684210526316,2021,1,January,1,Friday,False,53
2021-01-02,LA PIAZZA,CHICKEN INN,1361.9580000000003,854.5,-507.4580000000005,-37.2594455923017,136.0,6.283088235294118,2021,1,January,1,Saturday,True,53
2021-01-02,LA PIAZZA,PIZZA INN,2400.878,1785.75,-615.1279999999997,-25.62096033201186,163.0,10.955521472392638,2021,1,January,1,Saturday,True,53
2021-01-02,LA PIAZZA,CREAMY INN,635.6354999999999,363.5,-272.13549999999987,-42.813137403433245,90.0,4.038888888888889,2021,1,January,1,Saturday,True,53
2021-01-02,LA PIAZZA,GALITOS,877.344,407.5,-469.8440000000001,-53.55299631615421,73.0,5.582191780821918,2021,1,January,1,Saturday,True,53
2021-01-02,CARREFOUR,CHICKEN INN,2460.5000000000005,1205.5,-1255.0000000000005,-51.00589311115628,139.0,8.672661870503598,2021,1,January,1,Saturday,True,53
2021-01-02,CARREFOUR,PIZZA INN,5146.532999999999,4101.5,-1045.0329999999994,-20.305572703021618,265.0,15.477358490566038,2021,1,January,1,Saturday,True,53
2021-01-02,CARREFOUR,CREAMY INN,1177.715,680.25,-497.46500000000015,-42.23984580310178,158.0,4.305379746835443,2021,1,January,1,Saturday,True,53
2021-01-02,CARREFOUR,GALITOS,1040.972,646.0,-394.972,-37.942615171205375,69.0,9.36231884057971,2021,1,January,1,Saturday,True,53
2021-01-02,CITY MARKET,CHICKEN INN,793.1210000000001,613.0,-180.1210000000001,-22.710406104491003,144.0,4.256944444444445,2021,1,January,1,Saturday,True,53
2021-01-02,CITY MARKET,PIZZA INN,537.2849999999999,502.88,-34.40499999999986,-6.4034916292098,77.0,6.530909090909091,2021,1,January,1,Saturday,True,53
2021-01-02,JUNCTION,CHICKEN INN,4221.597600000001,2187.25,-2034.347600000001,-48.18904577736164,223.0,9.80829596412556,2021,1,January,1,Saturday,True,53
2021-01-02,JUNCTION,PIZZA INN,7340.582699999999,6463.75,-876.832699999999,-11.945001314405175,347.0,18.62752161383285,2021,1,January,1,Saturday,True,53
2021-01-02,JUNCTION,CREAMY INN,1185.7824,581.5,-604.2824,-50.960648429256494,113.0,5.146017699115045,2021,1,January,1,Saturday,True,53
2021-01-02,JUNCTION,GALITOS,1638.5985,1414.5,-224.0985000000001,-13.676230022180544,117.0,12.08974358974359,2021,1,January,1,Saturday,True,53
2021-01-02,OASIS,CHICKEN INN,1159.8575119404638,815.0,-344.85751194046384,-29.732748065192126,84.0,9.702380952380953,2021,1,January,1,Saturday,True,53
2021-01-02,OASIS,PIZZA INN,3165.307312138032,1942.0,-1223.307312138032,-38.6473473664628,133.0,14.601503759398495,2021,1,January,1,Saturday,True,53
2021-01-02,OASIS,CREAMY INN,230.00281272583328,121.5,-108.50281272583328,-47.17455905861909,28.0,4.339285714285714,2021,1,January,1,Saturday,True,53
2021-01-03,LA PIAZZA,CHICKEN INN,2311.663500000001,1709.75,-601.9135000000006,-26.038110650620236,191.0,8.951570680628272,2021,1,January,1,Sunday,True,53
2021-01-03,LA PIAZZA,PIZZA INN,3543.9655,4024.5,480.5345000000002,13.55923188304176,294.0,13.68877551020408,2021,1,January,1,Sunday,True,53
2021-01-03,LA PIAZZA,CREAMY INN,940.4999999999998,551.5,-388.9999999999998,-41.360978203083455,137.0,4.025547445255475,2021,1,January,1,Sunday,True,53
2021-01-03,LA PIAZZA,GALITOS,1298.3935,937.75,-360.6435000000001,-27.77613258230268,111.0,8.448198198198199,2021,1,January,1,Sunday,True,53
2021-01-03,CARREFOUR,CHICKEN INN,3333.920500000001,2283.25,-1050.670500000001,-31.514563709602577,242.0,9.4349173553719,2021,1,January,1,Sunday,True,53
2021-01-03,CARREFOUR,PIZZA INN,6263.567999999999,7223.75,960.1820000000008,15.32963320586606,453.0,15.946467991169978,2021,1,January,1,Sunday,True,53
2021-01-03,CARREFOUR,CREAMY INN,1572.1074999999998,1079.03,-493.0774999999999,-31.36410837045176,215.0,5.018744186046511,2021,1,January,1,Sunday,True,53
2021-01-03,CARREFOUR,GALITOS,1709.8860000000002,1039.5,-670.3860000000002,-39.20647341401708,104.0,9.995192307692308,2021,1,January,1,Sunday,True,53
2021-01-03,CITY MARKET,CHICKEN INN,981.2740000000002,779.0,-202.27400000000023,-20.613406652983794,145.0,5.372413793103449,2021,1,January,1,Sunday,True,53
2021-01-03,CITY MARKET,PIZZA INN,642.0329999999999,473.0,-169.0329999999999,-26.32777442904024,72.0,6.569444444444445,2021,1,January,1,Sunday,True,53
2021-01-03,JUNCTION,CHICKEN INN,4266.494100000001,3997.0,-269.4941000000008,-6.316523442514564,393.0,10.170483460559796,2021,1,January,1,Sunday,True,53
2021-01-03,JUNCTION,PIZZA INN,9081.903599999998,9618.25,536.3464000000022,5.905660570984285,502.0,19.159860557768923,2021,1,January,1,Sunday,True,53
2021-01-03,JUNCTION,CREAMY INN,1202.9985,891.0,-311.9984999999999,-25.935069744475985,172.0,5.180232558139535,2021,1,January,1,Sunday,True,53
2021-01-03,JUNCTION,GALITOS,2693.4039,1925.75,-767.6538999999998,-28.50125449064657,159.0,12.111635220125786,2021,1,January,1,Sunday,True,53
2021-01-03,OASIS,CHICKEN INN,1172.1925442478623,1192.5,20.307455752137685,1.7324334514657715,147.0,8.112244897959183,2021,1,January,1,Sunday,True,53
2021-01-03,OASIS,PIZZA INN,3916.176283009893,3415.0,-501.1762830098924,-12.797592518605894,237.0,14.40928270042194,2021,1,January,1,Sunday,True,53
2021-01-03,OASIS,CREAMY INN,233.34217028770064,363.5,130.15782971229936,55.77981448952004,58.0,6.267241379310345,2021,1,January,1,Sunday,True,53
2021-01-04,LA PIAZZA,CHICKEN INN,1214.5560000000005,759.25,-455.30600000000027,-37.48744397129487,116.0,6.545258620689655,2021,1,January,1,Monday,False,1
2021-01-04,LA PIAZZA,PIZZA INN,1656.4009999999998,1851.0,194.59900000000016,11.74830249438392,147.0,12.591836734693878,2021,1,January,1,Monday,False,1
2021-01-04,LA PIAZZA,CREAMY INN,517.8924999999998,333.5,-184.3924999999998,-35.6043966653311,86.0,3.877906976744186,2021,1,January,1,Monday,False,1
2021-01-04,LA PIAZZA,GALITOS,740.7150000000001,588.25,-152.46500000000017,-20.583490276287115,86.0,6.840116279069767,2021,1,January,1,Monday,False,1
2021-01-04,CARREFOUR,CHICKEN INN,1522.0140000000004,1141.0,-381.0140000000004,-25.033541084379006,151.0,7.556291390728477,2021,1,January,1,Monday,False,1
2021-01-04,CARREFOUR,PIZZA INN,2228.3459999999995,3620.5,1392.1540000000005,62.47476828104796,250.0,14.482,2021,1,January,1,Monday,False,1
2021-01-04,CARREFOUR,CREAMY INN,725.7430000000002,751.5,25.756999999999834,3.549052488277507,144.0,5.21875,2021,1,January,1,Monday,False,1
2021-01-04,CARREFOUR,GALITOS,761.9000000000001,548.0,-213.9000000000001,-28.074550465940423,59.0,9.28813559322034,2021,1,January,1,Monday,False,1
2021-01-04,CITY MARKET,CHICKEN INN,774.4520000000002,754.0,-20.452000000000226,-2.640835067893197,119.0,6.336134453781512,2021,1,January,1,Monday,False,1
2021-01-04,CITY MARKET,PIZZA INN,430.7939999999999,325.25,-105.54399999999988,-24.49987697135984,50.0,6.505,2021,1,January,1,Monday,False,1
2021-01-04,JUNCTION,CHICKEN INN,2009.1060000000004,2355.25,346.14399999999955,17.228757467251576,261.0,9.023946360153255,2021,1,January,1,Monday,False,1
2021-01-04,JUNCTION,PIZZA INN,3510.8964,5665.0,2154.1036000000004,61.35480386148679,333.0,17.01201201201201,2021,1,January,1,Monday,False,1
2021-01-04,JUNCTION,CREAMY INN,351.59849999999994,568.0,216.40150000000008,61.547901939285886,100.0,5.68,2021,1,January,1,Monday,False,1
2021-01-04,JUNCTION,GALITOS,1400.9985,1051.5,-349.4985000000001,-24.94638645223389,107.0,9.82710280373832,2021,1,January,1,Monday,False,1
2021-01-04,OASIS,CHICKEN INN,551.9892958022948,712.0,160.0107041977052,28.988008538306147,88.0,8.090909090909092,2021,1,January,1,Monday,False,1
2021-01-04,OASIS,PIZZA INN,1513.9215102200394,2095.5,581.5784897799606,38.4153660446658,147.0,14.255102040816327,2021,1,January,1,Monday,False,1
2021-01-04,OASIS,CREAMY INN,68.1985530820696,181.0,112.8014469179304,165.4015251352709,35.0,5.171428571428572,2021,1,January,1,Monday,False,1
2021-01-05,LA PIAZZA,CHICKEN INN,1066.5935000000002,758.5,-308.0935000000002,-28.88574700670875,145.0,5.231034482758621,2021,1,January,1,Tuesday,False,1
2021-01-05,LA PIAZZA,PIZZA INN,4130.7235,3264.75,-865.9735000000001,-20.96420881233033,270.0,12.091666666666669,2021,1,January,1,Tuesday,False,1
2021-01-05,LA PIAZZA,CREAMY INN,507.81299999999976,366.5,-141.31299999999976,-27.8277633695868,107.0,3.425233644859813,2021,1,January,1,Tuesday,False,1
2021-01-05,LA PIAZZA,GALITOS,582.844,647.96,65.11599999999999,11.172114665330684,113.0,5.734159292035399,2021,1,January,1,Tuesday,False,1
2021-01-05,CARREFOUR,CHICKEN INN,1230.6870000000004,980.75,-249.93700000000035,-20.30873812756617,170.0,5.769117647058824,2021,1,January,1,Tuesday,False,1
2021-01-05,CARREFOUR,PIZZA INN,6551.018999999999,5926.19,-624.8289999999997,-9.537890212194466,427.0,13.878665105386416,2021,1,January,1,Tuesday,False,1
2021-01-05,CARREFOUR,CREAMY INN,728.3365,664.0,-64.3365,-8.833348321826518,178.0,3.730337078651685,2021,1,January,1,Tuesday,False,1
2021-01-05,CARREFOUR,GALITOS,977.1225,480.25,-496.8725,-50.85058424097285,74.0,6.489864864864865,2021,1,January,1,Tuesday,False,1
2021-01-05,CITY MARKET,CHICKEN INN,713.153,474.0,-239.153,-33.5345991673596,120.0,3.95,2021,1,January,1,Tuesday,False,1
2021-01-05,CITY MARKET,PIZZA INN,802.1369999999998,664.26,-137.87699999999984,-17.18870965932252,66.0,10.064545454545454,2021,1,January,1,Tuesday,False,1
2021-01-05,JUNCTION,CHICKEN INN,1692.9000000000003,1854.75,161.84999999999968,9.560517455254276,239.0,7.760460251046025,2021,1,January,1,Tuesday,False,1
2021-01-05,JUNCTION,PIZZA INN,3093.7797,5401.5,2307.7203000000004,74.59226330821166,385.0,14.02987012987013,2021,1,January,1,Tuesday,False,1
2021-01-05,JUNCTION,CREAMY INN,372.2994,471.25,98.9506,26.57823246559087,85.0,5.544117647058823,2021,1,January,1,Tuesday,False,1
2021-01-05,JUNCTION,GALITOS,1692.2961,864.75,-827.5461,-48.90078633402275,121.0,7.146694214876033,2021,1,January,1,Tuesday,False,1
2021-01-05,OASIS,CHICKEN INN,465.1136768611038,483.75,18.636323138896216,4.006831892079913,58.0,8.34051724137931,2021,1,January,1,Tuesday,False,1
2021-01-05,OASIS,PIZZA INN,1334.0580587089098,2292.0,957.9419412910902,71.80661553951995,159.0,14.41509433962264,2021,1,January,1,Tuesday,False,1
2021-01-05,OASIS,CREAMY INN,72.21384730970885,79.5,7.286152690291146,10.08968911328389,14.0,5.678571428571429,2021,1,January,1,Tuesday,False,1
2021-01-06,LA PIAZZA,CHICKEN INN,3287.000000000001,785.25,-2501.750000000001,-76.11043504715546,117.0,6.711538461538462,2021,1,January,1,Wednesday,False,1
2021-01-06,LA PIAZZA,PIZZA INN,6620.882500000001,1475.75,-5145.132500000001,-77.71067527629437,138.0,10.693840579710145,2021,1,January,1,Wednesday,False,1
2021-01-06,LA PIAZZA,CREAMY INN,2359.457999999999,263.0,-2096.457999999999,-88.85337225752694,75.0,3.506666666666667,2021,1,January,1,Wednesday,False,1
2021-01-06,LA PIAZZA,GALITOS,2214.8775,656.25,-1558.6275,-70.37082186260865,87.0,7.543103448275862,2021,1,January,1,Wednesday,False,1
2021-01-06,CARREFOUR,CHICKEN INN,6292.1635000000015,954.0,-5338.1635000000015,-84.83828336628571,144.0,6.625,2021,1,January,1,Wednesday,False,1
2021-01-06,CARREFOUR,PIZZA INN,10730.475,2096.32,-8634.154999999999,-80.463865765495,150.0,13.975466666666664,2021,1,January,1,Wednesday,False,1
2021-01-06,CARREFOUR,CREAMY INN,4698.7570000000005,528.25,-4170.5070000000005,-88.75766505907839,147.0,3.5935374149659864,2021,1,January,1,Wednesday,False,1
2021-01-06,CARREFOUR,GALITOS,3088.2505,593.5,-2494.7505,-80.7819993876792,61.0,9.729508196721312,2021,1,January,1,Wednesday,False,1
2021-01-06,CITY MARKET,CHICKEN INN,2066.0640000000003,549.75,-1516.3140000000003,-73.3914341472481,141.0,3.898936170212766,2021,1,January,1,Wednesday,False,1
2021-01-06,CITY MARKET,PIZZA INN,1099.5739999999996,538.67,-560.9039999999997,-51.01102790717131,77.0,6.9957142857142856,2021,1,January,1,Wednesday,False,1
2021-01-06,JUNCTION,CHICKEN INN,6193.192500000001,1497.75,-4695.442500000001,-75.81618850051892,182.0,8.229395604395604,2021,1,January,1,Wednesday,False,1
2021-01-06,JUNCTION,PIZZA INN,12552.4179,3555.0,-8997.417899999999,-71.67876318075739,222.0,16.013513513513512,2021,1,January,1,Wednesday,False,1
2021-01-06,JUNCTION,CREAMY INN,2603.2842,464.5,-2138.7842,-82.15715364461552,73.0,6.363013698630137,2021,1,January,1,Wednesday,False,1
2021-01-06,JUNCTION,GALITOS,2938.4981999999995,746.25,-2192.2481999999995,-74.60437443861629,84.0,8.883928571428571,2021,1,January,1,Wednesday,False,1
2021-01-06,OASIS,CHICKEN INN,1701.540867850205,516.75,-1184.790867850205,-69.63046790331386,70.0,7.382142857142857,2021,1,January,1,Wednesday,False,1
2021-01-06,OASIS,PIZZA INN,5412.684767366264,1316.5,-4096.184767366264,-75.67750466575592,97.0,13.572164948453608,2021,1,January,1,Wednesday,False,1
2021-01-06,OASIS,CREAMY INN,504.9515731762595,78.5,-426.4515731762595,-84.45395476120268,19.0,4.131578947368421,2021,1,January,1,Wednesday,False,1
2021-01-07,LA PIAZZA,CHICKEN INN,1418.6635000000003,746.5,-672.1635000000003,-47.38005171769064,121.0,6.169421487603306,2021,1,January,1,Thursday,False,1
2021-01-07,LA PIAZZA,PIZZA INN,2088.4895,1498.25,-590.2395000000001,-28.261549794720064,144.0,10.40451388888889,2021,1,January,1,Thursday,False,1
2021-01-07,LA PIAZZA,CREAMY INN,628.7194999999998,337.75,-290.9694999999998,-46.27970024788477,96.0,3.5182291666666665,2021,1,January,1,Thursday,False,1
2021-01-07,LA PIAZZA,GALITOS,654.9205000000001,453.25,-201.6705000000001,-30.793126799359623,63.0,7.194444444444445,2021,1,January,1,Thursday,False,1
2021-01-07,CARREFOUR,CHICKEN INN,1448.0280000000005,845.25,-602.7780000000005,-41.62750996527693,124.0,6.816532258064516,2021,1,January,1,Thursday,False,1
2021-01-07,CARREFOUR,PIZZA INN,3644.127,2906.25,-737.8769999999995,-20.24838870873599,217.0,13.392857142857142,2021,1,January,1,Thursday,False,1
2021-01-07,CARREFOUR,CREAMY INN,1118.1215000000002,551.5,-566.6215000000002,-50.67620111052334,147.0,3.751700680272109,2021,1,January,1,Thursday,False,1
2021-01-07,CARREFOUR,GALITOS,777.1,573.0,-204.1,-26.26431604684082,63.0,9.095238095238097,2021,1,January,1,Thursday,False,1
2021-01-07,CITY MARKET,CHICKEN INN,759.1850000000002,448.25,-310.9350000000002,-40.956420371846136,110.0,4.075,2021,1,January,1,Thursday,False,1
2021-01-07,CITY MARKET,PIZZA INN,526.1479999999999,528.63,2.4820000000000846,0.4717303876475982,66.0,8.009545454545455,2021,1,January,1,Thursday,False,1
2021-01-07,JUNCTION,CHICKEN INN,2781.949500000001,1436.0,-1345.949500000001,-48.38152166313589,141.0,10.184397163120568,2021,1,January,1,Thursday,False,1
2021-01-07,JUNCTION,PIZZA INN,7343.463599999999,3539.25,-3804.213599999999,-51.80407784686234,225.0,15.73,2021,1,January,1,Thursday,False,1
2021-01-07,JUNCTION,CREAMY INN,888.6042,311.5,-577.1042,-64.94502276716675,55.0,5.663636363636364,2021,1,January,1,Thursday,False,1
2021-01-07,JUNCTION,GALITOS,1538.0937,903.5,-634.5937000000001,-41.25845519034374,80.0,11.29375,2021,1,January,1,Thursday,False,1
2021-01-07,OASIS,CHICKEN INN,764.3232091599679,686.75,-77.57320915996786,-10.149267774456955,86.0,7.985465116279069,2021,1,January,1,Thursday,False,1
2021-01-07,OASIS,PIZZA INN,3166.549575076578,1471.25,-1695.299575076578,-53.53775568271594,103.0,14.283980582524272,2021,1,January,1,Thursday,False,1
2021-01-07,OASIS,CREAMY INN,172.36000922259336,49.0,-123.36000922259336,-71.57113171378448,11.0,4.454545454545454,2021,1,January,1,Thursday,False,1
2021-01-08,LA PIAZZA,CHICKEN INN,999.7990000000004,760.75,-239.04900000000032,-23.90970585087605,120.0,6.339583333333334,2021,1,January,1,Friday,False,1
2021-01-08,LA PIAZZA,PIZZA INN,1453.329,1661.75,208.42100000000005,14.340937255088148,163.0,10.19478527607362,2021,1,January,1,Friday,False,1
2021-01-08,LA PIAZZA,CREAMY INN,388.6354999999999,380.0,-8.635499999999922,-2.222004937788731,83.0,4.578313253012048,2021,1,January,1,Friday,False,1
2021-01-08,LA PIAZZA,GALITOS,1285.1505000000002,613.25,-671.9005000000002,-52.28185337048073,88.0,6.96875,2021,1,January,1,Friday,False,1
2021-01-08,CARREFOUR,CHICKEN INN,1186.9205000000004,1024.5,-162.4205000000004,-13.684193675987595,146.0,7.017123287671233,2021,1,January,1,Friday,False,1
2021-01-08,CARREFOUR,PIZZA INN,3044.4299999999994,2312.75,-731.6799999999994,-24.03339869860695,179.0,12.920391061452516,2021,1,January,1,Friday,False,1
2021-01-08,CARREFOUR,CREAMY INN,589.8645,685.5,95.63549999999998,16.21313030365448,163.0,4.205521472392638,2021,1,January,1,Friday,False,1
2021-01-08,CARREFOUR,GALITOS,1700.3860000000002,1221.75,-478.6360000000002,-28.148667420221063,99.0,12.340909090909092,2021,1,January,1,Friday,False,1
2021-01-08,CITY MARKET,CHICKEN INN,666.9110000000002,554.5,-112.41100000000016,-16.855472469340008,134.0,4.138059701492537,2021,1,January,1,Friday,False,1
2021-01-08,CITY MARKET,PIZZA INN,467.824,453.14,-14.683999999999967,-3.138787236225583,63.0,7.192698412698412,2021,1,January,1,Friday,False,1
2021-01-08,JUNCTION,CHICKEN INN,2208.6009000000004,2094.75,-113.85090000000037,-5.154887874943832,221.0,9.478506787330316,2021,1,January,1,Friday,False,1
2021-01-08,JUNCTION,PIZZA INN,3861.8415,4101.75,239.9085000000005,6.212282404650747,276.0,14.861413043478262,2021,1,January,1,Friday,False,1
2021-01-08,JUNCTION,CREAMY INN,311.9985,600.5,288.5015,92.46887404907396,92.0,6.527173913043479,2021,1,January,1,Friday,False,1
2021-01-08,JUNCTION,GALITOS,1546.5087,1047.0,-499.5086999999999,-32.2991199467549,117.0,8.948717948717949,2021,1,January,1,Friday,False,1
2021-01-08,OASIS,CHICKEN INN,606.7992706702954,269.75,-337.0492706702954,-55.54543107772311,42.0,6.422619047619048,2021,1,January,1,Friday,False,1
2021-01-08,OASIS,PIZZA INN,1665.251334647876,1321.5,-343.75133464787586,-20.64260976680517,102.0,12.955882352941176,2021,1,January,1,Friday,False,1
2021-01-08,OASIS,CREAMY INN,60.51745460738909,78.0,17.48254539261091,28.888434759905312,24.0,3.25,2021,1,January,1,Friday,False,1
2021-01-09,LA PIAZZA,CHICKEN INN,1392.4720000000004,1049.5,-342.97200000000043,-24.63044140205335,158.0,6.64240506329114,2021,1,January,1,Saturday,True,1
2021-01-09,LA PIAZZA,PIZZA INN,2103.528,1937.25,-166.2779999999998,-7.904720070281917,141.0,13.73936170212766,2021,1,January,1,Saturday,True,1
2021-01-09,LA PIAZZA,CREAMY INN,403.8924999999999,256.75,-147.14249999999987,-36.43110481130497,78.0,3.2916666666666665,2021,1,January,1,Saturday,True,1
2021-01-09,LA PIAZZA,GALITOS,968.886,573.5,-395.3860000000001,-40.80830974954742,73.0,7.8561643835616435,2021,1,January,1,Saturday,True,1
2021-01-09,CARREFOUR,CHICKEN INN,1736.4860000000006,1523.75,-212.73600000000056,-12.250948179253992,182.0,8.372252747252746,2021,1,January,1,Saturday,True,1
2021-01-09,CARREFOUR,PIZZA INN,3455.595,4420.0,964.4050000000002,27.90850779677596,295.0,14.983050847457626,2021,1,January,1,Saturday,True,1
2021-01-09,CARREFOUR,CREAMY INN,790.799,663.0,-127.79899999999998,-16.160743754101862,148.0,4.47972972972973,2021,1,January,1,Saturday,True,1
2021-01-09,CARREFOUR,GALITOS,1197.342,814.25,-383.0919999999999,-31.995202707330066,80.0,10.178125,2021,1,January,1,Saturday,True,1
2021-01-09,CITY MARKET,CHICKEN INN,782.7330000000001,449.75,-332.98300000000006,-42.54107083769306,104.0,4.324519230769231,2021,1,January,1,Saturday,True,1
2021-01-09,CITY MARKET,PIZZA INN,484.4979999999999,417.0,-67.49799999999988,-13.931533257103206,56.0,7.446428571428571,2021,1,January,1,Saturday,True,1
2021-01-09,JUNCTION,CHICKEN INN,2696.7501,2211.75,-485.0001000000002,-17.98461414722855,230.0,9.616304347826087,2021,1,January,1,Saturday,True,1
2021-01-09,JUNCTION,PIZZA INN,6277.560299999998,5246.75,-1030.8102999999985,-16.420555928391458,318.0,16.49921383647799,2021,1,January,1,Saturday,True,1
2021-01-09,JUNCTION,CREAMY INN,756.9044999999999,578.0,-178.90449999999987,-23.63633721295089,101.0,5.7227722772277225,2021,1,January,1,Saturday,True,1
2021-01-09,JUNCTION,GALITOS,1860.5961,783.75,-1076.8460999999998,-57.87640315918108,97.0,8.079896907216495,2021,1,January,1,Saturday,True,1
2021-01-09,OASIS,CHICKEN INN,740.915207387648,594.5,-146.41520738764802,-19.761398595648387,83.0,7.162650602409639,2021,1,January,1,Saturday,True,1
2021-01-09,OASIS,PIZZA INN,2706.9250946491507,1992.75,-714.1750946491507,-26.383260329621944,127.0,15.690944881889765,2021,1,January,1,Saturday,True,1
2021-01-09,OASIS,CREAMY INN,146.81459597042465,115.5,-31.314595970424648,-21.329347919012683,26.0,4.4423076923076925,2021,1,January,1,Saturday,True,1
2021-01-10,LA PIAZZA,CHICKEN INN,1406.5795000000005,1263.5,-143.07950000000028,-10.17215877239788,175.0,7.22,2021,1,January,1,Sunday,True,1
2021-01-10,LA PIAZZA,PIZZA INN,2710.3215000000005,2749.5,39.17849999999953,1.4455296170583278,195.0,14.1,2021,1,January,1,Sunday,True,1
2021-01-10,LA PIAZZA,CREAMY INN,491.7009999999999,504.5,12.799000000000149,2.603004671538222,109.0,4.628440366972477,2021,1,January,1,Sunday,True,1
2021-01-10,LA PIAZZA,GALITOS,818.1495000000001,793.75,-24.399500000000103,-2.982278911128113,92.0,8.627717391304348,2021,1,January,1,Sunday,True,1
2021-01-10,CARREFOUR,CHICKEN INN,2341.6075000000005,2088.5,-253.10750000000053,-10.80913432332278,243.0,8.594650205761317,2021,1,January,1,Sunday,True,1
2021-01-10,CARREFOUR,PIZZA INN,5373.315,6572.75,1199.4350000000004,22.322067476036683,433.0,15.179561200923787,2021,1,January,1,Sunday,True,1
2021-01-10,CARREFOUR,CREAMY INN,896.1635000000001,1286.0,389.8364999999999,43.50060005791352,244.0,5.270491803278689,2021,1,January,1,Sunday,True,1
2021-01-10,CARREFOUR,GALITOS,1873.286,1172.0,-701.2860000000001,-37.43614162493074,124.0,9.451612903225806,2021,1,January,1,Sunday,True,1
2021-01-10,CITY MARKET,CHICKEN INN,514.1850000000001,617.75,103.56499999999994,20.14158328228165,114.0,5.418859649122807,2021,1,January,1,Sunday,True,1
2021-01-10,CITY MARKET,PIZZA INN,352.00199999999995,459.13,107.12800000000004,30.433917989102348,64.0,7.17390625,2021,1,January,1,Sunday,True,1
2021-01-10,JUNCTION,CHICKEN INN,4326.339600000001,3617.75,-708.5896000000012,-16.37850158595966,362.0,9.99378453038674,2021,1,January,1,Sunday,True,1
2021-01-10,JUNCTION,PIZZA INN,8113.317299999999,9583.5,1470.1827000000012,18.120611405152385,494.0,19.399797570850204,2021,1,January,1,Sunday,True,1
2021-01-10,JUNCTION,CREAMY INN,1081.8027,1041.0,-40.80269999999996,-3.7717321282337295,193.0,5.393782383419689,2021,1,January,1,Sunday,True,1
2021-01-10,JUNCTION,GALITOS,2598.6015,1777.5,-821.1014999999998,-31.597822905897647,156.0,11.39423076923077,2021,1,January,1,Sunday,True,1
2021-01-10,OASIS,CHICKEN INN,1188.6347207193555,1083.25,-105.38472071935551,-8.866030823630766,136.0,7.965073529411764,2021,1,January,1,Sunday,True,1
2021-01-10,OASIS,PIZZA INN,3498.5155300254296,2953.25,-545.2655300254296,-15.585625541626971,196.0,15.067602040816327,2021,1,January,1,Sunday,True,1
2021-01-10,OASIS,CREAMY INN,209.8341684059409,180.5,-29.334168405940915,-13.979691024005028,35.0,5.1571428571428575,2021,1,January,1,Sunday,True,1
2021-01-11,LA PIAZZA,CHICKEN INN,1168.2150000000004,636.25,-531.9650000000004,-45.53656647106913,114.0,5.581140350877193,2021,1,January,1,Monday,False,2
2021-01-11,LA PIAZZA,PIZZA INN,1264.1270000000002,1282.25,18.12299999999982,1.4336376012852994,120.0,10.685416666666669,2021,1,January,1,Monday,False,2
2021-01-11,LA PIAZZA,CREAMY INN,426.6354999999999,338.25,-88.38549999999987,-20.71686486473814,83.0,4.075301204819277,2021,1,January,1,Monday,False,2
2021-01-11,LA PIAZZA,GALITOS,622.9720000000001,404.25,-218.7220000000001,-35.10944312103916,75.0,5.39,2021,1,January,1,Monday,False,2
2021-01-11,CARREFOUR,CHICKEN INN,1109.4860000000003,908.0,-201.48600000000036,-18.160301256617952,117.0,7.760683760683761,2021,1,January,1,Monday,False,2
2021-01-11,CARREFOUR,PIZZA INN,2113.641,2549.75,436.1090000000004,20.63306871886004,180.0,14.165277777777778,2021,1,January,1,Monday,False,2
2021-01-11,CARREFOUR,CREAMY INN,523.3645,532.25,8.885499999999979,1.6977651330955728,154.0,3.456168831168831,2021,1,January,1,Monday,False,2
2021-01-11,CARREFOUR,GALITOS,701.3280000000001,521.38,-179.9480000000001,-25.658179910113397,59.0,8.836949152542372,2021,1,January,1,Monday,False,2
2021-01-11,CITY MARKET,CHICKEN INN,768.5160000000002,333.25,-435.2660000000002,-56.63720729301668,97.0,3.435567010309278,2021,1,January,1,Monday,False,2
2021-01-11,CITY MARKET,PIZZA INN,354.9209999999999,267.63,-87.29099999999988,-24.59448722391741,43.0,6.223953488372093,2021,1,January,1,Monday,False,2
2021-01-11,JUNCTION,CHICKEN INN,1592.9991000000005,1412.5,-180.49910000000045,-11.330772252162628,159.0,8.883647798742139,2021,1,January,1,Monday,False,2
2021-01-11,JUNCTION,PIZZA INN,2853.0612,2678.75,-174.31119999999964,-6.109620081055383,203.0,13.195812807881774,2021,1,January,1,Monday,False,2
2021-01-11,JUNCTION,CREAMY INN,350.6976,254.0,-96.69759999999997,-27.57292892794247,48.0,5.291666666666667,2021,1,January,1,Monday,False,2
2021-01-11,JUNCTION,GALITOS,1466.1009,827.0,-639.1008999999999,-43.59187693016217,99.0,8.353535353535353,2021,1,January,1,Monday,False,2
2021-01-11,OASIS,CHICKEN INN,437.6665300002536,412.75,-24.916530000253545,-5.693039858505769,58.0,7.116379310344827,2021,1,January,1,Monday,False,2
2021-01-11,OASIS,PIZZA INN,1230.2586657510594,1260.25,29.99133424894057,2.437807193223971,96.0,13.127604166666666,2021,1,January,1,Monday,False,2
2021-01-11,OASIS,CREAMY INN,68.02380809177062,43.5,-24.52380809177062,-36.05180124389046,11.0,3.954545454545455,2021,1,January,1,Monday,False,2
2021-01-12,LA PIAZZA,CHICKEN INN,914.0140000000002,602.5,-311.51400000000024,-34.08197248619826,102.0,5.90686274509804,2021,1,January,1,Tuesday,False,2
2021-01-12,LA PIAZZA,PIZZA INN,3741.328,3936.0,194.67200000000005,5.2032861058960895,283.0,13.908127208480565,2021,1,January,1,Tuesday,False,2
2021-01-12,LA PIAZZA,CREAMY INN,411.9484999999999,419.25,7.301500000000146,1.7724302916505703,110.0,3.811363636363637,2021,1,January,1,Tuesday,False,2
2021-01-12,LA PIAZZA,GALITOS,460.1990000000001,571.25,111.05099999999987,24.13108242303869,82.0,6.966463414634147,2021,1,January,1,Tuesday,False,2
2021-01-12,CARREFOUR,CHICKEN INN,1447.1730000000005,978.75,-468.42300000000046,-32.36814119666414,136.0,7.196691176470588,2021,1,January,1,Tuesday,False,2
2021-01-12,CARREFOUR,PIZZA INN,7510.959,6353.719999999999,-1157.2390000000005,-15.407340127938395,474.0,13.40447257383966,2021,1,January,1,Tuesday,False,2
2021-01-12,CARREFOUR,CREAMY INN,635.056,644.55,9.493999999999916,1.4949862689274511,157.0,4.105414012738853,2021,1,January,1,Tuesday,False,2
2021-01-12,CARREFOUR,GALITOS,772.3785,681.5,-90.87850000000005,-11.766057703574091,71.0,9.598591549295774,2021,1,January,1,Tuesday,False,2
2021-01-12,CITY MARKET,CHICKEN INN,620.1370000000002,497.75,-122.38700000000016,-19.735477805710698,127.0,3.919291338582677,2021,1,January,1,Tuesday,False,2
2021-01-12,CITY MARKET,PIZZA INN,763.2239999999998,667.95,-95.27399999999976,-12.48309801578564,114.0,5.85921052631579,2021,1,January,1,Tuesday,False,2
2021-01-12,JUNCTION,CHICKEN INN,1371.6054,1532.0,160.39460000000008,11.693931797002264,209.0,7.330143540669856,2021,1,January,1,Tuesday,False,2
2021-01-12,JUNCTION,PIZZA INN,2742.9633,4859.0,2116.0367,77.14418563310709,338.0,14.375739644970414,2021,1,January,1,Tuesday,False,2
2021-01-12,JUNCTION,CREAMY INN,326.403,325.5,-0.9029999999999632,-0.2766518690085456,73.0,4.458904109589041,2021,1,January,1,Tuesday,False,2
2021-01-12,JUNCTION,GALITOS,1582.2080999999998,1119.75,-462.45809999999983,-29.22865203382538,135.0,8.294444444444444,2021,1,January,1,Tuesday,False,2
2021-01-12,OASIS,CHICKEN INN,376.83999692630687,679.25,302.41000307369313,80.24891347529415,61.0,11.135245901639344,2021,1,January,1,Tuesday,False,2
2021-01-12,OASIS,PIZZA INN,1182.7837305635517,2426.0,1243.2162694364483,105.1093481683336,161.0,15.06832298136646,2021,1,January,1,Tuesday,False,2
2021-01-12,OASIS,CREAMY INN,63.31145417755413,117.5,54.18854582244587,85.59042992517044,20.0,5.875,2021,1,January,1,Tuesday,False,2
2021-01-13,LA PIAZZA,CHICKEN INN,979.6495000000004,596.25,-383.39950000000033,-39.13639521073611,90.0,6.625,2021,1,January,1,Wednesday,False,2
2021-01-13,LA PIAZZA,PIZZA INN,1388.3205000000005,1322.0,-66.32050000000027,-4.777030952146875,104.0,12.711538461538462,2021,1,January,1,Wednesday,False,2
2021-01-13,LA PIAZZA,CREAMY INN,407.3409999999999,321.5,-85.8409999999999,-21.07349861663813,86.0,3.738372093023256,2021,1,January,1,Wednesday,False,2
2021-01-13,LA PIAZZA,GALITOS,496.5365000000001,488.5,-8.036500000000046,-1.618511428666381,94.0,5.196808510638298,2021,1,January,1,Wednesday,False,2
2021-01-13,CARREFOUR,CHICKEN INN,1062.2710000000004,887.5,-174.7710000000004,-16.452581309289283,134.0,6.623134328358209,2021,1,January,1,Wednesday,False,2
2021-01-13,CARREFOUR,PIZZA INN,2123.235,2804.75,681.5150000000003,32.09795430086639,203.0,13.816502463054189,2021,1,January,1,Wednesday,False,2
2021-01-13,CARREFOUR,CREAMY INN,543.514,465.75,-77.76400000000001,-14.30763512991386,127.0,3.667322834645669,2021,1,January,1,Wednesday,False,2
2021-01-13,CARREFOUR,GALITOS,731.4430000000001,732.5,1.056999999999903,0.1445088680867685,75.0,9.766666666666667,2021,1,January,1,Wednesday,False,2
2021-01-13,CITY MARKET,CHICKEN INN,540.6940000000001,380.75,-159.94400000000007,-29.58124188542874,108.0,3.525462962962963,2021,1,January,1,Wednesday,False,2
2021-01-13,CITY MARKET,PIZZA INN,414.827,625.39,210.56300000000005,50.75923216184098,82.0,7.626707317073171,2021,1,January,1,Wednesday,False,2
2021-01-13,JUNCTION,CHICKEN INN,1619.3925000000004,1555.0,-64.39250000000038,-3.976336805314361,189.0,8.227513227513228,2021,1,January,1,Wednesday,False,2
2021-01-13,JUNCTION,PIZZA INN,3187.6217999999994,3572.25,384.62820000000056,12.06630598397842,244.0,14.640368852459016,2021,1,January,1,Wednesday,False,2
2021-01-13,JUNCTION,CREAMY INN,283.1994,382.5,99.30060000000005,35.0638454742489,63.0,6.071428571428571,2021,1,January,1,Wednesday,False,2
2021-01-13,JUNCTION,GALITOS,1550.3993999999998,830.75,-719.6493999999998,-46.41703292712832,90.0,9.230555555555556,2021,1,January,1,Wednesday,False,2
2021-01-13,OASIS,CHICKEN INN,444.9179514184506,459.0,14.082048581549373,3.16508887462377,67.0,6.850746268656716,2021,1,January,1,Wednesday,False,2
2021-01-13,OASIS,PIZZA INN,1374.5233865249684,1427.25,52.72661347503163,3.8359924605090634,107.0,13.338785046728972,2021,1,January,1,Wednesday,False,2
2021-01-13,OASIS,CREAMY INN,54.93137574167768,38.5,-16.431375741677684,-29.91255092344397,10.0,3.85,2021,1,January,1,Wednesday,False,2
2021-01-14,LA PIAZZA,CHICKEN INN,962.3785,758.25,-204.12850000000012,-21.2108333675368,131.0,5.788167938931298,2021,1,January,1,Thursday,False,2
2021-01-14,LA PIAZZA,PIZZA INN,1266.2645000000002,1231.75,-34.514500000000226,-2.7256943553262545,96.0,12.830729166666666,2021,1,January,1,Thursday,False,2
2021-01-14,LA PIAZZA,CREAMY INN,463.1914999999999,316.5,-146.69149999999985,-31.669730554209195,85.0,3.723529411764706,2021,1,January,1,Thursday,False,2
2021-01-14,LA PIAZZA,GALITOS,603.1075000000002,581.75,-21.357500000000183,-3.541242647455085,98.0,5.936224489795919,2021,1,January,1,Thursday,False,2
2021-01-14,CARREFOUR,CHICKEN INN,1137.9860000000003,1033.25,-104.73600000000032,-9.203628164142645,163.0,6.338957055214724,2021,1,January,1,Thursday,False,2
2021-01-14,CARREFOUR,PIZZA INN,2334.5729999999994,2370.75,36.17700000000059,1.5496195664046744,184.0,12.884510869565217,2021,1,January,1,Thursday,False,2
2021-01-14,CARREFOUR,CREAMY INN,546.1075000000001,545.75,-0.3575000000000727,-0.0654633016393425,137.0,3.983576642335767,2021,1,January,1,Thursday,False,2
2021-01-14,CARREFOUR,GALITOS,766.8495,647.5,-119.34950000000003,-15.56361450323695,64.0,10.1171875,2021,1,January,1,Thursday,False,2
2021-01-14,CITY MARKET,CHICKEN INN,569.863,421.75,-148.11300000000006,-25.9909837978602,122.0,3.456967213114754,2021,1,January,1,Thursday,False,2
2021-01-14,CITY MARKET,PIZZA INN,456.4839999999999,440.26,-16.223999999999933,-3.5541223788785445,60.0,7.337666666666666,2021,1,January,1,Thursday,False,2
2021-01-14,JUNCTION,CHICKEN INN,1677.2976000000003,1603.5,-73.79760000000033,-4.399791664878094,179.0,8.958100558659218,2021,1,January,1,Thursday,False,2
2021-01-14,JUNCTION,PIZZA INN,3847.209299999999,3564.75,-282.4592999999991,-7.341927043064674,226.0,15.773230088495575,2021,1,January,1,Thursday,False,2
2021-01-14,JUNCTION,CREAMY INN,358.2018,370.0,11.798200000000008,3.2937299589225986,76.0,4.868421052631579,2021,1,January,1,Thursday,False,2
2021-01-14,JUNCTION,GALITOS,1346.1029999999998,1001.5,-344.60299999999984,-25.6000469503448,95.0,10.542105263157897,2021,1,January,1,Thursday,False,2
2021-01-14,OASIS,CHICKEN INN,460.82701513751846,480.5,19.67298486248154,4.269060670544846,67.0,7.1716417910447765,2021,1,January,1,Thursday,False,2
2021-01-14,OASIS,PIZZA INN,1658.94183422461,1360.75,-298.19183422461015,-17.97482154423968,99.0,13.744949494949497,2021,1,January,1,Thursday,False,2
2021-01-14,OASIS,CREAMY INN,69.47937625272257,49.5,-19.97937625272257,-28.7558370991272,10.0,4.95,2021,1,January,1,Thursday,False,2
2021-01-15,LA PIAZZA,CHICKEN INN,1125.0280000000002,914.25,-210.77800000000025,-18.73535592003045,127.0,7.198818897637795,2021,1,January,1,Friday,False,2
2021-01-15,LA PIAZZA,PIZZA INN,2044.229,1420.25,-623.979,-30.52392858138692,125.0,11.362,2021,1,January,1,Friday,False,2
2021-01-15,LA PIAZZA,CREAMY INN,351.4999999999999,257.25,-94.24999999999989,-26.81365576102416,84.0,3.0625,2021,1,January,1,Friday,False,2
2021-01-15,LA PIAZZA,GALITOS,1074.0795,742.5,-331.57950000000005,-30.87103887561396,104.0,7.139423076923077,2021,1,January,1,Friday,False,2
2021-01-15,CARREFOUR,CHICKEN INN,1869.7710000000004,867.5,-1002.2710000000004,-53.60394401239511,124.0,6.995967741935484,2021,1,January,1,Friday,False,2
2021-01-15,CARREFOUR,PIZZA INN,3905.000999999999,3126.0,-779.0009999999988,-19.94880411042146,229.0,13.65065502183406,2021,1,January,1,Friday,False,2
2021-01-15,CARREFOUR,CREAMY INN,965.8365,462.75,-503.0865000000001,-52.08816399048908,125.0,3.702,2021,1,January,1,Friday,False,2
2021-01-15,CARREFOUR,GALITOS,1607.2289999999998,1549.25,-57.97899999999981,-3.607388866178984,137.0,11.308394160583942,2021,1,January,1,Friday,False,2
2021-01-15,CITY MARKET,CHICKEN INN,519.484,529.25,9.765999999999964,1.8799424043858832,147.0,3.6003401360544216,2021,1,January,1,Friday,False,2
2021-01-15,CITY MARKET,PIZZA INN,387.84899999999993,529.75,141.90100000000007,36.58666130375484,73.0,7.256849315068493,2021,1,January,1,Friday,False,2
2021-01-15,JUNCTION,CHICKEN INN,3173.445000000001,1204.5,-1968.945000000001,-62.044402849269495,164.0,7.344512195121951,2021,1,January,1,Friday,False,2
2021-01-15,JUNCTION,PIZZA INN,5805.607499999999,4420.25,-1385.3574999999992,-23.862403719162884,278.0,15.900179856115107,2021,1,January,1,Friday,False,2
2021-01-15,JUNCTION,CREAMY INN,937.2032999999998,334.5,-602.7032999999998,-64.30870441877444,71.0,4.711267605633803,2021,1,January,1,Friday,False,2
2021-01-15,JUNCTION,GALITOS,1616.6997,1302.58,-314.1197,-19.42968752947749,142.0,9.173098591549294,2021,1,January,1,Friday,False,2
2021-01-15,OASIS,CHICKEN INN,871.8841468878762,571.0,-300.8841468878762,-34.50964763631259,68.0,8.397058823529411,2021,1,January,1,Friday,False,2
2021-01-15,OASIS,PIZZA INN,2503.4159578575964,1694.25,-809.1659578575964,-32.32247343146579,112.0,15.127232142857142,2021,1,January,1,Friday,False,2
2021-01-15,OASIS,CREAMY INN,181.78663732564505,55.5,-126.28663732564502,-69.46970315503465,14.0,3.9642857142857135,2021,1,January,1,Friday,False,2
2021-01-16,LA PIAZZA,CHICKEN INN,1386.4205000000004,896.75,-489.6705000000004,-35.31904642206317,136.0,6.59375,2021,1,January,1,Saturday,True,2
2021-01-16,LA PIAZZA,PIZZA INN,1978.3085,1513.5,-464.8084999999999,-23.495248592421248,135.0,11.21111111111111,2021,1,January,1,Saturday,True,2
2021-01-16,LA PIAZZA,CREAMY INN,521.3409999999998,362.0,-159.34099999999978,-30.563680968885976,85.0,4.258823529411765,2021,1,January,1,Saturday,True,2
2021-01-16,LA PIAZZA,GALITOS,675.1935000000001,503.75,-171.44350000000009,-25.391758066391347,68.0,7.408088235294118,2021,1,January,1,Saturday,True,2
2021-01-16,CARREFOUR,CHICKEN INN,1752.8925000000006,1156.75,-596.1425000000006,-34.00907357410682,151.0,7.660596026490066,2021,1,January,1,Saturday,True,2
2021-01-16,CARREFOUR,PIZZA INN,4198.076999999999,3986.0,-212.0769999999993,-5.051765367810056,276.0,14.442028985507246,2021,1,January,1,Saturday,True,2
2021-01-16,CARREFOUR,CREAMY INN,765.7570000000001,978.25,212.49299999999997,27.749403531407477,188.0,5.20345744680851,2021,1,January,1,Saturday,True,2
2021-01-16,CARREFOUR,GALITOS,915.743,660.0,-255.74300000000005,-27.92737700424683,63.0,10.476190476190476,2021,1,January,1,Saturday,True,2
2021-01-16,CITY MARKET,CHICKEN INN,907.669,360.25,-547.4190000000001,-60.31042153031557,98.0,3.676020408163265,2021,1,January,1,Saturday,True,2
2021-01-16,CITY MARKET,PIZZA INN,444.5349999999999,382.88,-61.65499999999986,-13.869549079375052,69.0,5.5489855072463765,2021,1,January,1,Saturday,True,2
2021-01-16,JUNCTION,CHICKEN INN,2631.0636000000004,2180.5,-450.5636000000004,-17.124770378032682,251.0,8.687250996015937,2021,1,January,1,Saturday,True,2
2021-01-16,JUNCTION,PIZZA INN,5549.7024,5464.0,-85.70240000000013,-1.5442701936593954,316.0,17.29113924050633,2021,1,January,1,Saturday,True,2
2021-01-16,JUNCTION,CREAMY INN,801.2366999999999,772.0,-29.236699999999928,-3.6489466845440215,115.0,6.71304347826087,2021,1,January,1,Saturday,True,2
2021-01-16,JUNCTION,GALITOS,1602.3051,1047.0,-555.3051,-34.6566393628779,102.0,10.264705882352942,2021,1,January,1,Saturday,True,2
2021-01-16,OASIS,CHICKEN INN,722.8682527328326,791.25,68.38174726716738,9.45978012018752,96.0,8.2421875,2021,1,January,1,Saturday,True,2
2021-01-16,OASIS,PIZZA INN,2393.068003567345,2182.5,-210.56800356734493,-8.79908148257598,147.0,14.846938775510203,2021,1,January,1,Saturday,True,2
2021-01-16,OASIS,CREAMY INN,155.4135857128295,85.0,-70.4135857128295,-45.3072267716276,16.0,5.3125,2021,1,January,1,Saturday,True,2
2021-01-17,LA PIAZZA,CHICKEN INN,1678.6215000000004,1012.75,-665.8715000000004,-39.66775714477625,154.0,6.576298701298701,2021,1,January,1,Sunday,True,2
2021-01-17,LA PIAZZA,PIZZA INN,2340.2205000000004,2407.75,67.52949999999964,2.885604155676768,197.0,12.222081218274113,2021,1,January,1,Sunday,True,2
2021-01-17,LA PIAZZA,CREAMY INN,603.9719999999998,424.25,-179.72199999999975,-29.756677461869064,96.0,4.419270833333333,2021,1,January,1,Sunday,True,2
2021-01-17,LA PIAZZA,GALITOS,889.6560000000002,592.5,-297.1560000000002,-33.40122474304677,81.0,7.314814814814815,2021,1,January,1,Sunday,True,2
2021-01-17,CARREFOUR,CHICKEN INN,2169.163500000001,2140.0,-29.163500000000568,-1.3444583591785757,242.0,8.84297520661157,2021,1,January,1,Sunday,True,2
2021-01-17,CARREFOUR,PIZZA INN,5363.28,6811.75,1448.4700000000005,27.00716725585836,425.0,16.02764705882353,2021,1,January,1,Sunday,True,2
2021-01-17,CARREFOUR,CREAMY INN,1007.5795,1158.25,150.67050000000006,14.953708367429078,209.0,5.541866028708134,2021,1,January,1,Sunday,True,2
2021-01-17,CARREFOUR,GALITOS,1680.4645000000005,1097.25,-583.2145000000003,-34.70555313724272,99.0,11.083333333333334,2021,1,January,1,Sunday,True,2
2021-01-17,CITY MARKET,CHICKEN INN,555.338,360.5,-194.838,-35.08457912118385,69.0,5.22463768115942,2021,1,January,1,Sunday,True,2
2021-01-17,CITY MARKET,PIZZA INN,354.879,328.5,-26.37899999999996,-7.433237807816176,35.0,9.385714285714286,2021,1,January,1,Sunday,True,2
2021-01-17,JUNCTION,CHICKEN INN,3242.151000000001,3635.0,392.8489999999988,12.116924844030974,345.0,10.53623188405797,2021,1,January,1,Sunday,True,2
2021-01-17,JUNCTION,PIZZA INN,7143.661799999999,8289.5,1145.838200000001,16.039927870045602,432.0,19.18865740740741,2021,1,January,1,Sunday,True,2
2021-01-17,JUNCTION,CREAMY INN,888.9012,909.5,20.598799999999983,2.3173329049392644,168.0,5.413690476190476,2021,1,January,1,Sunday,True,2
2021-01-17,JUNCTION,GALITOS,2373.6042,1796.75,-576.8541999999998,-24.302880825708,174.0,10.326149425287356,2021,1,January,1,Sunday,True,2
2021-01-17,OASIS,CHICKEN INN,890.7606902645784,997.25,106.48930973542156,11.954873053927823,127.0,7.852362204724409,2021,1,January,1,Sunday,True,2
2021-01-17,OASIS,PIZZA INN,3080.3937310019187,3365.75,285.3562689980813,9.263629714804908,223.0,15.09304932735426,2021,1,January,1,Sunday,True,2
2021-01-17,OASIS,CREAMY INN,172.4176174611535,140.5,-31.917617461153498,-18.511807511981598,27.0,5.203703703703703,2021,1,January,1,Sunday,True,2
2021-01-18,LA PIAZZA,CHICKEN INN,1091.3505000000002,947.0,-144.35050000000024,-13.226777281908994,115.0,8.234782608695653,2021,1,January,1,Monday,False,3
2021-01-18,LA PIAZZA,PIZZA INN,1179.9665,1805.97,626.0035,53.05265022354448,139.0,12.992589928057557,2021,1,January,1,Monday,False,3
2021-01-18,LA PIAZZA,CREAMY INN,438.43449999999984,286.0,-152.43449999999984,-34.76790717883741,71.0,4.028169014084507,2021,1,January,1,Monday,False,3
2021-01-18,LA PIAZZA,GALITOS,491.8150000000001,378.5,-113.31500000000013,-23.040167542673583,60.0,6.308333333333334,2021,1,January,1,Monday,False,3
2021-01-18,CARREFOUR,CHICKEN INN,1104.5935000000002,1393.5,288.9064999999998,26.15500634396271,159.0,8.764150943396226,2021,1,January,1,Monday,False,3
2021-01-18,CARREFOUR,PIZZA INN,1984.644,3510.75,1526.1060000000004,76.8957052247154,223.0,15.743273542600896,2021,1,January,1,Monday,False,3
2021-01-18,CARREFOUR,CREAMY INN,598.215,732.25,134.03499999999997,22.40582399304597,154.0,4.75487012987013,2021,1,January,1,Monday,False,3
2021-01-18,CARREFOUR,GALITOS,761.3775,506.25,-255.12750000000003,-33.50867342415557,56.0,9.040178571428571,2021,1,January,1,Monday,False,3
2021-01-18,CITY MARKET,CHICKEN INN,565.089,334.25,-230.83900000000008,-40.85002539422994,83.0,4.02710843373494,2021,1,January,1,Monday,False,3
2021-01-18,CITY MARKET,PIZZA INN,319.94199999999995,307.25,-12.69199999999995,-3.966969013133616,52.0,5.908653846153846,2021,1,January,1,Monday,False,3
2021-01-18,JUNCTION,CHICKEN INN,1515.3039000000003,1658.25,142.94609999999966,9.433493835790935,184.0,9.012228260869565,2021,1,January,1,Monday,False,3
2021-01-18,JUNCTION,PIZZA INN,2824.915499999999,4396.75,1571.8345000000008,55.64182362268893,279.0,15.758960573476704,2021,1,January,1,Monday,False,3
2021-01-18,JUNCTION,CREAMY INN,373.8042,621.0,247.1958,66.12975456134522,104.0,5.971153846153846,2021,1,January,1,Monday,False,3
2021-01-18,JUNCTION,GALITOS,1382.0993999999998,957.0,-425.09939999999983,-30.75751280986012,85.0,11.258823529411766,2021,1,January,1,Monday,False,3
2021-01-18,OASIS,CHICKEN INN,416.3202601990492,483.0,66.67973980095081,16.01645323940521,65.0,7.430769230769231,2021,1,January,1,Monday,False,3
2021-01-18,OASIS,PIZZA INN,1218.122055667606,1650.25,432.127944332394,35.47492981691077,107.0,15.42289719626168,2021,1,January,1,Monday,False,3
2021-01-18,OASIS,CREAMY INN,72.5057290517467,81.0,8.494270948253302,11.715310030454305,16.0,5.0625,2021,1,January,1,Monday,False,3
2021-01-19,LA PIAZZA,CHICKEN INN,1173.1075,840.5,-332.6075000000001,-28.352687200448383,143.0,5.8776223776223775,2021,1,January,1,Tuesday,False,3
2021-01-19,LA PIAZZA,PIZZA INN,3777.599,3119.47,-658.1290000000004,-17.421886229851296,242.0,12.890371900826445,2021,1,January,1,Tuesday,False,3
2021-01-19,LA PIAZZA,CREAMY INN,386.9065,363.25,-23.656499999999937,-6.114267917442571,116.0,3.1314655172413794,2021,1,January,1,Tuesday,False,3
2021-01-19,LA PIAZZA,GALITOS,418.8645000000001,479.75,60.885499999999865,14.535846317842608,78.0,6.1506410256410255,2021,1,January,1,Tuesday,False,3
2021-01-19,CARREFOUR,CHICKEN INN,1359.3645000000004,876.75,-482.6145000000004,-35.50295009175245,146.0,6.00513698630137,2021,1,January,1,Tuesday,False,3
2021-01-19,CARREFOUR,PIZZA INN,7066.421999999999,5932.75,-1133.671999999999,-16.043083755824362,395.0,15.019620253164558,2021,1,January,1,Tuesday,False,3
2021-01-19,CARREFOUR,CREAMY INN,531.1355000000001,451.75,-79.38550000000009,-14.94637432444265,151.0,2.991721854304636,2021,1,January,1,Tuesday,False,3
2021-01-19,CARREFOUR,GALITOS,875.5010000000001,380.0,-495.5010000000001,-56.59628030122183,52.0,7.3076923076923075,2021,1,January,1,Tuesday,False,3
2021-01-19,CITY MARKET,CHICKEN INN,517.363,742.25,224.88699999999997,43.46793257345421,192.0,3.8658854166666665,2021,1,January,1,Tuesday,False,3
2021-01-19,CITY MARKET,PIZZA INN,618.6949999999998,870.29,251.5950000000001,40.66543288696373,97.0,8.972061855670102,2021,1,January,1,Tuesday,False,3
2021-01-19,JUNCTION,CHICKEN INN,1515.3039000000006,1694.5,179.19609999999943,11.82575323669393,190.0,8.91842105263158,2021,1,January,1,Tuesday,False,3
2021-01-19,JUNCTION,PIZZA INN,2621.2229999999995,4763.75,2142.5270000000005,81.73768504244015,344.0,13.84811046511628,2021,1,January,1,Tuesday,False,3
2021-01-19,JUNCTION,CREAMY INN,276.903,292.0,15.097000000000037,5.4520897209492265,56.0,5.214285714285714,2021,1,January,1,Tuesday,False,3
2021-01-19,JUNCTION,GALITOS,1802.9979,924.0,-878.9979000000001,-48.75202017706177,103.0,8.970873786407767,2021,1,January,1,Tuesday,False,3
2021-01-19,OASIS,CHICKEN INN,416.3202601990493,388.5,-27.820260199049244,-6.682418046565387,54.0,7.194444444444445,2021,1,January,1,Tuesday,False,3
2021-01-19,OASIS,PIZZA INN,1130.2885162841894,1789.25,658.9614837158106,58.30029007833672,132.0,13.554924242424242,2021,1,January,1,Tuesday,False,3
2021-01-19,OASIS,CREAMY INN,53.71008108420349,57.5,3.789918915796513,7.05625245632175,11.0,5.227272727272728,2021,1,January,1,Tuesday,False,3
2021-01-20,LA PIAZZA,CHICKEN INN,998.6495000000004,644.0,-354.6495000000004,-35.51291018520514,116.0,5.551724137931035,2021,1,January,1,Wednesday,False,3
2021-01-20,LA PIAZZA,PIZZA INN,1531.343,1338.25,-193.09300000000007,-12.609389274643243,110.0,12.165909090909093,2021,1,January,1,Wednesday,False,3
2021-01-20,LA PIAZZA,CREAMY INN,420.2989999999999,275.5,-144.79899999999986,-34.45142624655303,96.0,2.8697916666666665,2021,1,January,1,Wednesday,False,3
2021-01-20,LA PIAZZA,GALITOS,511.6795000000001,476.25,-35.429500000000075,-6.924158579735962,78.0,6.105769230769231,2021,1,January,1,Wednesday,False,3
2021-01-20,CARREFOUR,CHICKEN INN,1519.1355000000003,981.75,-537.3855000000003,-35.37442841668832,149.0,6.5889261744966445,2021,1,January,1,Wednesday,False,3
2021-01-20,CARREFOUR,PIZZA INN,2723.571,2196.5,-527.0709999999999,-19.352203412358257,166.0,13.231927710843374,2021,1,January,1,Wednesday,False,3
2021-01-20,CARREFOUR,CREAMY INN,527.3925,509.5,-17.89250000000004,-3.392634517934942,137.0,3.718978102189781,2021,1,January,1,Wednesday,False,3
2021-01-20,CARREFOUR,GALITOS,943.1505,712.75,-230.4005,-24.428815973696665,59.0,12.080508474576272,2021,1,January,1,Wednesday,False,3
2021-01-20,CITY MARKET,CHICKEN INN,615.363,377.5,-237.86300000000008,-38.65409522509479,106.0,3.561320754716981,2021,1,January,1,Wednesday,False,3
2021-01-20,CITY MARKET,PIZZA INN,326.34699999999987,399.25,72.90300000000013,22.33910530815364,55.0,7.259090909090909,2021,1,January,1,Wednesday,False,3
2021-01-20,JUNCTION,CHICKEN INN,1830.1734000000004,1384.5,-445.6734000000004,-24.351430307095505,175.0,7.911428571428571,2021,1,January,1,Wednesday,False,3
2021-01-20,JUNCTION,PIZZA INN,4281.245099999999,3476.25,-804.9950999999992,-18.802826775790045,232.0,14.983836206896552,2021,1,January,1,Wednesday,False,3
2021-01-20,JUNCTION,CREAMY INN,456.9047999999999,481.0,24.09520000000009,5.273571212208779,72.0,6.680555555555555,2021,1,January,1,Wednesday,False,3
2021-01-20,JUNCTION,GALITOS,1443.9051,804.5,-639.4051,-44.2830418702725,99.0,8.126262626262626,2021,1,January,1,Wednesday,False,3
2021-01-20,OASIS,CHICKEN INN,502.828684132192,467.0,-35.82868413219194,-7.125425669386177,63.0,7.412698412698413,2021,1,January,1,Wednesday,False,3
2021-01-20,OASIS,PIZZA INN,1846.1009124091904,1252.5,-593.6009124091906,-32.154304698031495,90.0,13.916666666666666,2021,1,January,1,Wednesday,False,3
2021-01-20,OASIS,CREAMY INN,88.62451420086374,60.5,-28.124514200863743,-31.73446360125677,12.0,5.041666666666667,2021,1,January,1,Wednesday,False,3
2021-01-21,LA PIAZZA,CHICKEN INN,1078.3925000000004,819.0,-259.3925000000004,-24.053626114795893,116.0,7.060344827586207,2021,1,January,1,Thursday,False,3
2021-01-21,LA PIAZZA,PIZZA INN,2045.1505000000004,1806.25,-238.9005000000004,-11.681316362781144,157.0,11.504777070063694,2021,1,January,1,Thursday,False,3
2021-01-21,LA PIAZZA,CREAMY INN,566.8364999999998,395.25,-171.58649999999977,-30.27089822197404,70.0,5.646428571428571,2021,1,January,1,Thursday,False,3
2021-01-21,LA PIAZZA,GALITOS,671.7355000000001,292.0,-379.7355000000001,-56.53050940437122,49.0,5.959183673469388,2021,1,January,1,Thursday,False,3
2021-01-21,CARREFOUR,CHICKEN INN,1880.1355000000008,889.5,-990.6355000000008,-52.68958008611615,121.0,7.351239669421488,2021,1,January,1,Thursday,False,3
2021-01-21,CARREFOUR,PIZZA INN,3603.978,3317.5,-286.4779999999996,-7.9489386450194655,242.0,13.708677685950413,2021,1,January,1,Thursday,False,3
2021-01-21,CARREFOUR,CREAMY INN,1148.9205000000002,726.5,-422.4205000000002,-36.76673016105119,164.0,4.429878048780488,2021,1,January,1,Thursday,False,3
2021-01-21,CARREFOUR,GALITOS,884.7064999999999,647.75,-236.9564999999999,-26.78362824281272,63.0,10.281746031746032,2021,1,January,1,Thursday,False,3
2021-01-21,CITY MARKET,CHICKEN INN,513.541,363.0,-150.54100000000005,-29.314309860361693,93.0,3.903225806451613,2021,1,January,1,Thursday,False,3
2021-01-21,CITY MARKET,PIZZA INN,315.55299999999994,299.64,-15.912999999999954,-5.042892953006295,41.0,7.308292682926829,2021,1,January,1,Thursday,False,3
2021-01-21,JUNCTION,CHICKEN INN,2529.3015000000005,1438.25,-1091.0515000000005,-43.13647463538848,159.0,9.04559748427673,2021,1,January,1,Thursday,False,3
2021-01-21,JUNCTION,PIZZA INN,5084.9964,3309.25,-1775.7464,-34.92129119304784,228.0,14.514254385964913,2021,1,January,1,Thursday,False,3
2021-01-21,JUNCTION,CREAMY INN,764.3987999999999,305.5,-458.8988,-60.03395086439173,60.0,5.091666666666667,2021,1,January,1,Thursday,False,3
2021-01-21,JUNCTION,GALITOS,1441.7964,1000.5,-441.2964,-30.60740060108348,107.0,9.350467289719626,2021,1,January,1,Thursday,False,3
2021-01-21,OASIS,CHICKEN INN,694.9097528237374,341.75,-353.15975282373745,-50.8209521292063,48.0,7.119791666666667,2021,1,January,1,Thursday,False,3
2021-01-21,OASIS,PIZZA INN,2192.683734373781,1340.0,-852.6837343737811,-38.88767545481442,89.0,15.0561797752809,2021,1,January,1,Thursday,False,3
2021-01-21,OASIS,CREAMY INN,148.26824385675795,83.5,-64.76824385675795,-43.68315302859498,10.0,8.35,2021,1,January,1,Thursday,False,3
2021-01-22,LA PIAZZA,CHICKEN INN,1027.1495000000002,914.5,-112.64950000000022,-10.967196109232413,159.0,5.751572327044025,2021,1,January,1,Friday,False,3
2021-01-22,LA PIAZZA,PIZZA INN,1339.937,1275.5,-64.43700000000013,-4.80895743605857,130.0,9.81153846153846,2021,1,January,1,Friday,False,3
2021-01-22,LA PIAZZA,CREAMY INN,278.3784999999999,297.0,18.621500000000083,6.689273776530906,79.0,3.759493670886076,2021,1,January,1,Friday,False,3
2021-01-22,LA PIAZZA,GALITOS,973.8925000000004,931.0,-42.89250000000027,-4.404233526800983,120.0,7.758333333333334,2021,1,January,1,Friday,False,3
2021-01-22,CARREFOUR,CHICKEN INN,1213.1215000000004,832.75,-380.3715000000004,-31.354773615008902,119.0,6.9978991596638656,2021,1,January,1,Friday,False,3
2021-01-22,CARREFOUR,PIZZA INN,2885.0309999999995,3267.5,382.4690000000005,13.25701526257432,221.0,14.785067873303168,2021,1,January,1,Friday,False,3
2021-01-22,CARREFOUR,CREAMY INN,629.8785,562.5,-67.37850000000003,-10.697063005008111,143.0,3.9335664335664338,2021,1,January,1,Friday,False,3
2021-01-22,CARREFOUR,GALITOS,1682.1935,1212.5,-469.6935000000001,-27.921490601408223,113.0,10.730088495575222,2021,1,January,1,Friday,False,3
2021-01-22,CITY MARKET,CHICKEN INN,496.5730000000001,497.75,1.1769999999999072,0.2370245663779357,121.0,4.113636363636363,2021,1,January,1,Friday,False,3
2021-01-22,CITY MARKET,PIZZA INN,330.68699999999995,459.26,128.57300000000004,38.88057286799906,73.0,6.291232876712328,2021,1,January,1,Friday,False,3
2021-01-22,JUNCTION,CHICKEN INN,1676.3967000000005,1324.5,-351.89670000000046,-20.991254635612226,185.0,7.15945945945946,2021,1,January,1,Friday,False,3
2021-01-22,JUNCTION,PIZZA INN,3609.153899999999,3528.75,-80.40389999999888,-2.22777698673362,244.0,14.462090163934429,2021,1,January,1,Friday,False,3
2021-01-22,JUNCTION,CREAMY INN,373.4973,329.0,-44.49729999999994,-11.91368719399041,67.0,4.91044776119403,2021,1,January,1,Friday,False,3
2021-01-22,JUNCTION,GALITOS,1871.7039,1603.75,-267.9539,-14.31604112167528,152.0,10.550986842105264,2021,1,January,1,Friday,False,3
2021-01-22,OASIS,CHICKEN INN,460.57949850246376,401.0,-59.57949850246376,-12.93576867754244,59.0,6.796610169491525,2021,1,January,1,Friday,False,3
2021-01-22,OASIS,PIZZA INN,1556.290787419573,1625.75,69.45921258042699,4.463125602355758,110.0,14.779545454545454,2021,1,January,1,Friday,False,3
2021-01-22,OASIS,CREAMY INN,72.44620053856792,59.5,-12.946200538567922,-17.870089034794585,11.0,5.409090909090909,2021,1,January,1,Friday,False,3
2021-01-23,LA PIAZZA,CHICKEN INN,1414.0560000000005,1082.25,-331.80600000000027,-23.46484156214465,168.0,6.441964285714286,2021,1,January,1,Saturday,True,3
2021-01-23,LA PIAZZA,PIZZA INN,1995.9405,1721.25,-274.6904999999997,-13.762459351869444,148.0,11.630067567567568,2021,1,January,1,Saturday,True,3
2021-01-23,LA PIAZZA,CREAMY INN,537.7569999999997,418.5,-119.25699999999972,-22.176745258546102,132.0,3.1704545454545454,2021,1,January,1,Saturday,True,3
2021-01-23,LA PIAZZA,GALITOS,780.957,650.0,-130.957,-16.768784965113316,78.0,8.333333333333334,2021,1,January,1,Saturday,True,3
2021-01-23,CARREFOUR,CHICKEN INN,1995.5795000000005,1404.0,-591.5795000000003,-29.644496748939357,189.0,7.428571428571429,2021,1,January,1,Saturday,True,3
2021-01-23,CARREFOUR,PIZZA INN,4192.38,4329.0,136.6199999999999,3.258769481774073,285.0,15.189473684210526,2021,1,January,1,Saturday,True,3
2021-01-23,CARREFOUR,CREAMY INN,774.2215000000001,715.75,-58.471500000000106,-7.552296080643601,162.0,4.41820987654321,2021,1,January,1,Saturday,True,3
2021-01-23,CARREFOUR,GALITOS,1027.0355,916.25,-110.78549999999996,-10.78692021843451,79.0,11.598101265822784,2021,1,January,1,Saturday,True,3
2021-01-23,CITY MARKET,CHICKEN INN,735.217,512.25,-222.967,-30.32669266352655,146.0,3.5085616438356166,2021,1,January,1,Saturday,True,3
2021-01-23,CITY MARKET,PIZZA INN,491.4769999999999,361.0,-130.47699999999986,-26.54793611908592,63.0,5.73015873015873,2021,1,January,1,Saturday,True,3
2021-01-23,JUNCTION,CHICKEN INN,2299.2948000000006,1994.25,-305.0448000000006,-13.266885133650566,217.0,9.190092165898616,2021,1,January,1,Saturday,True,3
2021-01-23,JUNCTION,PIZZA INN,5289.6591,5347.25,57.59090000000015,1.0887450195041897,322.0,16.606366459627328,2021,1,January,1,Saturday,True,3
2021-01-23,JUNCTION,CREAMY INN,616.5027,542.0,-74.5027,-12.084732151213611,84.0,6.4523809523809526,2021,1,January,1,Saturday,True,3
2021-01-23,JUNCTION,GALITOS,1841.697,1011.25,-830.4469999999999,-45.09140211446291,93.0,10.873655913978494,2021,1,January,1,Saturday,True,3
2021-01-23,OASIS,CHICKEN INN,631.7168519201467,609.75,-21.966851920146723,-3.477325617225022,74.0,8.239864864864865,2021,1,January,1,Saturday,True,3
2021-01-23,OASIS,PIZZA INN,2280.935630348185,1885.0,-395.93563034818544,-17.35847452598852,127.0,14.84251968503937,2021,1,January,1,Saturday,True,3
2021-01-23,OASIS,CREAMY INN,119.58126132844492,18.0,-101.58126132844492,-84.9474743784808,6.0,3.0,2021,1,January,1,Saturday,True,3
2021-01-24,LA PIAZZA,CHICKEN INN,1306.1075000000003,1310.0,3.8924999999997,0.2980229422156827,168.0,7.797619047619047,2021,1,January,1,Sunday,True,3
2021-01-24,LA PIAZZA,PIZZA INN,2364.93,3290.25,925.3200000000002,39.12673948066117,237.0,13.882911392405065,2021,1,January,1,Sunday,True,3
2021-01-24,LA PIAZZA,CREAMY INN,417.42049999999983,426.5,9.079500000000166,2.175144728157857,105.0,4.061904761904762,2021,1,January,1,Sunday,True,3
2021-01-24,LA PIAZZA,GALITOS,871.5205000000002,874.75,3.229499999999802,0.3705592696901337,96.0,9.111979166666666,2021,1,January,1,Sunday,True,3
2021-01-24,CARREFOUR,CHICKEN INN,2369.243000000001,2255.5,-113.74300000000083,-4.800816125657048,263.0,8.576045627376425,2021,1,January,1,Sunday,True,3
2021-01-24,CARREFOUR,PIZZA INN,5538.977999999999,6661.0,1122.0220000000008,20.256841605075905,417.0,15.973621103117503,2021,1,January,1,Sunday,True,3
2021-01-24,CARREFOUR,CREAMY INN,1067.1635,1177.55,110.38650000000008,10.343916372702036,224.0,5.256919642857143,2021,1,January,1,Sunday,True,3
2021-01-24,CARREFOUR,GALITOS,1668.542,1363.25,-305.2919999999999,-18.29693229178528,126.0,10.819444444444445,2021,1,January,1,Sunday,True,3
2021-01-24,CITY MARKET,CHICKEN INN,366.331,427.5,61.16900000000004,16.697740567956316,83.0,5.150602409638554,2021,1,January,1,Sunday,True,3
2021-01-24,CITY MARKET,PIZZA INN,391.958,257.0,-134.95799999999997,-34.43175034059771,35.0,7.3428571428571425,2021,1,January,1,Sunday,True,3
2021-01-24,JUNCTION,CHICKEN INN,3685.245300000001,3269.25,-415.99530000000095,-11.28813053502845,339.0,9.643805309734514,2021,1,January,1,Sunday,True,3
2021-01-24,JUNCTION,PIZZA INN,7047.5328,7576.5,528.9672,7.505707529307279,434.0,17.457373271889402,2021,1,January,1,Sunday,True,3
2021-01-24,JUNCTION,CREAMY INN,1007.4042,883.5,-123.90419999999996,-12.29935312955812,157.0,5.627388535031847,2021,1,January,1,Sunday,True,3
2021-01-24,JUNCTION,GALITOS,2538.9045,1893.25,-645.6545000000001,-25.43043663123209,155.0,12.214516129032258,2021,1,January,1,Sunday,True,3
2021-01-24,OASIS,CHICKEN INN,1012.4980752661716,1035.75,23.25192473382845,2.29649075902844,118.0,8.777542372881356,2021,1,January,1,Sunday,True,3
2021-01-24,OASIS,PIZZA INN,3038.9422769356747,3201.75,162.80772306432527,5.357381227671519,189.0,16.94047619047619,2021,1,January,1,Sunday,True,3
2021-01-24,OASIS,CREAMY INN,195.4033046466349,135.0,-60.40330464663489,-30.912120322564423,41.0,3.292682926829268,2021,1,January,1,Sunday,True,3
2021-01-25,LA PIAZZA,CHICKEN INN,1094.514,880.75,-213.76400000000007,-19.530494813223047,135.0,6.524074074074074,2021,1,January,1,Monday,False,4
2021-01-25,LA PIAZZA,PIZZA INN,1216.4085,1673.75,457.3415,37.59769024961598,141.0,11.870567375886525,2021,1,January,1,Monday,False,4
2021-01-25,LA PIAZZA,CREAMY INN,452.8269999999999,273.75,-179.07699999999988,-39.54644930624718,93.0,2.943548387096774,2021,1,January,1,Monday,False,4
2021-01-25,LA PIAZZA,GALITOS,733.9225000000001,671.75,-62.17250000000013,-8.471262292680782,71.0,9.461267605633802,2021,1,January,1,Monday,False,4
2021-01-25,CARREFOUR,CHICKEN INN,1236.7290000000005,1155.5,-81.22900000000027,-6.568051691195101,148.0,7.807432432432432,2021,1,January,1,Monday,False,4
2021-01-25,CARREFOUR,PIZZA INN,2216.582999999999,2265.25,48.667000000000826,2.1955866304127047,166.0,13.646084337349398,2021,1,January,1,Monday,False,4
2021-01-25,CARREFOUR,CREAMY INN,517.8355000000001,679.03,161.19449999999983,31.12851475034056,154.0,4.409285714285714,2021,1,January,1,Monday,False,4
2021-01-25,CARREFOUR,GALITOS,898.3580000000001,656.5,-241.8580000000001,-26.92222922264844,71.0,9.246478873239436,2021,1,January,1,Monday,False,4
2021-01-25,CITY MARKET,CHICKEN INN,737.3310000000001,478.0,-259.33100000000013,-35.17158508186962,121.0,3.950413223140496,2021,1,January,1,Monday,False,4
2021-01-25,CITY MARKET,PIZZA INN,418.02599999999984,361.25,-56.77599999999984,-13.581930310554814,71.0,5.088028169014085,2021,1,January,1,Monday,False,4
2021-01-25,JUNCTION,CHICKEN INN,1732.2624000000003,1051.0,-681.2624000000003,-39.32789859088324,156.0,6.737179487179487,2021,1,January,1,Monday,False,4
2021-01-25,JUNCTION,PIZZA INN,2918.8764,2934.5,15.623600000000351,0.5352607599280447,200.0,14.6725,2021,1,January,1,Monday,False,4
2021-01-25,JUNCTION,CREAMY INN,455.697,322.0,-133.697,-29.33901254561693,52.0,6.1923076923076925,2021,1,January,1,Monday,False,4
2021-01-25,JUNCTION,GALITOS,1503.2952,793.5,-709.7952,-47.21595598788581,77.0,10.305194805194803,2021,1,January,1,Monday,False,4
2021-01-25,OASIS,CHICKEN INN,475.9282498388801,472.25,-3.678249838880106,-0.7728580600385319,65.0,7.265384615384615,2021,1,January,1,Monday,False,4
2021-01-25,OASIS,PIZZA INN,1258.638610821337,1518.75,260.11138917866333,20.666090086726737,104.0,14.603365384615383,2021,1,January,1,Monday,False,4
2021-01-25,OASIS,CREAMY INN,88.390240697386,43.5,-44.890240697386005,-50.786422056562586,14.0,3.107142857142857,2021,1,January,1,Monday,False,4
2021-01-26,LA PIAZZA,CHICKEN INN,973.0280000000002,780.0,-193.02800000000025,-19.83786694730267,134.0,5.82089552238806,2021,1,January,1,Tuesday,False,4
2021-01-26,LA PIAZZA,PIZZA INN,4458.597000000001,3774.25,-684.3470000000007,-15.348931513657783,281.0,13.431494661921707,2021,1,January,1,Tuesday,False,4
2021-01-26,LA PIAZZA,CREAMY INN,525.084,299.0,-226.08399999999995,-43.05672997082371,87.0,3.4367816091954024,2021,1,January,1,Tuesday,False,4
2021-01-26,LA PIAZZA,GALITOS,495.72900000000016,545.75,50.02099999999984,10.09039212957076,73.0,7.476027397260274,2021,1,January,1,Tuesday,False,4
2021-01-26,CARREFOUR,CHICKEN INN,1417.5140000000004,842.75,-574.7640000000004,-40.5473244003234,137.0,6.151459854014599,2021,1,January,1,Tuesday,False,4
2021-01-26,CARREFOUR,PIZZA INN,8246.546999999999,5922.75,-2323.7969999999987,-28.179030568794417,398.0,14.881281407035177,2021,1,January,1,Tuesday,False,4
2021-01-26,CARREFOUR,CREAMY INN,753.9010000000001,598.0,-155.90100000000007,-20.679240377715384,149.0,4.0134228187919465,2021,1,January,1,Tuesday,False,4
2021-01-26,CARREFOUR,GALITOS,778.0785,665.5,-112.57849999999996,-14.46878431931996,74.0,8.993243243243244,2021,1,January,1,Tuesday,False,4
2021-01-26,CITY MARKET,CHICKEN INN,719.726,557.75,-161.976,-22.50523115741268,119.0,4.686974789915967,2021,1,January,1,Tuesday,False,4
2021-01-26,CITY MARKET,PIZZA INN,767.6129999999997,800.39,32.77700000000027,4.269990216424199,94.0,8.514787234042553,2021,1,January,1,Tuesday,False,4
2021-01-26,JUNCTION,CHICKEN INN,1743.6969000000004,1325.0,-418.6969000000004,-24.01202296110065,175.0,7.571428571428571,2021,1,January,1,Tuesday,False,4
2021-01-26,JUNCTION,PIZZA INN,3136.617,5693.0,2556.3830000000003,81.50127988211504,368.0,15.470108695652174,2021,1,January,1,Tuesday,False,4
2021-01-26,JUNCTION,CREAMY INN,409.8006,432.5,22.699400000000026,5.539132934407618,95.0,4.552631578947368,2021,1,January,1,Tuesday,False,4
2021-01-26,JUNCTION,GALITOS,1482.0003,1011.25,-470.7502999999999,-31.764521235252108,94.0,10.757978723404255,2021,1,January,1,Tuesday,False,4
2021-01-26,OASIS,CHICKEN INN,479.0698071299595,626.0,146.9301928700405,30.66989208739304,77.0,8.12987012987013,2021,1,January,1,Tuesday,False,4
2021-01-26,OASIS,PIZZA INN,1352.529782884465,2552.75,1200.220217115535,88.73891224457121,171.0,14.928362573099417,2021,1,January,1,Tuesday,False,4
2021-01-26,OASIS,CREAMY INN,79.48784756523129,98.0,18.51215243476871,23.289286352328016,16.0,6.125,2021,1,January,1,Tuesday,False,4
2021-01-27,LA PIAZZA,CHICKEN INN,1216.5795000000005,617.75,-598.8295000000003,-49.22238949448023,106.0,5.827830188679245,2021,1,January,1,Wednesday,False,4
2021-01-27,LA PIAZZA,PIZZA INN,1172.832,1545.75,372.9180000000001,31.79636981255629,145.0,10.660344827586206,2021,1,January,1,Wednesday,False,4
2021-01-27,LA PIAZZA,CREAMY INN,265.7149999999999,293.25,27.53500000000008,10.362606552132958,95.0,3.086842105263158,2021,1,January,1,Wednesday,False,4
2021-01-27,LA PIAZZA,GALITOS,463.54300000000006,724.42,260.8769999999999,56.27892126512531,92.0,7.874130434782608,2021,1,January,1,Wednesday,False,4
2021-01-27,CARREFOUR,CHICKEN INN,1323.3785000000005,788.25,-535.1285000000003,-40.43654177546334,121.0,6.514462809917355,2021,1,January,1,Wednesday,False,4
2021-01-27,CARREFOUR,PIZZA INN,2732.778,2373.0,-359.7779999999998,-13.165284556594054,179.0,13.256983240223464,2021,1,January,1,Wednesday,False,4
2021-01-27,CARREFOUR,CREAMY INN,556.0065000000001,448.0,-108.00650000000007,-19.42540240087122,131.0,3.4198473282442747,2021,1,January,1,Wednesday,False,4
2021-01-27,CARREFOUR,GALITOS,967.385,707.0,-260.385,-26.9163776572926,68.0,10.397058823529411,2021,1,January,1,Wednesday,False,4
2021-01-27,CITY MARKET,CHICKEN INN,488.2010000000001,460.5,-27.70100000000008,-5.674097349247559,119.0,3.869747899159664,2021,1,January,1,Wednesday,False,4
2021-01-27,CITY MARKET,PIZZA INN,292.3479999999999,385.5,93.1520000000001,31.863395679122185,58.0,6.646551724137931,2021,1,January,1,Wednesday,False,4
2021-01-27,JUNCTION,CHICKEN INN,1596.5928000000004,1466.5,-130.09280000000035,-8.148151488594984,194.0,7.559278350515464,2021,1,January,1,Wednesday,False,4
2021-01-27,JUNCTION,PIZZA INN,2778.0687,3134.5,356.4313000000002,12.830183069266798,203.0,15.44088669950739,2021,1,January,1,Wednesday,False,4
2021-01-27,JUNCTION,CREAMY INN,316.1961,484.0,167.8039,53.06956663918372,80.0,6.05,2021,1,January,1,Wednesday,False,4
2021-01-27,JUNCTION,GALITOS,1440.5985,1057.5,-383.09850000000006,-26.593009780310062,102.0,10.367647058823527,2021,1,January,1,Wednesday,False,4
2021-01-27,OASIS,CHICKEN INN,438.6538765774499,459.0,20.34612342255008,4.638309270465939,56.0,8.196428571428571,2021,1,January,1,Wednesday,False,4
2021-01-27,OASIS,PIZZA INN,1197.9214088456215,1811.75,613.8285911543783,51.24114041386862,104.0,17.420673076923077,2021,1,January,1,Wednesday,False,4
2021-01-27,OASIS,CREAMY INN,61.33165104570523,38.0,-23.33165104570523,-38.04177883344139,14.0,2.7142857142857144,2021,1,January,1,Wednesday,False,4
2021-01-28,LA PIAZZA,CHICKEN INN,852.1215000000002,913.5,61.3784999999998,7.203022104242152,140.0,6.525,2021,1,January,1,Thursday,False,4
2021-01-28,LA PIAZZA,PIZZA INN,1190.2075,1822.5,632.2925,53.12456021324014,169.0,10.784023668639051,2021,1,January,1,Thursday,False,4
2021-01-28,LA PIAZZA,CREAMY INN,380.8549999999999,378.0,-2.8549999999999045,-0.7496291239447835,98.0,3.857142857142857,2021,1,January,1,Thursday,False,4
2021-01-28,LA PIAZZA,GALITOS,564.9935000000002,552.96,-12.033500000000116,-2.1298475115200644,96.0,5.760000000000001,2021,1,January,1,Thursday,False,4
2021-01-28,CARREFOUR,CHICKEN INN,1214.8505000000005,936.5,-278.35050000000047,-22.912325426050398,150.0,6.243333333333333,2021,1,January,1,Thursday,False,4
2021-01-28,CARREFOUR,PIZZA INN,2390.886,3181.25,790.364,33.05736869093717,230.0,13.831521739130435,2021,1,January,1,Thursday,False,4
2021-01-28,CARREFOUR,CREAMY INN,621.8225,492.75,-129.0725,-20.757129245081995,125.0,3.942,2021,1,January,1,Thursday,False,4
2021-01-28,CARREFOUR,GALITOS,852.758,450.0,-402.758,-47.23004650791901,57.0,7.894736842105263,2021,1,January,1,Thursday,False,4
2021-01-28,CITY MARKET,CHICKEN INN,572.936,440.25,-132.68600000000004,-23.15895667229848,118.0,3.7309322033898304,2021,1,January,1,Thursday,False,4
2021-01-28,CITY MARKET,PIZZA INN,426.5519999999999,437.76,11.208000000000084,2.627581162437425,60.0,7.296,2021,1,January,1,Thursday,False,4
2021-01-28,JUNCTION,CHICKEN INN,1470.6054000000004,1416.5,-54.10540000000037,-3.6791242572616936,172.0,8.23546511627907,2021,1,January,1,Thursday,False,4
2021-01-28,JUNCTION,PIZZA INN,2976.7220999999995,3509.0,532.2779000000005,17.881343374310976,260.0,13.496153846153844,2021,1,January,1,Thursday,False,4
2021-01-28,JUNCTION,CREAMY INN,323.4033,455.0,131.5967,40.69120506809918,79.0,5.759493670886076,2021,1,January,1,Thursday,False,4
2021-01-28,JUNCTION,GALITOS,1434.3021,1287.0,-147.30209999999988,-10.269949406056082,116.0,11.094827586206897,2021,1,January,1,Thursday,False,4
2021-01-28,OASIS,CHICKEN INN,404.0396271521025,454.75,50.710372847897474,12.550841412594249,61.0,7.454918032786885,2021,1,January,1,Thursday,False,4
2021-01-28,OASIS,PIZZA INN,1283.582055322785,1538.0,254.41794467721505,19.820933427838863,110.0,13.981818181818182,2021,1,January,1,Thursday,False,4
2021-01-28,OASIS,CREAMY INN,62.72961096809709,52.0,-10.729610968097084,-17.104539311672013,12.0,4.333333333333333,2021,1,January,1,Thursday,False,4
2021-01-29,LA PIAZZA,CHICKEN INN,815.2805000000002,775.25,-40.03050000000019,-4.91002789837365,118.0,6.569915254237288,2021,1,January,1,Friday,False,4
2021-01-29,LA PIAZZA,PIZZA INN,1177.3730000000005,1344.25,166.87699999999973,14.173673084060844,141.0,9.53368794326241,2021,1,January,1,Friday,False,4
2021-01-29,LA PIAZZA,CREAMY INN,365.8924999999999,306.0,-59.89249999999993,-16.368878837363415,84.0,3.642857142857143,2021,1,January,1,Friday,False,4
2021-01-29,LA PIAZZA,GALITOS,613.2440000000001,805.75,192.50599999999983,31.391420054660102,118.0,6.828389830508475,2021,1,January,1,Friday,False,4
2021-01-29,CARREFOUR,CHICKEN INN,1157.5655000000002,1189.5,31.934499999999844,2.758763974911125,158.0,7.5284810126582276,2021,1,January,1,Friday,False,4
2021-01-29,CARREFOUR,PIZZA INN,2560.2119999999995,2740.5,180.2880000000005,7.041916841261603,209.0,13.11244019138756,2021,1,January,1,Friday,False,4
2021-01-29,CARREFOUR,CREAMY INN,601.958,565.0,-36.95799999999997,-6.139631004156431,144.0,3.923611111111111,2021,1,January,1,Friday,False,4
2021-01-29,CARREFOUR,GALITOS,930.544,1020.0,89.45600000000002,9.61330146666896,98.0,10.408163265306122,2021,1,January,1,Friday,False,4
2021-01-29,CITY MARKET,CHICKEN INN,552.5730000000001,522.5,-30.073000000000093,-5.442357842312253,137.0,3.8138686131386863,2021,1,January,1,Friday,False,4
2021-01-29,CITY MARKET,PIZZA INN,228.68999999999997,454.28,225.59000000000003,98.64445318990778,67.0,6.780298507462686,2021,1,January,1,Friday,False,4
2021-01-29,JUNCTION,CHICKEN INN,1371.0015,1566.5,195.49849999999992,14.259539468045798,189.0,8.288359788359788,2021,1,January,1,Friday,False,4
2021-01-29,JUNCTION,PIZZA INN,3127.261499999999,4142.5,1015.2385000000008,32.4641383523572,276.0,15.009057971014492,2021,1,January,1,Friday,False,4
2021-01-29,JUNCTION,CREAMY INN,356.4,418.5,62.10000000000002,17.42424242424243,60.0,6.975,2021,1,January,1,Friday,False,4
2021-01-29,JUNCTION,GALITOS,1464.903,2028.25,563.347,38.45626638760382,172.0,11.792151162790695,2021,1,January,1,Friday,False,4
2021-01-29,OASIS,CHICKEN INN,376.6740791819296,443.0,66.32592081807041,17.60830502648835,51.0,8.686274509803921,2021,1,January,1,Friday,False,4
2021-01-29,OASIS,PIZZA INN,1348.4956300427964,1623.5,275.0043699572036,20.393419439444237,122.0,13.307377049180328,2021,1,January,1,Friday,False,4
2021-01-29,OASIS,CREAMY INN,69.12988627212462,65.0,-4.129886272124622,-5.97409672549964,15.0,4.333333333333333,2021,1,January,1,Friday,False,4
2021-01-30,LA PIAZZA,CHICKEN INN,996.3505000000002,1402.5,406.14949999999976,40.763717185869794,206.0,6.808252427184466,2021,1,January,1,Saturday,True,4
2021-01-30,LA PIAZZA,PIZZA INN,1297.3770000000002,2213.25,915.8729999999998,70.59420661843086,178.0,12.433988764044944,2021,1,January,1,Saturday,True,4
2021-01-30,LA PIAZZA,CREAMY INN,466.93449999999984,483.25,16.315500000000156,3.4941731656153405,115.0,4.202173913043478,2021,1,January,1,Saturday,True,4
2021-01-30,LA PIAZZA,GALITOS,679.5635000000001,603.75,-75.81350000000009,-11.156205417153815,79.0,7.6424050632911396,2021,1,January,1,Saturday,True,4
2021-01-30,CARREFOUR,CHICKEN INN,1366.5560000000005,1623.0,256.44399999999973,18.7657146871405,189.0,8.587301587301587,2021,1,January,1,Saturday,True,4
2021-01-30,CARREFOUR,PIZZA INN,2341.997999999999,4273.0,1931.0020000000009,82.45105247741465,288.0,14.836805555555555,2021,1,January,1,Saturday,True,4
2021-01-30,CARREFOUR,CREAMY INN,496.5935,838.75,342.1565,68.90072060951262,186.0,4.509408602150538,2021,1,January,1,Saturday,True,4
2021-01-30,CARREFOUR,GALITOS,734.7775,991.25,256.4725,34.90478410130957,84.0,11.800595238095235,2021,1,January,1,Saturday,True,4
2021-01-30,CITY MARKET,CHICKEN INN,483.217,605.75,122.53299999999996,25.357758522568524,171.0,3.5423976608187133,2021,1,January,1,Saturday,True,4
2021-01-30,CITY MARKET,PIZZA INN,362.9639999999999,621.26,258.2960000000001,71.16298035066843,84.0,7.395952380952381,2021,1,January,1,Saturday,True,4
2021-01-30,JUNCTION,CHICKEN INN,1274.0904000000005,1997.25,723.1595999999997,56.75889246163377,231.0,8.646103896103897,2021,1,January,1,Saturday,True,4
2021-01-30,JUNCTION,PIZZA INN,2872.1979,4695.5,1823.3021000000003,63.48107489389921,302.0,15.548013245033111,2021,1,January,1,Saturday,True,4
2021-01-30,JUNCTION,CREAMY INN,354.5982,439.0,84.40180000000004,23.8020948780902,87.0,5.045977011494253,2021,1,January,1,Saturday,True,4
2021-01-30,JUNCTION,GALITOS,1383.2973,1051.0,-332.29729999999995,-24.02211729900723,102.0,10.303921568627452,2021,1,January,1,Saturday,True,4
2021-01-30,OASIS,CHICKEN INN,350.0483611538984,430.5,80.45163884610162,22.98300685679575,63.0,6.833333333333333,2021,1,January,1,Saturday,True,4
2021-01-30,OASIS,PIZZA INN,1238.5105360610542,1891.5,652.9894639389458,52.72377141140088,126.0,15.011904761904765,2021,1,January,1,Saturday,True,4
2021-01-30,OASIS,CREAMY INN,68.78039629152666,23.5,-45.28039629152666,-65.83328787406964,8.0,2.9375,2021,1,January,1,Saturday,True,4
2021-01-31,LA PIAZZA,CHICKEN INN,1253.4205000000004,1547.25,293.8294999999996,23.442212729088084,179.0,8.643854748603353,2021,1,January,1,Sunday,True,4
2021-01-31,LA PIAZZA,PIZZA INN,1462.2209999999998,2913.0,1450.7790000000002,99.2174917471436,232.0,12.55603448275862,2021,1,January,1,Sunday,True,4
2021-01-31,LA PIAZZA,CREAMY INN,472.4159999999999,509.5,37.08400000000012,7.84986113933485,118.0,4.317796610169491,2021,1,January,1,Sunday,True,4
2021-01-31,LA PIAZZA,GALITOS,1331.9000000000003,775.75,-556.1500000000003,-41.75613784818681,91.0,8.524725274725276,2021,1,January,1,Sunday,True,4
2021-01-31,CARREFOUR,CHICKEN INN,1299.1915000000004,2072.0,772.8084999999996,59.483802041500375,255.0,8.125490196078431,2021,1,January,1,Sunday,True,4
2021-01-31,CARREFOUR,PIZZA INN,2883.942,7019.75,4135.808,143.4081545329275,417.0,16.833932853717027,2021,1,January,1,Sunday,True,4
2021-01-31,CARREFOUR,CREAMY INN,657.514,1259.0,601.486,91.47881261843854,222.0,5.671171171171171,2021,1,January,1,Sunday,True,4
2021-01-31,CARREFOUR,GALITOS,1825.501,1220.5,-605.001,-33.14164166439788,88.0,13.869318181818182,2021,1,January,1,Sunday,True,4
2021-01-31,CITY MARKET,CHICKEN INN,724.6050000000002,524.75,-199.85500000000025,-27.581233913649527,118.0,4.447033898305085,2021,1,January,1,Sunday,True,4
2021-01-31,CITY MARKET,PIZZA INN,491.3439999999999,568.0,76.65600000000012,15.601289524243736,60.0,9.466666666666669,2021,1,January,1,Sunday,True,4
2021-01-31,JUNCTION,CHICKEN INN,1870.9020000000005,3333.75,1462.8479999999995,78.1894508638079,404.0,8.251856435643564,2021,1,January,1,Sunday,True,4
2021-01-31,JUNCTION,PIZZA INN,4211.311499999999,9107.25,4895.938500000001,116.25685965049136,497.0,18.324446680080484,2021,1,January,1,Sunday,True,4
2021-01-31,JUNCTION,CREAMY INN,385.1991,843.0,457.8009,118.84786335170566,159.0,5.30188679245283,2021,1,January,1,Sunday,True,4
2021-01-31,JUNCTION,GALITOS,2101.1958,1771.25,-329.9458,-15.702763159911132,163.0,10.866564417177914,2021,1,January,1,Sunday,True,4
2021-01-31,OASIS,CHICKEN INN,514.0186120070842,937.0,422.98138799291576,82.28911913156293,111.0,8.441441441441441,2021,1,January,1,Sunday,True,4
2021-01-31,OASIS,PIZZA INN,1815.9450862996184,3387.75,1571.8049137003818,86.55575135827897,229.0,14.793668122270743,2021,1,January,1,Sunday,True,4
2021-01-31,OASIS,CREAMY INN,74.71596513783602,182.5,107.78403486216398,144.25837190662526,35.0,5.214285714285714,2021,1,January,1,Sunday,True,4
2021-02-01,LA PIAZZA,CHICKEN INN,1218.0139999999997,959.0,-259.01399999999967,-21.26527281295615,147.0,6.523809523809524,2021,2,February,1,Monday,False,5
2021-02-01,LA PIAZZA,PIZZA INN,1858.5420000000008,1416.5,-442.0420000000008,-23.78434278052369,136.0,10.415441176470589,2021,2,February,1,Monday,False,5
2021-02-01,LA PIAZZA,CREAMY INN,440.7335,393.0,-47.73349999999999,-10.830467845080982,97.0,4.051546391752577,2021,2,February,1,Monday,False,5
2021-02-01,LA PIAZZA,GALITOS,733.2289999999999,494.0,-239.22899999999996,-32.62677826436215,87.0,5.67816091954023,2021,2,February,1,Monday,False,5
2021-02-01,CARREFOUR,CHICKEN INN,1199.5935000000002,998.5,-201.09350000000015,-16.76347029222817,147.0,6.792517006802721,2021,2,February,1,Monday,False,5
2021-02-01,CARREFOUR,PIZZA INN,2235.6269999999995,2681.0,445.3730000000005,19.921614831096623,189.0,14.185185185185183,2021,2,February,1,Monday,False,5
2021-02-01,CARREFOUR,CREAMY INN,491.4065000000001,613.25,121.84349999999988,24.79484907098296,152.0,4.034539473684211,2021,2,February,1,Monday,False,5
2021-02-01,CARREFOUR,GALITOS,706.1064999999998,493.5,-212.60649999999976,-30.10969308454176,50.0,9.87,2021,2,February,1,Monday,False,5
2021-02-01,CITY MARKET,CHICKEN INN,742.9695,580.75,-162.21950000000004,-21.833938001492665,150.0,3.8716666666666666,2021,2,February,1,Monday,False,5
2021-02-01,CITY MARKET,PIZZA INN,366.7494999999999,429.76,63.01050000000009,17.180800519155476,68.0,6.32,2021,2,February,1,Monday,False,5
2021-02-01,JUNCTION,CHICKEN INN,1416.3117999999995,1448.25,31.93820000000028,2.2550260472305803,177.0,8.182203389830509,2021,2,February,1,Monday,False,5
2021-02-01,JUNCTION,PIZZA INN,3244.649100000001,3500.25,255.600899999999,7.877613021389552,226.0,15.48783185840708,2021,2,February,1,Monday,False,5
2021-02-01,JUNCTION,CREAMY INN,329.82725,494.0,164.17275,49.77537483637269,87.0,5.67816091954023,2021,2,February,1,Monday,False,5
2021-02-01,JUNCTION,GALITOS,1253.3337,1004.0,-249.3337000000001,-19.89364045664775,111.0,9.045045045045043,2021,2,February,1,Monday,False,5
2021-02-01,OASIS,CHICKEN INN,389.1228004487968,594.75,205.6271995512033,52.84378075868135,50.0,11.895,2021,2,February,1,Monday,False,5
2021-02-01,OASIS,PIZZA INN,1399.1139315891216,1492.0,92.88606841087837,6.63892098518223,123.0,12.130081300813009,2021,2,February,1,Monday,False,5
2021-02-01,OASIS,CREAMY INN,63.97564613341082,81.5,17.52435386658918,27.392226457619493,20.0,4.075,2021,2,February,1,Monday,False,5
2021-02-02,LA PIAZZA,CHICKEN INN,1257.407651639747,1014.75,-242.65765163974697,-19.29824837023256,156.0,6.5048076923076925,2021,2,February,1,Tuesday,False,5
2021-02-02,LA PIAZZA,PIZZA INN,4737.774970331089,3624.5,-1113.2749703310892,-23.49784397322886,297.0,12.203703703703704,2021,2,February,1,Tuesday,False,5
2021-02-02,LA PIAZZA,CREAMY INN,539.9492804853572,355.75,-184.19928048535724,-34.1141820431322,88.0,4.042613636363637,2021,2,February,1,Tuesday,False,5
2021-02-02,LA PIAZZA,GALITOS,827.8300608174038,492.75,-335.0800608174038,-40.47691388333301,84.0,5.866071428571429,2021,2,February,1,Tuesday,False,5
2021-02-02,CARREFOUR,CHICKEN INN,1442.7548005843164,1062.0,-380.7548005843164,-26.39081848350881,164.0,6.475609756097561,2021,2,February,1,Tuesday,False,5
2021-02-02,CARREFOUR,PIZZA INN,8227.720433163882,7346.719999999999,-881.0004331638829,-10.707709873232815,467.0,15.731734475374733,2021,2,February,1,Tuesday,False,5
2021-02-02,CARREFOUR,CREAMY INN,726.877540797875,614.75,-112.127540797875,-15.425919017224748,152.0,4.0444078947368425,2021,2,February,1,Tuesday,False,5
2021-02-02,CARREFOUR,GALITOS,992.414099969046,533.0,-459.4140999690461,-46.292580887693504,62.0,8.596774193548388,2021,2,February,1,Tuesday,False,5
2021-02-02,CITY MARKET,CHICKEN INN,721.6911121704269,582.5,-139.1911121704269,-19.286798718058343,137.0,4.251824817518248,2021,2,February,1,Tuesday,False,5
2021-02-02,CITY MARKET,PIZZA INN,784.1378048254364,903.25,119.11219517456357,15.19021203180991,96.0,9.408854166666666,2021,2,February,1,Tuesday,False,5
2021-02-02,JUNCTION,CHICKEN INN,1581.3841377598867,1542.5,-38.8841377598867,-2.458867319547552,196.0,7.869897959183674,2021,2,February,1,Tuesday,False,5
2021-02-02,JUNCTION,PIZZA INN,3057.1969882802828,6076.0,3018.803011719717,98.74414449877622,394.0,15.421319796954316,2021,2,February,1,Tuesday,False,5
2021-02-02,JUNCTION,CREAMY INN,326.6675228301946,410.5,83.83247716980537,25.66293595503292,74.0,5.547297297297297,2021,2,February,1,Tuesday,False,5
2021-02-02,JUNCTION,GALITOS,1697.000560308565,1080.0,-617.0005603085647,-36.35830032939859,113.0,9.557522123893806,2021,2,February,1,Tuesday,False,5
2021-02-02,OASIS,CHICKEN INN,434.4753918384589,453.75,19.274608161541096,4.4362945574389485,52.0,8.725961538461538,2021,2,February,1,Tuesday,False,5
2021-02-02,OASIS,PIZZA INN,1318.283353942726,2420.25,1101.966646057274,83.59103092377738,169.0,14.321005917159765,2021,2,February,1,Tuesday,False,5
2021-02-02,OASIS,CREAMY INN,63.362762912592665,61.5,-1.8627629125926648,-2.939838521818089,18.0,3.4166666666666665,2021,2,February,1,Tuesday,False,5
2021-02-03,LA PIAZZA,CHICKEN INN,1094.5060467389828,963.5,-131.00604673898283,-11.969421925927932,160.0,6.021875,2021,2,February,1,Wednesday,False,5
2021-02-03,LA PIAZZA,PIZZA INN,1478.0001617231885,1413.0,-65.00016172318828,-4.3978453728587645,127.0,11.125984251968504,2021,2,February,1,Wednesday,False,5
2021-02-03,LA PIAZZA,CREAMY INN,445.5138085250689,258.75,-186.7638085250689,-41.92099211096838,87.0,2.9741379310344827,2021,2,February,1,Wednesday,False,5
2021-02-03,LA PIAZZA,GALITOS,713.900151296571,607.25,-106.65015129657104,-14.939085123161158,99.0,6.133838383838384,2021,2,February,1,Wednesday,False,5
2021-02-03,CARREFOUR,CHICKEN INN,1232.4412085079098,887.75,-344.6912085079098,-27.96816644302409,143.0,6.208041958041958,2021,2,February,1,Wednesday,False,5
2021-02-03,CARREFOUR,PIZZA INN,2584.727275619575,2765.07,180.34272438042532,6.977243830771125,201.0,13.756567164179105,2021,2,February,1,Wednesday,False,5
2021-02-03,CARREFOUR,CREAMY INN,610.1940501608756,539.0,-71.19405016087558,-11.66744417486626,136.0,3.963235294117647,2021,2,February,1,Wednesday,False,5
2021-02-03,CARREFOUR,GALITOS,640.1559165912661,552.5,-87.65591659126608,-13.692901107283465,55.0,10.045454545454543,2021,2,February,1,Wednesday,False,5
2021-02-03,CITY MARKET,CHICKEN INN,607.725924716935,587.25,-20.47592471693497,-3.369269580933575,144.0,4.078125,2021,2,February,1,Wednesday,False,5
2021-02-03,CITY MARKET,PIZZA INN,364.4019443639976,471.01,106.6080556360024,29.2556220637266,61.0,7.721475409836065,2021,2,February,1,Wednesday,False,5
2021-02-03,JUNCTION,CHICKEN INN,1522.899285196812,1456.25,-66.64928519681189,-4.37647360168,187.0,7.787433155080214,2021,2,February,1,Wednesday,False,5
2021-02-03,JUNCTION,PIZZA INN,3830.456294593972,3502.0,-328.456294593972,-8.574860782448592,217.0,16.138248847926267,2021,2,February,1,Wednesday,False,5
2021-02-03,JUNCTION,CREAMY INN,336.68356459101426,498.0,161.31643540898574,47.91336803296133,76.0,6.552631578947368,2021,2,February,1,Wednesday,False,5
2021-02-03,JUNCTION,GALITOS,1662.5037183900945,1028.75,-633.7537183900945,-38.12043915329089,107.0,9.61448598130841,2021,2,February,1,Wednesday,False,5
2021-02-03,OASIS,CHICKEN INN,418.4070447321377,268.25,-150.15704473213765,-35.887790758462856,41.0,6.5426829268292686,2021,2,February,1,Wednesday,False,5
2021-02-03,OASIS,PIZZA INN,1651.717828627345,1800.0,148.28217137265506,8.977451765831244,127.0,14.173228346456693,2021,2,February,1,Wednesday,False,5
2021-02-03,OASIS,CREAMY INN,65.30554581894033,119.0,53.69445418105967,82.22035894153244,19.0,6.2631578947368425,2021,2,February,1,Wednesday,False,5
2021-02-04,LA PIAZZA,CHICKEN INN,1111.9978342969273,973.25,-138.7478342969273,-12.477347528707384,158.0,6.159810126582278,2021,2,February,1,Thursday,False,5
2021-02-04,LA PIAZZA,PIZZA INN,1242.0145425118249,2008.5,766.4854574881751,61.71308235554558,184.0,10.915760869565217,2021,2,February,1,Thursday,False,5
2021-02-04,LA PIAZZA,CREAMY INN,388.852525348896,358.75,-30.102525348895934,-7.741373242178792,110.0,3.261363636363636,2021,2,February,1,Thursday,False,5
2021-02-04,LA PIAZZA,GALITOS,651.1932397846276,545.0,-106.19323978462762,-16.30748498245305,98.0,5.561224489795919,2021,2,February,1,Thursday,False,5
2021-02-04,CARREFOUR,CHICKEN INN,1239.0351337647944,816.25,-422.7851337647944,-34.122126341984064,123.0,6.6361788617886175,2021,2,February,1,Thursday,False,5
2021-02-04,CARREFOUR,PIZZA INN,2337.718920987528,3377.0,1039.2810790124722,44.457058959571,240.0,14.070833333333333,2021,2,February,1,Thursday,False,5
2021-02-04,CARREFOUR,CREAMY INN,678.0588735307745,583.18,-94.87887353077453,-13.992719103685372,147.0,3.967210884353741,2021,2,February,1,Thursday,False,5
2021-02-04,CARREFOUR,GALITOS,886.0597369755701,384.5,-501.5597369755701,-56.605634591587226,52.0,7.394230769230769,2021,2,February,1,Thursday,False,5
2021-02-04,CITY MARKET,CHICKEN INN,600.5172423741315,616.5,15.982757625868544,2.661498537940571,150.0,4.11,2021,2,February,1,Thursday,False,5
2021-02-04,CITY MARKET,PIZZA INN,374.3283344589142,565.78,191.4516655410858,51.14538439037114,67.0,8.444477611940298,2021,2,February,1,Thursday,False,5
2021-02-04,JUNCTION,CHICKEN INN,1633.289186175544,1885.75,252.46081382445595,15.457202310609173,250.0,7.543,2021,2,February,1,Thursday,False,5
2021-02-04,JUNCTION,PIZZA INN,3557.12287441909,4170.25,613.1271255809102,17.23660236732866,283.0,14.735865724381624,2021,2,February,1,Thursday,False,5
2021-02-04,JUNCTION,CREAMY INN,481.1210822717818,438.5,-42.6210822717818,-8.858701861604448,68.0,6.448529411764706,2021,2,February,1,Thursday,False,5
2021-02-04,JUNCTION,GALITOS,1509.6162581753294,918.25,-591.3662581753294,-39.173283605869,95.0,9.66578947368421,2021,2,February,1,Thursday,False,5
2021-02-04,OASIS,CHICKEN INN,448.73597894712447,278.25,-170.4859789471245,-37.99249156422405,36.0,7.729166666666667,2021,2,February,1,Thursday,False,5
2021-02-04,OASIS,PIZZA INN,1533.8546685908468,1459.0,-74.85466859084681,-4.880166949559559,107.0,13.63551401869159,2021,2,February,1,Thursday,False,5
2021-02-04,OASIS,CREAMY INN,93.32167704985912,36.0,-57.32167704985912,-61.423753689331775,12.0,3.0,2021,2,February,1,Thursday,False,5
2021-02-05,LA PIAZZA,CHICKEN INN,1001.880212112282,873.75,-128.13021211228204,-12.788975225106284,149.0,5.864093959731544,2021,2,February,1,Friday,False,5
2021-02-05,LA PIAZZA,PIZZA INN,1819.4460710107287,1399.0,-420.4460710107287,-23.10846568687605,124.0,11.28225806451613,2021,2,February,1,Friday,False,5
2021-02-05,LA PIAZZA,CREAMY INN,416.1393804213396,316.25,-99.88938042133958,-24.0038278329251,97.0,3.2603092783505154,2021,2,February,1,Friday,False,5
2021-02-05,LA PIAZZA,GALITOS,1374.195529064256,979.75,-394.4455290642561,-28.70374125964808,124.0,7.901209677419355,2021,2,February,1,Friday,False,5
2021-02-05,CARREFOUR,CHICKEN INN,1339.6938248676418,1077.75,-261.9438248676417,-19.55251416446001,154.0,6.998376623376624,2021,2,February,1,Friday,False,5
2021-02-05,CARREFOUR,PIZZA INN,2612.7292822215736,3139.5,526.7707177784264,20.16170298862802,210.0,14.95,2021,2,February,1,Friday,False,5
2021-02-05,CARREFOUR,CREAMY INN,542.9284096286614,604.75,61.82159037133863,11.386692844756793,156.0,3.876602564102564,2021,2,February,1,Friday,False,5
2021-02-05,CARREFOUR,GALITOS,1569.805768619934,1320.5,-249.30576861993404,-15.881313064552351,126.0,10.48015873015873,2021,2,February,1,Friday,False,5
2021-02-05,CITY MARKET,CHICKEN INN,684.8044206351757,559.0,-125.80442063517567,-18.37085404888136,93.0,6.010752688172043,2021,2,February,1,Friday,False,5
2021-02-05,CITY MARKET,PIZZA INN,490.718280565075,456.13,-34.588280565075024,-7.048500521571299,56.0,8.145178571428572,2021,2,February,1,Friday,False,5
2021-02-05,JUNCTION,CHICKEN INN,1811.0781798731136,1481.0,-330.07817987311364,-18.2255069682436,204.0,7.259803921568627,2021,2,February,1,Friday,False,5
2021-02-05,JUNCTION,PIZZA INN,3796.0509058163416,3772.0,-24.050905816341583,-0.633577009715296,253.0,14.909090909090908,2021,2,February,1,Friday,False,5
2021-02-05,JUNCTION,CREAMY INN,467.160578704124,584.75,117.58942129587604,25.17109248003378,92.0,6.355978260869565,2021,2,February,1,Friday,False,5
2021-02-05,JUNCTION,GALITOS,1911.4060213167008,2203.25,291.8439786832992,15.26854971829889,183.0,12.039617486338798,2021,2,February,1,Friday,False,5
2021-02-05,OASIS,CHICKEN INN,497.5823919450052,455.25,-42.33239194500516,-8.507614543901285,48.0,9.484375,2021,2,February,1,Friday,False,5
2021-02-05,OASIS,PIZZA INN,1636.8819997666765,1516.25,-120.63199976667649,-7.369621010181035,96.0,15.794270833333334,2021,2,February,1,Friday,False,5
2021-02-05,OASIS,CREAMY INN,90.61379819482606,30.0,-60.61379819482606,-66.89245942930471,9.0,3.333333333333333,2021,2,February,1,Friday,False,5
2021-02-06,LA PIAZZA,CHICKEN INN,1474.6462949532936,981.0,-493.6462949532936,-33.47557286399508,152.0,6.453947368421052,2021,2,February,1,Saturday,True,5
2021-02-06,LA PIAZZA,PIZZA INN,2438.4294265390863,2095.0,-343.4294265390863,-14.084042080583108,180.0,11.63888888888889,2021,2,February,1,Saturday,True,5
2021-02-06,LA PIAZZA,CREAMY INN,565.7421851894401,335.75,-229.99218518944008,-40.65317934748434,102.0,3.2916666666666665,2021,2,February,1,Saturday,True,5
2021-02-06,LA PIAZZA,GALITOS,792.6074552021845,618.25,-174.3574552021845,-21.99795801286124,94.0,6.577127659574468,2021,2,February,1,Saturday,True,5
2021-02-06,CARREFOUR,CHICKEN INN,1756.99933152973,1345.5,-411.49933152972994,-23.420574165583684,182.0,7.392857142857143,2021,2,February,1,Saturday,True,5
2021-02-06,CARREFOUR,PIZZA INN,4151.531140350084,3720.0,-431.53114035008366,-10.39450568384016,253.0,14.703557312252965,2021,2,February,1,Saturday,True,5
2021-02-06,CARREFOUR,CREAMY INN,739.3817990334924,927.25,187.86820096650763,25.408821425153533,184.0,5.039402173913044,2021,2,February,1,Saturday,True,5
2021-02-06,CARREFOUR,GALITOS,1250.7426796395066,885.0,-365.7426796395066,-29.242040396744294,78.0,11.346153846153848,2021,2,February,1,Saturday,True,5
2021-02-06,CITY MARKET,CHICKEN INN,803.9176953844245,587.75,-216.1676953844245,-26.88928190354804,139.0,4.2284172661870505,2021,2,February,1,Saturday,True,5
2021-02-06,CITY MARKET,PIZZA INN,653.2343749607405,413.63,-239.60437496074053,-36.679694784148616,69.0,5.99463768115942,2021,2,February,1,Saturday,True,5
2021-02-06,JUNCTION,CHICKEN INN,2965.4567860001957,2409.25,-556.2067860001953,-18.75619259150987,252.0,9.560515873015872,2021,2,February,1,Saturday,True,5
2021-02-06,JUNCTION,PIZZA INN,5984.194406007832,6053.25,69.05559399216781,1.153966420657047,347.0,17.444524495677232,2021,2,February,1,Saturday,True,5
2021-02-06,JUNCTION,CREAMY INN,775.0660934112162,548.5,-226.56609341121623,-29.231841689017116,104.0,5.274038461538462,2021,2,February,1,Saturday,True,5
2021-02-06,JUNCTION,GALITOS,2238.941434775658,1063.5,-1175.441434775658,-52.499874115440505,114.0,9.328947368421051,2021,2,February,1,Saturday,True,5
2021-02-06,OASIS,CHICKEN INN,814.7406871695091,436.25,-378.4906871695091,-46.455356057449855,50.0,8.725,2021,2,February,1,Saturday,True,5
2021-02-06,OASIS,PIZZA INN,2580.423800768855,2054.75,-525.673800768855,-20.37160719926033,136.0,15.108455882352942,2021,2,February,1,Saturday,True,5
2021-02-06,OASIS,CREAMY INN,150.33734817872417,81.0,-69.33734817872417,-46.12117282812152,24.0,3.375,2021,2,February,1,Saturday,True,5
2021-02-07,LA PIAZZA,CHICKEN INN,1807.9758515925023,1453.25,-354.7258515925025,-19.62005473026936,190.0,7.648684210526316,2021,2,February,1,Sunday,True,5
2021-02-07,LA PIAZZA,PIZZA INN,2697.185328777731,3235.0,537.8146712222692,19.939848607510697,239.0,13.535564853556483,2021,2,February,1,Sunday,True,5
2021-02-07,LA PIAZZA,CREAMY INN,715.9485063315143,640.25,-75.6985063315143,-10.573177492804588,166.0,3.8569277108433737,2021,2,February,1,Sunday,True,5
2021-02-07,LA PIAZZA,GALITOS,1057.3502047028844,952.25,-105.1002047028844,-9.93996163573994,99.0,9.618686868686869,2021,2,February,1,Sunday,True,5
2021-02-07,CARREFOUR,CHICKEN INN,2867.5270673721216,1961.25,-906.2770673721216,-31.604830436793684,226.0,8.678097345132743,2021,2,February,1,Sunday,True,5
2021-02-07,CARREFOUR,PIZZA INN,6287.07669524688,6926.0,638.9233047531197,10.162486251140452,408.0,16.975490196078432,2021,2,February,1,Sunday,True,5
2021-02-07,CARREFOUR,CREAMY INN,1218.963813248566,1306.68,87.71618675143395,7.195963144932771,235.0,5.560340425531916,2021,2,February,1,Sunday,True,5
2021-02-07,CARREFOUR,GALITOS,1710.7346600314297,1112.75,-597.9846600314297,-34.95484565797267,113.0,9.847345132743364,2021,2,February,1,Sunday,True,5
2021-02-07,CITY MARKET,CHICKEN INN,721.2830735472494,475.5,-245.7830735472494,-34.07581330565478,110.0,4.322727272727272,2021,2,February,1,Sunday,True,5
2021-02-07,CITY MARKET,PIZZA INN,498.2134438573126,497.5,-0.7134438573125976,-0.1432004427236866,66.0,7.537878787878788,2021,2,February,1,Sunday,True,5
2021-02-07,JUNCTION,CHICKEN INN,3928.607897337415,3313.25,-615.3578973374147,-15.663510164872116,383.0,8.650783289817232,2021,2,February,1,Sunday,True,5
2021-02-07,JUNCTION,PIZZA INN,8698.421384646117,9343.0,644.5786153538829,7.410294199952773,489.0,19.106339468302657,2021,2,February,1,Sunday,True,5
2021-02-07,JUNCTION,CREAMY INN,1002.8535998480002,1101.5,98.64640015199984,9.836570379460314,180.0,6.1194444444444445,2021,2,February,1,Sunday,True,5
2021-02-07,JUNCTION,GALITOS,3000.5894549333643,2298.0,-702.5894549333643,-23.415047792633366,204.0,11.264705882352942,2021,2,February,1,Sunday,True,5
2021-02-07,OASIS,CHICKEN INN,1079.3604253506846,942.75,-136.61042535068464,-12.656608686231928,120.0,7.85625,2021,2,February,1,Sunday,True,5
2021-02-07,OASIS,PIZZA INN,3750.816241451538,3307.25,-443.5662414515382,-11.825859037015404,219.0,15.10159817351598,2021,2,February,1,Sunday,True,5
2021-02-07,OASIS,CREAMY INN,194.52063778081657,239.5,44.97936221918343,23.123182574522303,48.0,4.989583333333333,2021,2,February,1,Sunday,True,5
2021-02-08,LA PIAZZA,CHICKEN INN,1075.8096454676006,1073.0,-2.8096454676006037,-0.2611656699154608,183.0,5.863387978142076,2021,2,February,1,Monday,False,6
2021-02-08,LA PIAZZA,PIZZA INN,1245.6782731719236,1652.5,406.8217268280764,32.65865156274813,143.0,11.555944055944057,2021,2,February,1,Monday,False,6
2021-02-08,LA PIAZZA,CREAMY INN,445.4643399698252,250.25,-195.2143399698252,-43.82266378113422,85.0,2.944117647058824,2021,2,February,1,Monday,False,6
2021-02-08,LA PIAZZA,GALITOS,581.6967856077978,557.25,-24.44678560779778,-4.20266816194524,93.0,5.991935483870968,2021,2,February,1,Monday,False,6
2021-02-08,CARREFOUR,CHICKEN INN,1146.1863391431152,939.5,-206.6863391431152,-18.032525086421217,129.0,7.282945736434108,2021,2,February,1,Monday,False,6
2021-02-08,CARREFOUR,PIZZA INN,1999.0965247290492,2280.5,281.4034752709506,14.076532663128464,174.0,13.10632183908046,2021,2,February,1,Monday,False,6
2021-02-08,CARREFOUR,CREAMY INN,499.0210770966816,533.5,34.47892290331839,6.909311948087987,125.0,4.268,2021,2,February,1,Monday,False,6
2021-02-08,CARREFOUR,GALITOS,766.167214379256,466.5,-299.66721437925605,-39.112508177740885,59.0,7.906779661016949,2021,2,February,1,Monday,False,6
2021-02-08,CITY MARKET,CHICKEN INN,596.6612773851036,518.25,-78.41127738510363,-13.141673568753244,126.0,4.113095238095238,2021,2,February,1,Monday,False,6
2021-02-08,CITY MARKET,PIZZA INN,419.75600874985895,444.25,24.49399125014105,5.835292584158696,71.0,6.257042253521127,2021,2,February,1,Monday,False,6
2021-02-08,JUNCTION,CHICKEN INN,1756.59079074026,1222.0,-534.59079074026,-30.43342783978581,173.0,7.063583815028902,2021,2,February,1,Monday,False,6
2021-02-08,JUNCTION,PIZZA INN,3060.72733420346,3172.75,112.02266579653995,3.660001482154023,240.0,13.219791666666667,2021,2,February,1,Monday,False,6
2021-02-08,JUNCTION,CREAMY INN,436.1108492455832,367.25,-68.86084924558321,-15.789758352653644,67.0,5.481343283582089,2021,2,February,1,Monday,False,6
2021-02-08,JUNCTION,GALITOS,1419.3645620622333,940.25,-479.1145620622333,-33.75556744675341,100.0,9.4025,2021,2,February,1,Monday,False,6
2021-02-08,OASIS,CHICKEN INN,482.61232289063486,357.75,-124.86232289063486,-25.872178758877237,53.0,6.75,2021,2,February,1,Monday,False,6
2021-02-08,OASIS,PIZZA INN,1319.8056622146578,1295.25,-24.555662214657787,-1.8605513612854896,104.0,12.454326923076923,2021,2,February,1,Monday,False,6
2021-02-08,OASIS,CREAMY INN,84.5911711851483,34.0,-50.5911711851483,-59.80668014918158,15.0,2.2666666666666666,2021,2,February,1,Monday,False,6
2021-02-09,LA PIAZZA,CHICKEN INN,1170.944262373528,993.75,-177.1942623735281,-15.132595808988524,164.0,6.059451219512195,2021,2,February,1,Tuesday,False,6
2021-02-09,LA PIAZZA,PIZZA INN,4789.470997844151,3908.5,-880.9709978441506,-18.393910271942257,294.0,13.29421768707483,2021,2,February,1,Tuesday,False,6
2021-02-09,LA PIAZZA,CREAMY INN,510.69357691421294,321.5,-189.1935769142129,-37.046398362279376,98.0,3.2806122448979598,2021,2,February,1,Tuesday,False,6
2021-02-09,LA PIAZZA,GALITOS,534.5455366206454,681.75,147.2044633793546,27.538245723642092,114.0,5.980263157894737,2021,2,February,1,Tuesday,False,6
2021-02-09,CARREFOUR,CHICKEN INN,1573.60516745107,1080.75,-492.85516745107,-31.320128939929585,145.0,7.453448275862069,2021,2,February,1,Tuesday,False,6
2021-02-09,CARREFOUR,PIZZA INN,7834.533379180947,6416.469999999999,-1418.0633791809478,-18.100163858504075,444.0,14.451509009009008,2021,2,February,1,Tuesday,False,6
2021-02-09,CARREFOUR,CREAMY INN,667.1164197409253,516.0,-151.11641974092527,-22.65218112898665,133.0,3.8796992481203008,2021,2,February,1,Tuesday,False,6
2021-02-09,CARREFOUR,GALITOS,802.2985326206008,696.75,-105.54853262060078,-13.155767875561311,80.0,8.709375,2021,2,February,1,Tuesday,False,6
2021-02-09,CITY MARKET,CHICKEN INN,685.5184882257363,559.5,-126.01848822573628,-18.382945229077368,136.0,4.113970588235294,2021,2,February,1,Tuesday,False,6
2021-02-09,CITY MARKET,PIZZA INN,1015.3125500602988,840.63,-174.6825500602988,-17.204805559620485,98.0,8.577857142857143,2021,2,February,1,Tuesday,False,6
2021-02-09,JUNCTION,CHICKEN INN,1843.65699036127,1351.0,-492.6569903612699,-26.7217271399672,166.0,8.13855421686747,2021,2,February,1,Tuesday,False,6
2021-02-09,JUNCTION,PIZZA INN,3533.153683677519,6205.75,2672.596316322481,75.64336441602738,395.0,15.710759493670889,2021,2,February,1,Tuesday,False,6
2021-02-09,JUNCTION,CREAMY INN,435.5119519031836,452.0,16.488048096816385,3.785900254806728,88.0,5.136363636363637,2021,2,February,1,Tuesday,False,6
2021-02-09,JUNCTION,GALITOS,1636.5593039864889,1254.5,-382.0593039864887,-23.34527707342055,124.0,10.116935483870968,2021,2,February,1,Tuesday,False,6
2021-02-09,OASIS,CHICKEN INN,506.5332161720164,366.25,-140.2832161720164,-27.69477137791036,39.0,9.39102564102564,2021,2,February,1,Tuesday,False,6
2021-02-09,OASIS,PIZZA INN,1523.5189966393102,2492.5,968.9810033606898,63.60150451015964,168.0,14.836309523809524,2021,2,February,1,Tuesday,False,6
2021-02-09,OASIS,CREAMY INN,84.47500478456254,24.0,-60.47500478456254,-71.58922919127683,9.0,2.6666666666666665,2021,2,February,1,Tuesday,False,6
2021-02-10,LA PIAZZA,CHICKEN INN,1479.2656401023469,879.25,-600.0156401023469,-40.56172359014796,141.0,6.23581560283688,2021,2,February,1,Wednesday,False,6
2021-02-10,LA PIAZZA,PIZZA INN,1561.290941810434,1140.25,-421.0409418104339,-26.96748764341164,103.0,11.070388349514564,2021,2,February,1,Wednesday,False,6
2021-02-10,LA PIAZZA,CREAMY INN,476.0655882435991,287.25,-188.81558824359905,-39.661675388094544,86.0,3.3401162790697674,2021,2,February,1,Wednesday,False,6
2021-02-10,LA PIAZZA,GALITOS,616.6920848455899,520.75,-95.94208484558987,-15.55753466004226,78.0,6.676282051282051,2021,2,February,1,Wednesday,False,6
2021-02-10,CARREFOUR,CHICKEN INN,1672.4745025246873,1134.25,-538.2245025246873,-32.1813278296446,148.0,7.663851351351352,2021,2,February,1,Wednesday,False,6
2021-02-10,CARREFOUR,PIZZA INN,3474.1368044066808,2485.5,-988.6368044066808,-28.45704875964209,172.0,14.450581395348838,2021,2,February,1,Wednesday,False,6
2021-02-10,CARREFOUR,CREAMY INN,626.0969520331965,655.25,29.153047966803456,4.656315267488751,144.0,4.550347222222222,2021,2,February,1,Wednesday,False,6
2021-02-10,CARREFOUR,GALITOS,1248.2695515024525,476.0,-772.2695515024523,-61.86721053741373,55.0,8.654545454545454,2021,2,February,1,Wednesday,False,6
2021-02-10,CITY MARKET,CHICKEN INN,662.5663156719988,908.13,245.5636843280012,37.06250657776672,120.0,7.56775,2021,2,February,1,Wednesday,False,6
2021-02-10,CITY MARKET,PIZZA INN,534.9840702238002,464.88,-70.10407022380025,-13.103954701767767,59.0,7.879322033898305,2021,2,February,1,Wednesday,False,6
2021-02-10,JUNCTION,CHICKEN INN,2267.29514969885,1258.5,-1008.79514969885,-44.493331617316855,167.0,7.5359281437125745,2021,2,February,1,Wednesday,False,6
2021-02-10,JUNCTION,PIZZA INN,4029.6834183288265,3308.0,-721.6834183288265,-17.90918400801123,220.0,15.036363636363635,2021,2,February,1,Wednesday,False,6
2021-02-10,JUNCTION,CREAMY INN,467.1399270716274,402.5,-64.63992707162743,-13.837380049450593,63.0,6.388888888888889,2021,2,February,1,Wednesday,False,6
2021-02-10,JUNCTION,GALITOS,1670.0101655614144,766.75,-903.2601655614144,-54.08710582655415,85.0,9.020588235294118,2021,2,February,1,Wednesday,False,6
2021-02-10,OASIS,CHICKEN INN,622.9251483287724,336.5,-286.4251483287724,-45.98066864007883,46.0,7.315217391304348,2021,2,February,1,Wednesday,False,6
2021-02-10,OASIS,PIZZA INN,1737.625868534608,1403.5,-334.1258685346081,-19.2288728307427,105.0,13.366666666666667,2021,2,February,1,Wednesday,False,6
2021-02-10,OASIS,CREAMY INN,90.60979245687484,61.0,-29.609792456874843,-32.678358104580624,17.0,3.588235294117647,2021,2,February,1,Wednesday,False,6
2021-02-11,LA PIAZZA,CHICKEN INN,1140.7791421113934,909.25,-231.5291421113934,-20.29570260925978,138.0,6.588768115942029,2021,2,February,1,Thursday,False,6
2021-02-11,LA PIAZZA,PIZZA INN,1657.079770843017,1676.0,18.92022915698294,1.1417814332111198,164.0,10.21951219512195,2021,2,February,1,Thursday,False,6
2021-02-11,LA PIAZZA,CREAMY INN,508.0717434862949,365.0,-143.0717434862949,-28.15975210598466,114.0,3.201754385964912,2021,2,February,1,Thursday,False,6
2021-02-11,LA PIAZZA,GALITOS,727.2618131348922,511.71,-215.55181313489223,-29.638819094013368,80.0,6.396375,2021,2,February,1,Thursday,False,6
2021-02-11,CARREFOUR,CHICKEN INN,1404.9707191273253,1080.0,-324.9707191273253,-23.13007059173273,153.0,7.0588235294117645,2021,2,February,1,Thursday,False,6
2021-02-11,CARREFOUR,PIZZA INN,2844.858065922251,3736.0,891.1419340777488,31.32465358298488,248.0,15.064516129032258,2021,2,February,1,Thursday,False,6
2021-02-11,CARREFOUR,CREAMY INN,541.1112157766667,627.5,86.38878422333335,15.965069971676336,136.0,4.613970588235294,2021,2,February,1,Thursday,False,6
2021-02-11,CARREFOUR,GALITOS,978.6493190628122,658.25,-320.3993190628122,-32.7389303626796,65.0,10.126923076923076,2021,2,February,1,Thursday,False,6
2021-02-11,CITY MARKET,CHICKEN INN,637.8595770385976,516.0,-121.85957703859764,-19.104452049518063,138.0,3.739130434782609,2021,2,February,1,Thursday,False,6
2021-02-11,CITY MARKET,PIZZA INN,402.91875572688457,614.64,211.72124427311545,52.54688228428588,70.0,8.78057142857143,2021,2,February,1,Thursday,False,6
2021-02-11,JUNCTION,CHICKEN INN,2357.8216858809037,1504.75,-853.0716858809033,-36.18050045893051,198.0,7.599747474747475,2021,2,February,1,Thursday,False,6
2021-02-11,JUNCTION,PIZZA INN,5142.743681072772,4391.75,-750.9936810727722,-14.602977080827708,301.0,14.590531561461797,2021,2,February,1,Thursday,False,6
2021-02-11,JUNCTION,CREAMY INN,658.3533923570474,379.5,-278.85339235704737,-42.35618675232947,74.0,5.128378378378378,2021,2,February,1,Thursday,False,6
2021-02-11,JUNCTION,GALITOS,1716.1563571883808,1443.0,-273.15635718838075,-15.916752342770168,150.0,9.62,2021,2,February,1,Thursday,False,6
2021-02-11,OASIS,CHICKEN INN,647.796747417398,304.25,-343.546747417398,-53.03310780534668,53.0,5.740566037735849,2021,2,February,1,Thursday,False,6
2021-02-11,OASIS,PIZZA INN,2217.584739989553,1450.75,-766.8347399895529,-34.5797265899821,113.0,12.83849557522124,2021,2,February,1,Thursday,False,6
2021-02-11,OASIS,CREAMY INN,127.6989201473348,96.0,-31.698920147334803,-24.823170086921355,27.0,3.555555555555556,2021,2,February,1,Thursday,False,6
2021-02-12,LA PIAZZA,CHICKEN INN,1406.712159601091,786.25,-620.4621596010909,-44.10725786126984,140.0,5.616071428571429,2021,2,February,1,Friday,False,6
2021-02-12,LA PIAZZA,PIZZA INN,2544.9388664251164,1973.5,-571.4388664251164,-22.45393293976521,160.0,12.334375,2021,2,February,1,Friday,False,6
2021-02-12,LA PIAZZA,CREAMY INN,505.5332255198403,244.25,-261.2832255198403,-51.684679132842845,78.0,3.1314102564102564,2021,2,February,1,Friday,False,6
2021-02-12,LA PIAZZA,GALITOS,1346.0282637314642,1002.5,-343.5282637314642,-25.52162335574841,136.0,7.371323529411764,2021,2,February,1,Friday,False,6
2021-02-12,CARREFOUR,CHICKEN INN,2000.4506109540785,1072.0,-928.4506109540785,-46.41207365330908,155.0,6.916129032258064,2021,2,February,1,Friday,False,6
2021-02-12,CARREFOUR,PIZZA INN,4817.93403444971,2469.0,-2348.9340344497105,-48.75396835353306,184.0,13.418478260869565,2021,2,February,1,Friday,False,6
2021-02-12,CARREFOUR,CREAMY INN,946.7285288808216,525.68,-421.0485288808216,-44.47405101212758,132.0,3.982424242424242,2021,2,February,1,Friday,False,6
2021-02-12,CARREFOUR,GALITOS,2004.2388072289152,1253.0,-751.2388072289152,-37.48249981585713,123.0,10.1869918699187,2021,2,February,1,Friday,False,6
2021-02-12,CITY MARKET,CHICKEN INN,518.2967274268377,543.75,25.45327257316228,4.9109460326961525,134.0,4.057835820895522,2021,2,February,1,Friday,False,6
2021-02-12,CITY MARKET,PIZZA INN,687.023364614737,415.5,-271.52336461473703,-39.52170749927836,56.0,7.419642857142857,2021,2,February,1,Friday,False,6
2021-02-12,JUNCTION,CHICKEN INN,1789.876862432596,1662.75,-127.126862432596,-7.102547951808244,207.0,8.032608695652174,2021,2,February,1,Friday,False,6
2021-02-12,JUNCTION,PIZZA INN,4550.271032535838,3885.25,-665.0210325358375,-14.614976289999706,268.0,14.497201492537313,2021,2,February,1,Friday,False,6
2021-02-12,JUNCTION,CREAMY INN,847.0728942617874,405.0,-442.0728942617874,-52.18829421369314,78.0,5.1923076923076925,2021,2,February,1,Friday,False,6
2021-02-12,JUNCTION,GALITOS,1793.2663012048188,2226.0,432.7336987951812,24.13103388517623,177.0,12.576271186440678,2021,2,February,1,Friday,False,6
2021-02-12,OASIS,CHICKEN INN,944.5883438651938,301.25,-643.3383438651938,-68.10780040252195,50.0,6.025,2021,2,February,1,Friday,False,6
2021-02-12,OASIS,PIZZA INN,3639.138867826895,1499.0,-2140.138867826895,-58.80893655220349,114.0,13.149122807017545,2021,2,February,1,Friday,False,6
2021-02-12,OASIS,CREAMY INN,232.7060231019935,61.5,-171.2060231019935,-73.57180567129328,11.0,5.590909090909091,2021,2,February,1,Friday,False,6
2021-02-13,LA PIAZZA,CHICKEN INN,1081.2285732728983,1186.5,105.2714267271017,9.73627864905967,172.0,6.898255813953488,2021,2,February,1,Saturday,True,6
2021-02-13,LA PIAZZA,PIZZA INN,1795.356575401395,2204.0,408.64342459860495,22.76112891430734,181.0,12.176795580110497,2021,2,February,1,Saturday,True,6
2021-02-13,LA PIAZZA,CREAMY INN,579.6673231297343,398.0,-181.6673231297343,-31.33992824520068,119.0,3.3445378151260505,2021,2,February,1,Saturday,True,6
2021-02-13,LA PIAZZA,GALITOS,495.3094389957529,645.5,150.19056100424712,30.32257194790405,86.0,7.505813953488372,2021,2,February,1,Saturday,True,6
2021-02-13,CARREFOUR,CHICKEN INN,2100.3085405189827,1740.0,-360.3085405189827,-17.155029062061093,221.0,7.873303167420814,2021,2,February,1,Saturday,True,6
2021-02-13,CARREFOUR,PIZZA INN,3939.104703083655,3985.75,46.64529691634516,1.18415986454561,274.0,14.546532846715328,2021,2,February,1,Saturday,True,6
2021-02-13,CARREFOUR,CREAMY INN,983.4554900300544,923.0,-60.45549003005442,-6.147252279633611,186.0,4.962365591397849,2021,2,February,1,Saturday,True,6
2021-02-13,CARREFOUR,GALITOS,1157.8279452473923,800.75,-357.07794524739234,-30.84032879955197,73.0,10.969178082191782,2021,2,February,1,Saturday,True,6
2021-02-13,CITY MARKET,CHICKEN INN,786.8539386642911,569.75,-217.10393866429115,-27.591389964042342,139.0,4.098920863309353,2021,2,February,1,Saturday,True,6
2021-02-13,CITY MARKET,PIZZA INN,484.3280700747012,474.38,-9.94807007470115,-2.0539941187317083,66.0,7.1875757575757575,2021,2,February,1,Saturday,True,6
2021-02-13,JUNCTION,CHICKEN INN,1879.2234309906685,2184.25,305.0265690093315,16.231522233017866,256.0,8.5322265625,2021,2,February,1,Saturday,True,6
2021-02-13,JUNCTION,PIZZA INN,3720.26555291234,5325.0,1604.73444708766,43.13494357496669,335.0,15.8955223880597,2021,2,February,1,Saturday,True,6
2021-02-13,JUNCTION,CREAMY INN,879.9338595005751,622.0,-257.93385950057507,-29.312868997559757,101.0,6.158415841584159,2021,2,February,1,Saturday,True,6
2021-02-13,JUNCTION,GALITOS,1035.9513194318774,1181.0,145.04868056812256,14.001495808477586,116.0,10.18103448275862,2021,2,February,1,Saturday,True,6
2021-02-13,OASIS,CHICKEN INN,1031.788958278829,717.0,-314.78895827882934,-30.50904506711741,72.0,9.958333333333334,2021,2,February,1,Saturday,True,6
2021-02-13,OASIS,PIZZA INN,2857.74204717372,2144.0,-713.7420471737196,-24.9757338273272,152.0,14.105263157894736,2021,2,February,1,Saturday,True,6
2021-02-13,OASIS,CREAMY INN,226.3194321148198,163.5,-62.81943211481979,-27.75697673319951,27.0,6.055555555555555,2021,2,February,1,Saturday,True,6
2021-02-14,LA PIAZZA,CHICKEN INN,1259.8236907144162,1428.25,168.42630928558378,13.369038106441163,197.0,7.25,2021,2,February,1,Sunday,True,6
2021-02-14,LA PIAZZA,PIZZA INN,2112.622795370652,2837.75,725.1272046293484,34.32355298912353,215.0,13.198837209302326,2021,2,February,1,Sunday,True,6
2021-02-14,LA PIAZZA,CREAMY INN,556.4473040199597,504.75,-51.69730401995969,-9.290601939569342,121.0,4.171487603305785,2021,2,February,1,Sunday,True,6
2021-02-14,LA PIAZZA,GALITOS,703.3701963660599,627.5,-75.87019636605987,-10.78666636119086,76.0,8.256578947368421,2021,2,February,1,Sunday,True,6
2021-02-14,CARREFOUR,CHICKEN INN,2614.377675988247,1985.0,-629.3776759882471,-24.07370908070271,222.0,8.941441441441441,2021,2,February,1,Sunday,True,6
2021-02-14,CARREFOUR,PIZZA INN,5979.755607436364,5596.5,-383.2556074363638,-6.409218580099678,332.0,16.856927710843372,2021,2,February,1,Sunday,True,6
2021-02-14,CARREFOUR,CREAMY INN,1201.63662430306,1050.5,-151.13662430306,-12.577564735155944,206.0,5.099514563106796,2021,2,February,1,Sunday,True,6
2021-02-14,CARREFOUR,GALITOS,1778.809728951378,942.25,-836.559728951378,-47.02918560292204,106.0,8.889150943396226,2021,2,February,1,Sunday,True,6
2021-02-14,CITY MARKET,CHICKEN INN,489.87296618686497,384.75,-105.12296618686496,-21.459229931615614,91.0,4.228021978021978,2021,2,February,1,Sunday,True,6
2021-02-14,CITY MARKET,PIZZA INN,341.22541985675724,573.25,232.0245801432428,67.99744879518185,63.0,9.09920634920635,2021,2,February,1,Sunday,True,6
2021-02-14,JUNCTION,CHICKEN INN,2339.1800258842204,3926.0,1586.8199741157796,67.83659045292825,423.0,9.28132387706856,2021,2,February,1,Sunday,True,6
2021-02-14,JUNCTION,PIZZA INN,5647.546962578787,10978.5,5330.953037421213,94.39413382030538,563.0,19.5,2021,2,February,1,Sunday,True,6
2021-02-14,JUNCTION,CREAMY INN,1075.1485585869482,992.0,-83.14855858694818,-7.733680887432811,156.0,6.358974358974359,2021,2,February,1,Sunday,True,6
2021-02-14,JUNCTION,GALITOS,1591.5665995880752,2173.0,581.4334004119248,36.53214389912491,214.0,10.154205607476635,2021,2,February,1,Sunday,True,6
2021-02-14,OASIS,CHICKEN INN,997.8228214015598,1304.25,306.4271785984401,30.709578096041845,158.0,8.254746835443038,2021,2,February,1,Sunday,True,6
2021-02-14,OASIS,PIZZA INN,3539.866693266821,4173.25,633.3833067331789,17.892857602178548,298.0,14.004194630872483,2021,2,February,1,Sunday,True,6
2021-02-14,OASIS,CREAMY INN,202.4558918033,286.5,84.0441081967,41.5123054449582,49.0,5.846938775510204,2021,2,February,1,Sunday,True,6
2021-02-15,LA PIAZZA,CHICKEN INN,895.8092326892223,1358.5,462.6907673107777,51.6505914905318,201.0,6.758706467661692,2021,2,February,1,Monday,False,7
2021-02-15,LA PIAZZA,PIZZA INN,1066.7158122027995,1426.25,359.5341877972005,33.70477719410119,126.0,11.319444444444445,2021,2,February,1,Monday,False,7
2021-02-15,LA PIAZZA,CREAMY INN,428.5830653124924,353.0,-75.58306531249241,-17.63556972494529,116.0,3.043103448275862,2021,2,February,1,Monday,False,7
2021-02-15,LA PIAZZA,GALITOS,622.9588748575836,452.75,-170.20887485758362,-27.322650294771957,90.0,5.030555555555556,2021,2,February,1,Monday,False,7
2021-02-15,CARREFOUR,CHICKEN INN,1233.4199170542845,796.0,-437.4199170542842,-35.463990082060015,132.0,6.03030303030303,2021,2,February,1,Monday,False,7
2021-02-15,CARREFOUR,PIZZA INN,2166.117839140835,2469.82,303.70216085916536,14.0205742906224,177.0,13.953785310734464,2021,2,February,1,Monday,False,7
2021-02-15,CARREFOUR,CREAMY INN,531.0036888917881,578.25,47.2463111082119,8.897548566341525,147.0,3.933673469387755,2021,2,February,1,Monday,False,7
2021-02-15,CARREFOUR,GALITOS,846.4995398828513,578.25,-268.2495398828513,-31.6892717886149,69.0,8.380434782608695,2021,2,February,1,Monday,False,7
2021-02-15,CITY MARKET,CHICKEN INN,649.4805170266945,449.75,-199.7305170266945,-30.75234926846702,132.0,3.4071969696969697,2021,2,February,1,Monday,False,7
2021-02-15,CITY MARKET,PIZZA INN,476.78310434647176,424.0,-52.78310434647176,-11.070674246903472,62.0,6.838709677419355,2021,2,February,1,Monday,False,7
2021-02-15,JUNCTION,CHICKEN INN,1103.5862415748857,1303.0,199.41375842511437,18.06961258782445,188.0,6.930851063829787,2021,2,February,1,Monday,False,7
2021-02-15,JUNCTION,PIZZA INN,2045.7779591885665,3314.25,1268.4720408114335,62.00438493894801,239.0,13.867154811715482,2021,2,February,1,Monday,False,7
2021-02-15,JUNCTION,CREAMY INN,475.1085637452841,468.5,-6.608563745284073,-1.3909586670441634,73.0,6.417808219178082,2021,2,February,1,Monday,False,7
2021-02-15,JUNCTION,GALITOS,757.3943251583407,991.5,234.1056748416593,30.909351584158905,109.0,9.096330275229358,2021,2,February,1,Monday,False,7
2021-02-15,OASIS,CHICKEN INN,584.9442006330172,530.25,-54.6942006330172,-9.35032787295404,67.0,7.914179104477612,2021,2,February,1,Monday,False,7
2021-02-15,OASIS,PIZZA INN,1456.1036170079374,1620.25,164.14638299206263,11.27298779254168,133.0,12.18233082706767,2021,2,February,1,Monday,False,7
2021-02-15,OASIS,CREAMY INN,84.76835083875402,91.0,6.231649161245983,7.351386572448246,16.0,5.6875,2021,2,February,1,Monday,False,7
2021-02-16,LA PIAZZA,CHICKEN INN,821.3463949144694,872.25,50.90360508553056,6.197580631108923,180.0,4.845833333333333,2021,2,February,1,Tuesday,False,7
2021-02-16,LA PIAZZA,PIZZA INN,3712.9370302320494,4125.75,412.81296976794965,11.118232450663182,316.0,13.05617088607595,2021,2,February,1,Tuesday,False,7
2021-02-16,LA PIAZZA,CREAMY INN,485.6791510531762,525.0,39.32084894682379,8.096054537560047,128.0,4.1015625,2021,2,February,1,Tuesday,False,7
2021-02-16,LA PIAZZA,GALITOS,521.1339402005553,504.0,-17.133940200555344,-3.287818903900492,99.0,5.090909090909091,2021,2,February,1,Tuesday,False,7
2021-02-16,CARREFOUR,CHICKEN INN,1493.9442233431594,1003.75,-490.19422334315936,-32.812083321705224,161.0,6.234472049689441,2021,2,February,1,Tuesday,False,7
2021-02-16,CARREFOUR,PIZZA INN,7978.749321059731,6711.75,-1266.9993210597313,-15.879673242966971,445.0,15.082584269662922,2021,2,February,1,Tuesday,False,7
2021-02-16,CARREFOUR,CREAMY INN,582.7200436526099,745.25,162.5299563473901,27.89160217119334,177.0,4.21045197740113,2021,2,February,1,Tuesday,False,7
2021-02-16,CARREFOUR,GALITOS,986.4726805800274,741.0,-245.47268058002737,-24.883880254615267,83.0,8.927710843373495,2021,2,February,1,Tuesday,False,7
2021-02-16,CITY MARKET,CHICKEN INN,554.3543681800224,542.0,-12.354368180022448,-2.22860482196299,127.0,4.267716535433071,2021,2,February,1,Tuesday,False,7
2021-02-16,CITY MARKET,PIZZA INN,813.6097912051986,676.89,-136.7197912051986,-16.804098559664066,70.0,9.669857142857143,2021,2,February,1,Tuesday,False,7
2021-02-16,JUNCTION,CHICKEN INN,1336.6869366754584,1815.5,478.8130633245416,35.82088297469427,179.0,10.14245810055866,2021,2,February,1,Tuesday,False,7
2021-02-16,JUNCTION,PIZZA INN,7535.485469889745,5241.5,-2293.985469889745,-30.44243770432629,358.0,14.641061452513966,2021,2,February,1,Tuesday,False,7
2021-02-16,JUNCTION,CREAMY INN,521.3810916891772,466.0,-55.3810916891772,-10.62199849053843,81.0,5.753086419753086,2021,2,February,1,Tuesday,False,7
2021-02-16,JUNCTION,GALITOS,882.6334510452876,1008.0,125.36654895471236,14.203693368548734,116.0,8.689655172413794,2021,2,February,1,Tuesday,False,7
2021-02-16,OASIS,CHICKEN INN,478.2645791832487,447.25,-31.014579183248657,-6.484816257188329,58.0,7.711206896551724,2021,2,February,1,Tuesday,False,7
2021-02-16,OASIS,PIZZA INN,1586.3570010875364,2062.75,476.3929989124636,30.030629838420325,156.0,13.22275641025641,2021,2,February,1,Tuesday,False,7
2021-02-16,OASIS,CREAMY INN,97.72345969279606,40.5,-57.223459692796055,-58.556522530704505,10.0,4.05,2021,2,February,1,Tuesday,False,7
2021-02-17,LA PIAZZA,CHICKEN INN,880.7691143636305,1037.5,156.73088563636952,17.794775393504807,149.0,6.963087248322148,2021,2,February,1,Wednesday,False,7
2021-02-17,LA PIAZZA,PIZZA INN,1300.7550097066544,1509.25,208.4949902933456,16.028767042024718,129.0,11.699612403100776,2021,2,February,1,Wednesday,False,7
2021-02-17,LA PIAZZA,CREAMY INN,321.49770269393014,339.0,17.502297306069863,5.443988295845545,108.0,3.138888888888889,2021,2,February,1,Wednesday,False,7
2021-02-17,LA PIAZZA,GALITOS,452.1077033353824,635.0,182.8922966646176,40.45325822040783,86.0,7.383720930232558,2021,2,February,1,Wednesday,False,7
2021-02-17,CARREFOUR,CHICKEN INN,1253.7750776298844,901.75,-352.02507762988444,-28.07721128859467,137.0,6.582116788321168,2021,2,February,1,Wednesday,False,7
2021-02-17,CARREFOUR,PIZZA INN,2871.58895339946,2322.0,-549.5889533994596,-19.138844810948388,174.0,13.344827586206897,2021,2,February,1,Wednesday,False,7
2021-02-17,CARREFOUR,CREAMY INN,633.5621808305802,585.25,-48.312180830580246,-7.625483700312491,146.0,4.008561643835616,2021,2,February,1,Wednesday,False,7
2021-02-17,CARREFOUR,GALITOS,832.3012225701223,518.75,-313.55122257012226,-37.67280571832936,61.0,8.504098360655737,2021,2,February,1,Wednesday,False,7
2021-02-17,CITY MARKET,CHICKEN INN,534.7174571269586,427.5,-107.2174571269586,-20.05123560076735,120.0,3.5625,2021,2,February,1,Wednesday,False,7
2021-02-17,CITY MARKET,PIZZA INN,345.03685607848405,401.75,56.71314392151595,16.43683650671094,54.0,7.439814814814815,2021,2,February,1,Wednesday,False,7
2021-02-17,JUNCTION,CHICKEN INN,1121.7987536688436,1427.75,305.9512463311564,27.27327386757586,164.0,8.705792682926829,2021,2,February,1,Wednesday,False,7
2021-02-17,JUNCTION,PIZZA INN,2712.0562337661563,3295.25,583.1937662338437,21.50374903635309,222.0,14.843468468468467,2021,2,February,1,Wednesday,False,7
2021-02-17,JUNCTION,CREAMY INN,566.8714249536769,309.0,-257.87142495367686,-45.49028467517998,70.0,4.414285714285715,2021,2,February,1,Wednesday,False,7
2021-02-17,JUNCTION,GALITOS,744.690567562741,714.0,-30.690567562740966,-4.121251013449322,80.0,8.925,2021,2,February,1,Wednesday,False,7
2021-02-17,OASIS,CHICKEN INN,671.0640049383782,403.75,-267.31400493837816,-39.83435305294386,49.0,8.239795918367347,2021,2,February,1,Wednesday,False,7
2021-02-17,OASIS,PIZZA INN,1747.9003042477095,1310.75,-437.1503042477095,-25.010025067525664,105.0,12.483333333333333,2021,2,February,1,Wednesday,False,7
2021-02-17,OASIS,CREAMY INN,64.2106134332638,33.5,-30.7106134332638,-47.82793963677415,11.0,3.0454545454545454,2021,2,February,1,Wednesday,False,7
2021-02-18,LA PIAZZA,CHICKEN INN,796.681942231141,905.0,108.31805776885903,13.59614822767412,131.0,6.908396946564886,2021,2,February,1,Thursday,False,7
2021-02-18,LA PIAZZA,PIZZA INN,1035.6560016265232,1841.0,805.3439983734768,77.76172755322851,177.0,10.401129943502823,2021,2,February,1,Thursday,False,7
2021-02-18,LA PIAZZA,CREAMY INN,331.7954937307731,418.75,86.9545062692269,26.207259565672064,112.0,3.7388392857142856,2021,2,February,1,Thursday,False,7
2021-02-18,LA PIAZZA,GALITOS,433.0077258087881,618.5,185.4922741912119,42.83809806043124,90.0,6.872222222222222,2021,2,February,1,Thursday,False,7
2021-02-18,CARREFOUR,CHICKEN INN,1523.602058081771,1060.0,-463.602058081771,-30.42802781885516,157.0,6.751592356687898,2021,2,February,1,Thursday,False,7
2021-02-18,CARREFOUR,PIZZA INN,2323.2225550864264,3105.25,782.0274449135736,33.66132285524756,250.0,12.421,2021,2,February,1,Thursday,False,7
2021-02-18,CARREFOUR,CREAMY INN,698.8534647992758,555.25,-143.6034647992758,-20.548437123442103,135.0,4.112962962962963,2021,2,February,1,Thursday,False,7
2021-02-18,CARREFOUR,GALITOS,1014.8496090051906,484.25,-530.5996090051906,-52.28357032381502,56.0,8.647321428571429,2021,2,February,1,Thursday,False,7
2021-02-18,CITY MARKET,CHICKEN INN,564.7068311764772,506.25,-58.45683117647718,-10.351713127799718,114.0,4.440789473684211,2021,2,February,1,Thursday,False,7
2021-02-18,CITY MARKET,PIZZA INN,313.44867946728664,453.01,139.56132053271335,44.524456370306325,59.0,7.678135593220339,2021,2,February,1,Thursday,False,7
2021-02-18,JUNCTION,CHICKEN INN,1363.2228940731634,1518.5,155.2771059268366,11.390441475266403,205.0,7.407317073170732,2021,2,February,1,Thursday,False,7
2021-02-18,JUNCTION,PIZZA INN,2194.1546353594026,4853.5,2659.3453646405974,121.20136483475316,307.0,15.80944625407166,2021,2,February,1,Thursday,False,7
2021-02-18,JUNCTION,CREAMY INN,625.2899421888255,337.5,-287.78994218882553,-46.025039389154045,67.0,5.037313432835821,2021,2,February,1,Thursday,False,7
2021-02-18,JUNCTION,GALITOS,908.0233343730652,958.75,50.726665626934846,5.586493618245893,97.0,9.8840206185567,2021,2,February,1,Thursday,False,7
2021-02-18,OASIS,CHICKEN INN,590.9619314901047,520.25,-70.71193149010469,-11.965564568906368,65.0,8.003846153846155,2021,2,February,1,Thursday,False,7
2021-02-18,OASIS,PIZZA INN,1479.3935483207647,1556.25,76.8564516792353,5.195132273388228,115.0,13.532608695652174,2021,2,February,1,Thursday,False,7
2021-02-18,OASIS,CREAMY INN,110.65223702477704,67.5,-43.15223702477704,-38.99807015660648,12.0,5.625,2021,2,February,1,Thursday,False,7
2021-02-19,LA PIAZZA,CHICKEN INN,709.1491242615176,898.0,188.8508757384824,26.630629479398277,143.0,6.27972027972028,2021,2,February,1,Friday,False,7
2021-02-19,LA PIAZZA,PIZZA INN,1337.6452733764208,1401.75,64.10472662357915,4.792356232214616,124.0,11.304435483870968,2021,2,February,1,Friday,False,7
2021-02-19,LA PIAZZA,CREAMY INN,399.66426863863967,365.75,-33.91426863863967,-8.485689439829205,107.0,3.4182242990654204,2021,2,February,1,Friday,False,7
2021-02-19,LA PIAZZA,GALITOS,923.7897627241632,1075.0,151.2102372758368,16.368468603714874,116.0,9.267241379310343,2021,2,February,1,Friday,False,7
2021-02-19,CARREFOUR,CHICKEN INN,1220.9105545492716,895.0,-325.91055454927164,-26.694056606758497,154.0,5.811688311688312,2021,2,February,1,Friday,False,7
2021-02-19,CARREFOUR,PIZZA INN,2681.5935108519107,2927.5,245.90648914808932,9.17016274662627,214.0,13.679906542056075,2021,2,February,1,Friday,False,7
2021-02-19,CARREFOUR,CREAMY INN,566.0980189785464,568.0,1.9019810214535935,0.3359808650956741,145.0,3.9172413793103447,2021,2,February,1,Friday,False,7
2021-02-19,CARREFOUR,GALITOS,1648.5792299633313,1168.75,-479.8292299633313,-29.10562144920411,112.0,10.435267857142858,2021,2,February,1,Friday,False,7
2021-02-19,CITY MARKET,CHICKEN INN,642.8782428531058,465.25,-177.6282428531058,-27.6301531165199,121.0,3.8450413223140494,2021,2,February,1,Friday,False,7
2021-02-19,CITY MARKET,PIZZA INN,450.6184336797125,364.64,-85.97843367971251,-19.08009687433774,45.0,8.103111111111112,2021,2,February,1,Friday,False,7
2021-02-19,JUNCTION,CHICKEN INN,1462.0992920849635,1609.75,147.65070791503626,10.098541782650432,219.0,7.350456621004566,2021,2,February,1,Friday,False,7
2021-02-19,JUNCTION,PIZZA INN,4168.287197061665,4151.5,-16.78719706166521,-0.402736094420244,268.0,15.490671641791044,2021,2,February,1,Friday,False,7
2021-02-19,JUNCTION,CREAMY INN,382.5747417475917,427.5,44.92525825240836,11.742870960897973,69.0,6.195652173913044,2021,2,February,1,Friday,False,7
2021-02-19,JUNCTION,GALITOS,1215.3173464299102,1909.75,694.4326535700898,57.14002648032961,162.0,11.78858024691358,2021,2,February,1,Friday,False,7
2021-02-19,OASIS,CHICKEN INN,500.8028283902602,591.0,90.19717160973975,18.01051561542937,66.0,8.954545454545455,2021,2,February,1,Friday,False,7
2021-02-19,OASIS,PIZZA INN,1846.4227555880937,1522.5,-323.92275558809365,-17.54326058903682,116.0,13.125,2021,2,February,1,Friday,False,7
2021-02-19,OASIS,CREAMY INN,92.9359102271486,50.5,-42.4359102271486,-45.66147802655528,12.0,4.208333333333333,2021,2,February,1,Friday,False,7
2021-02-20,LA PIAZZA,CHICKEN INN,1237.3138146251108,1075.25,-162.0638146251108,-13.098036464921709,167.0,6.438622754491018,2021,2,February,1,Saturday,True,7
2021-02-20,LA PIAZZA,PIZZA INN,1705.2955652417734,1968.2,262.90443475822667,15.416942383296036,167.0,11.78562874251497,2021,2,February,1,Saturday,True,7
2021-02-20,LA PIAZZA,CREAMY INN,537.3847264371952,385.75,-151.63472643719524,-28.21716341707694,105.0,3.673809523809524,2021,2,February,1,Saturday,True,7
2021-02-20,LA PIAZZA,GALITOS,639.3623849686587,451.5,-187.86238496865872,-29.382770926986524,73.0,6.184931506849315,2021,2,February,1,Saturday,True,7
2021-02-20,CARREFOUR,CHICKEN INN,1807.045626868911,1489.75,-317.2956268689111,-17.558805497274182,226.0,6.591814159292035,2021,2,February,1,Saturday,True,7
2021-02-20,CARREFOUR,PIZZA INN,3770.8455014196215,3696.0,-74.84550141962154,-1.9848466714280453,241.0,15.33609958506224,2021,2,February,1,Saturday,True,7
2021-02-20,CARREFOUR,CREAMY INN,769.5301565506822,714.25,-55.28015655068225,-7.183624459692169,163.0,4.381901840490798,2021,2,February,1,Saturday,True,7
2021-02-20,CARREFOUR,GALITOS,1039.3630850040477,843.75,-195.6130850040477,-18.82047648472005,83.0,10.16566265060241,2021,2,February,1,Saturday,True,7
2021-02-20,CITY MARKET,CHICKEN INN,670.3674910207138,583.75,-86.61749102071383,-12.920896699335533,150.0,3.8916666666666666,2021,2,February,1,Saturday,True,7
2021-02-20,CITY MARKET,PIZZA INN,660.1874976322022,435.51,-224.67749763220215,-34.03237692898155,67.0,6.500149253731343,2021,2,February,1,Saturday,True,7
2021-02-20,JUNCTION,CHICKEN INN,3375.657807511649,2485.5,-890.157807511649,-26.36990649735984,278.0,8.940647482014388,2021,2,February,1,Saturday,True,7
2021-02-20,JUNCTION,PIZZA INN,7986.466822960188,5674.5,-2311.9668229601884,-28.94855602872531,350.0,16.212857142857143,2021,2,February,1,Saturday,True,7
2021-02-20,JUNCTION,CREAMY INN,1238.2930602778597,653.0,-585.2930602778595,-47.26611809861279,114.0,5.728070175438597,2021,2,February,1,Saturday,True,7
2021-02-20,JUNCTION,GALITOS,1338.7798814562373,1248.25,-90.52988145623726,-6.762118456528102,117.0,10.66880341880342,2021,2,February,1,Saturday,True,7
2021-02-20,OASIS,CHICKEN INN,1156.240883797145,685.75,-470.490883797145,-40.691424286264,81.0,8.466049382716049,2021,2,February,1,Saturday,True,7
2021-02-20,OASIS,PIZZA INN,3537.7586479785173,1706.3,-1831.458647978517,-51.76889749177821,137.0,12.454744525547444,2021,2,February,1,Saturday,True,7
2021-02-20,OASIS,CREAMY INN,300.8089142508287,97.5,-203.3089142508287,-67.58739672232589,24.0,4.0625,2021,2,February,1,Saturday,True,7
2021-02-21,LA PIAZZA,CHICKEN INN,1581.7777955403378,1458.5,-123.27779554033782,-7.793622839308218,188.0,7.757978723404255,2021,2,February,1,Sunday,True,7
2021-02-21,LA PIAZZA,PIZZA INN,2198.777484894378,3053.5,854.7225151056214,38.87262449145368,227.0,13.451541850220265,2021,2,February,1,Sunday,True,7
2021-02-21,LA PIAZZA,CREAMY INN,383.0095078921598,374.0,-9.009507892159776,-2.3522935348896072,99.0,3.7777777777777777,2021,2,February,1,Sunday,True,7
2021-02-21,LA PIAZZA,GALITOS,845.7087216982343,599.5,-246.20872169823429,-29.112709303013013,84.0,7.136904761904762,2021,2,February,1,Sunday,True,7
2021-02-21,CARREFOUR,CHICKEN INN,2104.664079722437,2178.0,73.33592027756322,3.4844477550657285,252.0,8.642857142857142,2021,2,February,1,Sunday,True,7
2021-02-21,CARREFOUR,PIZZA INN,5631.913962787096,5628.75,-3.1639627870963523,-0.0561791747530635,322.0,17.4805900621118,2021,2,February,1,Sunday,True,7
2021-02-21,CARREFOUR,CREAMY INN,1218.2726075074231,1190.25,-28.02260750742312,-2.3001918728811583,203.0,5.863300492610837,2021,2,February,1,Sunday,True,7
2021-02-21,CARREFOUR,GALITOS,1696.0265744321157,1304.5,-391.52657443211547,-23.084931588599147,107.0,12.19158878504673,2021,2,February,1,Sunday,True,7
2021-02-21,CITY MARKET,CHICKEN INN,589.3318574599548,460.5,-128.8318574599548,-21.8606640433839,105.0,4.385714285714286,2021,2,February,1,Sunday,True,7
2021-02-21,CITY MARKET,PIZZA INN,341.3692476387092,286.25,-55.119247638709226,-16.146518182283693,31.0,9.233870967741936,2021,2,February,1,Sunday,True,7
2021-02-21,JUNCTION,CHICKEN INN,3935.1238901416273,3661.25,-273.87389014162727,-6.95972726113511,373.0,9.8156836461126,2021,2,February,1,Sunday,True,7
2021-02-21,JUNCTION,PIZZA INN,8600.932192482394,8485.25,-115.68219248239438,-1.3449959829180596,463.0,18.32667386609071,2021,2,February,1,Sunday,True,7
2021-02-21,JUNCTION,CREAMY INN,1096.2760816546806,772.5,-323.77608165468064,-29.534173651402156,135.0,5.722222222222222,2021,2,February,1,Sunday,True,7
2021-02-21,JUNCTION,GALITOS,1957.554243063773,1808.25,-149.30424306377267,-7.627080761251155,150.0,12.055,2021,2,February,1,Sunday,True,7
2021-02-21,OASIS,CHICKEN INN,1347.870958502927,966.0,-381.8709585029266,-28.331418233617025,104.0,9.288461538461538,2021,2,February,1,Sunday,True,7
2021-02-21,OASIS,PIZZA INN,3809.947867955114,3124.75,-685.1978679551139,-17.98444208956789,230.0,13.585869565217392,2021,2,February,1,Sunday,True,7
2021-02-21,OASIS,CREAMY INN,266.3098328013731,159.0,-107.30983280137308,-40.29510727131507,38.0,4.184210526315789,2021,2,February,1,Sunday,True,7
2021-02-22,LA PIAZZA,CHICKEN INN,798.6604639283761,789.25,-9.410463928376087,-1.178280928304474,123.0,6.416666666666667,2021,2,February,1,Monday,False,8
2021-02-22,LA PIAZZA,PIZZA INN,965.9725494337672,1448.0,482.0274505662329,49.900740020903015,125.0,11.584,2021,2,February,1,Monday,False,8
2021-02-22,LA PIAZZA,CREAMY INN,408.0041463310992,375.75,-32.25414633109915,-7.905347683629815,105.0,3.5785714285714287,2021,2,February,1,Monday,False,8
2021-02-22,LA PIAZZA,GALITOS,493.96120528799327,562.0,68.03879471200673,13.7741170730884,88.0,6.386363636363637,2021,2,February,1,Monday,False,8
2021-02-22,CARREFOUR,CHICKEN INN,1109.194173904934,1038.5,-70.6941739049339,-6.373471441528948,168.0,6.181547619047619,2021,2,February,1,Monday,False,8
2021-02-22,CARREFOUR,PIZZA INN,2051.2861420626577,1542.5,-508.78614206265775,-24.80327496148592,129.0,11.957364341085272,2021,2,February,1,Monday,False,8
2021-02-22,CARREFOUR,CREAMY INN,437.369867640616,459.5,22.130132359383992,5.059820988300954,123.0,3.735772357723577,2021,2,February,1,Monday,False,8
2021-02-22,CARREFOUR,GALITOS,757.1298472070098,547.25,-209.8798472070098,-27.72045613856585,64.0,8.55078125,2021,2,February,1,Monday,False,8
2021-02-22,CITY MARKET,CHICKEN INN,550.6041793571567,567.75,17.14582064284332,3.1140011800966474,145.0,3.9155172413793102,2021,2,February,1,Monday,False,8
2021-02-22,CITY MARKET,PIZZA INN,387.028575584206,486.16,99.13142441579409,25.61346388084102,72.0,6.752222222222223,2021,2,February,1,Monday,False,8
2021-02-22,JUNCTION,CHICKEN INN,1489.0987784911806,1101.25,-387.8487784911806,-26.045873120933305,165.0,6.674242424242424,2021,2,February,1,Monday,False,8
2021-02-22,JUNCTION,PIZZA INN,3080.9884408235657,2562.25,-518.7384408235657,-16.836753879053955,177.0,14.475988700564972,2021,2,February,1,Monday,False,8
2021-02-22,JUNCTION,CREAMY INN,264.0301779926069,285.5,21.46982200739308,8.131578810659382,50.0,5.71,2021,2,February,1,Monday,False,8
2021-02-22,JUNCTION,GALITOS,815.9083936285755,696.25,-119.65839362857548,-14.665665234355629,77.0,9.042207792207792,2021,2,February,1,Monday,False,8
2021-02-22,OASIS,CHICKEN INN,510.0507770285748,580.25,70.19922297142523,13.76318322273479,73.0,7.948630136986301,2021,2,February,1,Monday,False,8
2021-02-22,OASIS,PIZZA INN,1364.7829187131592,1350.75,-14.032918713159232,-1.0282161742169764,102.0,13.242647058823527,2021,2,February,1,Monday,False,8
2021-02-22,OASIS,CREAMY INN,64.13880019127909,84.5,20.36119980872091,31.74552649565997,16.0,5.28125,2021,2,February,1,Monday,False,8
2021-02-23,LA PIAZZA,CHICKEN INN,842.305311198739,631.75,-210.555311198739,-24.99750487137308,116.0,5.446120689655173,2021,2,February,1,Tuesday,False,8
2021-02-23,LA PIAZZA,PIZZA INN,3786.311167526661,3066.95,-719.3611675266611,-18.99899759154161,247.0,12.416801619433198,2021,2,February,1,Tuesday,False,8
2021-02-23,LA PIAZZA,CREAMY INN,380.80164816338686,332.0,-48.80164816338686,-12.815503398884454,110.0,3.018181818181818,2021,2,February,1,Tuesday,False,8
2021-02-23,LA PIAZZA,GALITOS,475.6019240576374,396.5,-79.1019240576374,-16.631960481314447,69.0,5.746376811594203,2021,2,February,1,Tuesday,False,8
2021-02-23,CARREFOUR,CHICKEN INN,1188.917035246772,1186.75,-2.167035246772002,-0.18226967757445,186.0,6.380376344086022,2021,2,February,1,Tuesday,False,8
2021-02-23,CARREFOUR,PIZZA INN,7675.794070504622,5558.54,-2117.254070504622,-27.583518409391484,358.0,15.526648044692738,2021,2,February,1,Tuesday,False,8
2021-02-23,CARREFOUR,CREAMY INN,613.9173588727007,535.0,-78.91735887270067,-12.854720221238225,138.0,3.8768115942028976,2021,2,February,1,Tuesday,False,8
2021-02-23,CARREFOUR,GALITOS,715.3864105552644,923.75,208.3635894447356,29.126020059985365,87.0,10.617816091954024,2021,2,February,1,Tuesday,False,8
2021-02-23,CITY MARKET,CHICKEN INN,636.4519484139231,426.75,-209.7019484139231,-32.94859084594102,112.0,3.810267857142857,2021,2,February,1,Tuesday,False,8
2021-02-23,CITY MARKET,PIZZA INN,990.290235684675,659.65,-330.6402356846751,-33.388215269645094,77.0,8.566883116883117,2021,2,February,1,Tuesday,False,8
2021-02-23,JUNCTION,CHICKEN INN,1148.552268702631,1406.25,257.69773129736905,22.436743918363977,187.0,7.520053475935829,2021,2,February,1,Tuesday,False,8
2021-02-23,JUNCTION,PIZZA INN,3343.474538580383,4776.75,1433.275461419617,42.86784436014207,317.0,15.068611987381704,2021,2,February,1,Tuesday,False,8
2021-02-23,JUNCTION,CREAMY INN,366.33522046178825,262.25,-104.08522046178824,-28.412561677957797,54.0,4.856481481481482,2021,2,February,1,Tuesday,False,8
2021-02-23,JUNCTION,GALITOS,926.5093369716642,1054.75,128.2406630283358,13.841270444990435,117.0,9.014957264957266,2021,2,February,1,Tuesday,False,8
2021-02-23,OASIS,CHICKEN INN,393.4057200042078,439.5,46.09427999579219,11.716728469351988,56.0,7.848214285714286,2021,2,February,1,Tuesday,False,8
2021-02-23,OASIS,PIZZA INN,1481.056169813841,2056.75,575.693830186159,38.87049268756092,156.0,13.184294871794872,2021,2,February,1,Tuesday,False,8
2021-02-23,OASIS,CREAMY INN,88.99096946745507,73.0,-15.990969467455074,-17.96920469925113,15.0,4.866666666666666,2021,2,February,1,Tuesday,False,8
2021-02-24,LA PIAZZA,CHICKEN INN,637.6456854661036,718.75,81.1043145338964,12.719338714667394,127.0,5.659448818897638,2021,2,February,1,Wednesday,False,8
2021-02-24,LA PIAZZA,PIZZA INN,1148.9227127187005,1154.5,5.577287281299505,0.4854362455853925,97.0,11.902061855670103,2021,2,February,1,Wednesday,False,8
2021-02-24,LA PIAZZA,CREAMY INN,350.41649936778293,278.5,-71.91649936778293,-20.523148738011415,94.0,2.9627659574468086,2021,2,February,1,Wednesday,False,8
2021-02-24,LA PIAZZA,GALITOS,470.7083350442878,307.75,-162.95833504428782,-34.61981080682488,48.0,6.411458333333333,2021,2,February,1,Wednesday,False,8
2021-02-24,CARREFOUR,CHICKEN INN,997.6989262389104,929.75,-67.9489262389103,-6.810564234549369,128.0,7.263671875,2021,2,February,1,Wednesday,False,8
2021-02-24,CARREFOUR,PIZZA INN,2180.2517699320088,2000.0,-180.2517699320088,-8.26747499613909,151.0,13.245033112582782,2021,2,February,1,Wednesday,False,8
2021-02-24,CARREFOUR,CREAMY INN,468.1303325605829,694.0,225.86966743941707,48.249312580099954,166.0,4.180722891566265,2021,2,February,1,Wednesday,False,8
2021-02-24,CARREFOUR,GALITOS,647.4508407900375,611.75,-35.700840790037546,-5.514062001444679,66.0,9.268939393939394,2021,2,February,1,Wednesday,False,8
2021-02-24,CITY MARKET,CHICKEN INN,586.6618201103416,442.75,-143.91182011034164,-24.530626534256847,96.0,4.611979166666667,2021,2,February,1,Wednesday,False,8
2021-02-24,CITY MARKET,PIZZA INN,292.29400987185375,458.13,165.83599012814625,56.73602076239993,69.0,6.639565217391304,2021,2,February,1,Wednesday,False,8
2021-02-24,JUNCTION,CHICKEN INN,1041.320898129244,1670.0,628.6791018707561,60.37323393779881,179.0,9.329608938547484,2021,2,February,1,Wednesday,False,8
2021-02-24,JUNCTION,PIZZA INN,3000.405756384208,2479.5,-520.905756384208,-17.361177076661523,186.0,13.330645161290322,2021,2,February,1,Wednesday,False,8
2021-02-24,JUNCTION,CREAMY INN,364.88667092962015,423.5,58.61332907037985,16.063433865931835,75.0,5.6466666666666665,2021,2,February,1,Wednesday,False,8
2021-02-24,JUNCTION,GALITOS,841.4441812930138,846.5,5.0558187069862015,0.6008501596882073,92.0,9.201086956521738,2021,2,February,1,Wednesday,False,8
2021-02-24,OASIS,CHICKEN INN,356.6764951382705,385.25,28.573504861729475,8.011042289358755,48.0,8.026041666666666,2021,2,February,1,Wednesday,False,8
2021-02-24,OASIS,PIZZA INN,1329.0872731827624,1328.25,-0.8372731827623738,-0.0629961026379673,106.0,12.53066037735849,2021,2,February,1,Wednesday,False,8
2021-02-24,OASIS,CREAMY INN,88.63908458173,55.5,-33.13908458173,-37.3865374829926,19.0,2.921052631578948,2021,2,February,1,Wednesday,False,8
2021-02-25,LA PIAZZA,CHICKEN INN,754.5209862337044,806.75,52.229013766295566,6.922141957509213,133.0,6.065789473684211,2021,2,February,1,Thursday,False,8
2021-02-25,LA PIAZZA,PIZZA INN,1130.3946441399553,1938.0,807.6053558600447,71.4445490384024,167.0,11.604790419161676,2021,2,February,1,Thursday,False,8
2021-02-25,LA PIAZZA,CREAMY INN,381.0432630016299,326.0,-55.043263001629896,-14.445410363125736,105.0,3.104761904761905,2021,2,February,1,Thursday,False,8
2021-02-25,LA PIAZZA,GALITOS,636.42456707459,429.25,-207.17456707459,-32.55288651519148,39.0,11.006410256410255,2021,2,February,1,Thursday,False,8
2021-02-25,CARREFOUR,CHICKEN INN,1164.7250874191975,1294.25,129.5249125808023,11.120642457165928,153.0,8.459150326797385,2021,2,February,1,Thursday,False,8
2021-02-25,CARREFOUR,PIZZA INN,2250.684127547994,2905.5,654.8158724520058,29.094081414498373,219.0,13.267123287671232,2021,2,February,1,Thursday,False,8
2021-02-25,CARREFOUR,CREAMY INN,745.4930503917938,873.75,128.25694960820624,17.204311903484655,158.0,5.530063291139241,2021,2,February,1,Thursday,False,8
2021-02-25,CARREFOUR,GALITOS,735.072386066003,686.25,-48.82238606600299,-6.641847386934649,67.0,10.242537313432836,2021,2,February,1,Thursday,False,8
2021-02-25,CITY MARKET,CHICKEN INN,607.9007535731735,474.25,-133.65075357317346,-21.985620644091835,123.0,3.855691056910569,2021,2,February,1,Thursday,False,8
2021-02-25,CITY MARKET,PIZZA INN,483.3752110192696,455.42,-27.95521101926954,-5.7833356742315685,62.0,7.345483870967742,2021,2,February,1,Thursday,False,8
2021-02-25,JUNCTION,CHICKEN INN,1369.816135015448,1276.75,-93.06613501544804,-6.7940603586479495,168.0,7.599702380952381,2021,2,February,1,Thursday,False,8
2021-02-25,JUNCTION,PIZZA INN,3423.868061788663,4148.0,724.131938211337,21.149528110993952,287.0,14.452961672473869,2021,2,February,1,Thursday,False,8
2021-02-25,JUNCTION,CREAMY INN,429.233803208926,300.0,-129.23380320892596,-30.108020906737043,58.0,5.172413793103448,2021,2,February,1,Thursday,False,8
2021-02-25,JUNCTION,GALITOS,1062.6398214557898,819.0,-243.63982145578984,-22.92778950463285,86.0,9.523255813953488,2021,2,February,1,Thursday,False,8
2021-02-25,OASIS,CHICKEN INN,469.1937124270808,314.0,-155.1937124270808,-33.076682043389496,45.0,6.977777777777778,2021,2,February,1,Thursday,False,8
2021-02-25,OASIS,PIZZA INN,1516.6680227490965,1786.75,270.0819772509037,17.807586973539273,131.0,13.639312977099236,2021,2,February,1,Thursday,False,8
2021-02-25,OASIS,CREAMY INN,104.27043358706896,80.5,-23.77043358706895,-22.796906821356917,19.0,4.2368421052631575,2021,2,February,1,Thursday,False,8
2021-02-26,LA PIAZZA,CHICKEN INN,802.6007401898188,639.0,-163.6007401898188,-20.38382622860857,107.0,5.97196261682243,2021,2,February,1,Friday,False,8
2021-02-26,LA PIAZZA,PIZZA INN,1321.422846277036,1431.75,110.32715372296389,8.349118076306803,122.0,11.73565573770492,2021,2,February,1,Friday,False,8
2021-02-26,LA PIAZZA,CREAMY INN,313.89933260849256,310.25,-3.649332608492557,-1.1625805566920866,84.0,3.693452380952381,2021,2,February,1,Friday,False,8
2021-02-26,LA PIAZZA,GALITOS,1180.5617046100065,787.25,-393.3117046100065,-33.315641450519124,69.0,11.409420289855072,2021,2,February,1,Friday,False,8
2021-02-26,CARREFOUR,CHICKEN INN,1203.219916284135,1404.0,200.78008371586495,16.686898296691062,167.0,8.407185628742514,2021,2,February,1,Friday,False,8
2021-02-26,CARREFOUR,PIZZA INN,3150.045044417863,2667.5,-482.5450444178632,-15.318671244811954,196.0,13.60969387755102,2021,2,February,1,Friday,False,8
2021-02-26,CARREFOUR,CREAMY INN,575.6601292165246,633.0,57.33987078347536,9.960716032481722,154.0,4.1103896103896105,2021,2,February,1,Friday,False,8
2021-02-26,CARREFOUR,GALITOS,2043.1979652126288,1178.75,-864.4479652126288,-42.30857606216677,112.0,10.524553571428571,2021,2,February,1,Friday,False,8
2021-02-26,CITY MARKET,CHICKEN INN,516.3366772815534,336.5,-179.83667728155342,-34.82934395216132,93.0,3.618279569892473,2021,2,February,1,Friday,False,8
2021-02-26,CITY MARKET,PIZZA INN,348.9142133669387,413.91,64.9957866330613,18.628013460921384,51.0,8.115882352941178,2021,2,February,1,Friday,False,8
2021-02-26,JUNCTION,CHICKEN INN,1773.034612094229,1643.75,-129.28461209422903,-7.291713946944546,219.0,7.505707762557078,2021,2,February,1,Friday,False,8
2021-02-26,JUNCTION,PIZZA INN,4714.863596335295,3709.0,-1005.8635963352954,-21.333885398447567,233.0,15.918454935622318,2021,2,February,1,Friday,False,8
2021-02-26,JUNCTION,CREAMY INN,525.7249393925346,481.0,-44.724939392534566,-8.507288896017261,76.0,6.328947368421052,2021,2,February,1,Friday,False,8
2021-02-26,JUNCTION,GALITOS,1380.4816716831922,2384.5,1004.0183283168078,72.72956598493839,181.0,13.17403314917127,2021,2,February,1,Friday,False,8
2021-02-26,OASIS,CHICKEN INN,607.305367957882,467.0,-140.30536795788203,-23.102935584065595,60.0,7.783333333333333,2021,2,February,1,Friday,False,8
2021-02-26,OASIS,PIZZA INN,2088.5392541819656,1642.5,-446.0392541819656,-21.356517637331613,129.0,12.732558139534884,2021,2,February,1,Friday,False,8
2021-02-26,OASIS,CREAMY INN,127.71027577087897,52.5,-75.21027577087895,-58.89132672911253,13.0,4.038461538461538,2021,2,February,1,Friday,False,8
2021-02-27,LA PIAZZA,CHICKEN INN,1027.724651782415,1322.25,294.5253482175849,28.65800170374237,194.0,6.815721649484536,2021,2,February,1,Saturday,True,8
2021-02-27,LA PIAZZA,PIZZA INN,1769.8784076870238,2529.25,759.3715923129762,42.905297280018544,193.0,13.104922279792746,2021,2,February,1,Saturday,True,8
2021-02-27,LA PIAZZA,CREAMY INN,624.6243461352399,470.75,-153.87434613523988,-24.634701975245125,112.0,4.203125,2021,2,February,1,Saturday,True,8
2021-02-27,LA PIAZZA,GALITOS,602.8851729864964,601.5,-1.3851729864964,-0.2297573482583267,72.0,8.354166666666666,2021,2,February,1,Saturday,True,8
2021-02-27,CARREFOUR,CHICKEN INN,2019.5898003053949,1367.5,-652.0898003053949,-32.288230026057185,200.0,6.8375,2021,2,February,1,Saturday,True,8
2021-02-27,CARREFOUR,PIZZA INN,4118.346519375318,3484.57,-633.7765193753185,-15.389101339424236,248.0,14.050685483870966,2021,2,February,1,Saturday,True,8
2021-02-27,CARREFOUR,CREAMY INN,765.3906768428808,801.25,35.859323157119206,4.685100595297739,171.0,4.685672514619883,2021,2,February,1,Saturday,True,8
2021-02-27,CARREFOUR,GALITOS,1040.800081872946,806.75,-234.05008187294607,-22.48751570539532,78.0,10.342948717948715,2021,2,February,1,Saturday,True,8
2021-02-27,CITY MARKET,CHICKEN INN,578.2694072591712,592.5,14.230592740828795,2.460893238028563,138.0,4.293478260869565,2021,2,February,1,Saturday,True,8
2021-02-27,CITY MARKET,PIZZA INN,580.207265218421,472.88,-107.32726521842096,-18.498090536321925,63.0,7.506031746031746,2021,2,February,1,Saturday,True,8
2021-02-27,JUNCTION,CHICKEN INN,3006.0081867570057,2977.5,-28.50818675700566,-0.9483735567520648,327.0,9.105504587155965,2021,2,February,1,Saturday,True,8
2021-02-27,JUNCTION,PIZZA INN,7599.482767591046,5501.5,-2097.9827675910456,-27.60691525662981,354.0,15.5409604519774,2021,2,February,1,Saturday,True,8
2021-02-27,JUNCTION,CREAMY INN,909.0485911023356,780.0,-129.04859110233554,-14.196005842311235,118.0,6.610169491525424,2021,2,February,1,Saturday,True,8
2021-02-27,JUNCTION,GALITOS,1427.1494480141655,1127.0,-300.1494480141655,-21.03139572606178,112.0,10.0625,2021,2,February,1,Saturday,True,8
2021-02-27,OASIS,CHICKEN INN,1029.6273380622806,669.75,-359.8773380622806,-34.95219335760413,83.0,8.069277108433734,2021,2,February,1,Saturday,True,8
2021-02-27,OASIS,PIZZA INN,3366.336638864788,2284.0,-1082.3366388647871,-32.15176481071656,174.0,13.126436781609195,2021,2,February,1,Saturday,True,8
2021-02-27,OASIS,CREAMY INN,220.82811287772213,120.5,-100.32811287772212,-45.43267230349255,36.0,3.3472222222222223,2021,2,February,1,Saturday,True,8
2021-02-28,LA PIAZZA,CHICKEN INN,1443.9435784884674,1535.25,91.30642151153256,6.323406459351612,199.0,7.714824120603015,2021,2,February,1,Sunday,True,8
2021-02-28,LA PIAZZA,PIZZA INN,2136.1768306274275,2888.3,752.1231693725726,35.20884407081893,199.0,14.514070351758797,2021,2,February,1,Sunday,True,8
2021-02-28,LA PIAZZA,CREAMY INN,442.79668303810257,554.5,111.70331696189744,25.22677365048947,118.0,4.6991525423728815,2021,2,February,1,Sunday,True,8
2021-02-28,LA PIAZZA,GALITOS,1012.15732759448,802.25,-209.90732759448,-20.738606723655437,92.0,8.720108695652174,2021,2,February,1,Sunday,True,8
2021-02-28,CARREFOUR,CHICKEN INN,2270.903007499925,2615.75,344.8469925000745,15.185456682261488,289.0,9.051038062283736,2021,2,February,1,Sunday,True,8
2021-02-28,CARREFOUR,PIZZA INN,4816.817651231451,5257.0,440.1823487685488,9.138447428168954,388.0,13.54896907216495,2021,2,February,1,Sunday,True,8
2021-02-28,CARREFOUR,CREAMY INN,1162.6928417491742,1371.25,208.55715825082572,17.937425153239005,234.0,5.860042735042735,2021,2,February,1,Sunday,True,8
2021-02-28,CARREFOUR,GALITOS,1224.638705843135,1089.75,-134.88870584313509,-11.014571497662027,108.0,10.09027777777778,2021,2,February,1,Sunday,True,8
2021-02-28,CITY MARKET,CHICKEN INN,450.3017990122574,572.0,121.6982009877426,27.02591934002687,117.0,4.888888888888889,2021,2,February,1,Sunday,True,8
2021-02-28,CITY MARKET,PIZZA INN,539.0605339316668,478.88,-60.18053393166679,-11.163965852357409,44.0,10.883636363636365,2021,2,February,1,Sunday,True,8
2021-02-28,JUNCTION,CHICKEN INN,3804.29805257674,3424.75,-379.54805257674025,-9.976822197715643,339.0,10.10250737463127,2021,2,February,1,Sunday,True,8
2021-02-28,JUNCTION,PIZZA INN,9042.145786045412,9571.25,529.104213954588,5.851533767251856,507.0,18.878205128205128,2021,2,February,1,Sunday,True,8
2021-02-28,JUNCTION,CREAMY INN,998.7699753907092,925.5,-73.2699753907093,-7.336021025466528,160.0,5.784375,2021,2,February,1,Sunday,True,8
2021-02-28,JUNCTION,GALITOS,1620.2419793945764,1722.5,102.25802060542355,6.3112807781732405,172.0,10.01453488372093,2021,2,February,1,Sunday,True,8
2021-02-28,OASIS,CHICKEN INN,1303.060082912124,1041.0,-262.060082912124,-20.11112813205536,124.0,8.39516129032258,2021,2,February,1,Sunday,True,8
2021-02-28,OASIS,PIZZA INN,4005.391891055017,3722.0,-283.3918910550169,-7.075260018573906,246.0,15.130081300813009,2021,2,February,1,Sunday,True,8
2021-02-28,OASIS,CREAMY INN,242.62343182008223,204.5,-38.12343182008223,-15.71300493694802,51.0,4.009803921568627,2021,2,February,1,Sunday,True,8
2021-03-01,LA PIAZZA,CHICKEN INN,1137.6884515031843,811.25,-326.4384515031843,-28.69313220784422,141.0,5.75354609929078,2021,3,March,1,Monday,False,9
2021-03-01,LA PIAZZA,PIZZA INN,1184.1038159875438,1212.25,28.14618401245616,2.3770030661527946,114.0,10.633771929824562,2021,3,March,1,Monday,False,9
2021-03-01,LA PIAZZA,CREAMY INN,553.7547214404684,316.75,-237.0047214404684,-42.79958477355352,96.0,3.2994791666666665,2021,3,March,1,Monday,False,9
2021-03-01,LA PIAZZA,GALITOS,637.2691428136517,600.25,-37.01914281365168,-5.809027979953002,80.0,7.503125,2021,3,March,1,Monday,False,9
2021-03-01,CARREFOUR,CHICKEN INN,1412.190335322818,1331.25,-80.94033532281787,-5.731545762513338,159.0,8.372641509433961,2021,3,March,1,Monday,False,9
2021-03-01,CARREFOUR,PIZZA INN,2256.7008370132226,1826.32,-430.3808370132226,-19.0712401907396,156.0,11.707179487179486,2021,3,March,1,Monday,False,9
2021-03-01,CARREFOUR,CREAMY INN,688.0987843039695,540.75,-147.34878430396952,-21.41389981570986,139.0,3.8902877697841727,2021,3,March,1,Monday,False,9
2021-03-01,CARREFOUR,GALITOS,965.892561265838,541.5,-424.3925612658379,-43.93786413570219,59.0,9.177966101694915,2021,3,March,1,Monday,False,9
2021-03-01,CITY MARKET,CHICKEN INN,965.9130344677455,536.0,-429.9130344677456,-44.50846185181089,142.0,3.774647887323944,2021,3,March,1,Monday,False,9
2021-03-01,CITY MARKET,PIZZA INN,394.0008489026032,481.01,87.0091510973968,22.083493307118587,58.0,8.293275862068965,2021,3,March,1,Monday,False,9
2021-03-01,JUNCTION,CHICKEN INN,1910.7070915390468,1463.75,-446.9570915390468,-23.39223492278083,180.0,8.131944444444445,2021,3,March,1,Monday,False,9
2021-03-01,JUNCTION,PIZZA INN,4127.337268361509,2889.75,-1237.587268361509,-29.98512570921573,195.0,14.819230769230767,2021,3,March,1,Monday,False,9
2021-03-01,JUNCTION,CREAMY INN,663.6151296691181,227.0,-436.6151296691181,-65.7934260610991,50.0,4.54,2021,3,March,1,Monday,False,9
2021-03-01,JUNCTION,GALITOS,1343.0320962961166,896.25,-446.7820962961166,-33.26667303992774,106.0,8.455188679245284,2021,3,March,1,Monday,False,9
2021-03-01,OASIS,CHICKEN INN,654.4613767670692,367.0,-287.4613767670692,-43.92335238896462,58.0,6.327586206896552,2021,3,March,1,Monday,False,9
2021-03-01,OASIS,PIZZA INN,1828.2831993106429,1736.25,-92.03319931064289,-5.033859051231459,129.0,13.459302325581396,2021,3,March,1,Monday,False,9
2021-03-01,OASIS,CREAMY INN,161.20686858359483,47.0,-114.20686858359484,-70.84491472791815,9.0,5.222222222222222,2021,3,March,1,Monday,False,9
2021-03-02,LA PIAZZA,CHICKEN INN,1220.846762466727,924.5,-296.3467624667269,-24.273870528022435,165.0,5.603030303030304,2021,3,March,1,Tuesday,False,9
2021-03-02,LA PIAZZA,PIZZA INN,4510.471301139004,3410.0,-1100.471301139004,-24.398144399258413,284.0,12.007042253521126,2021,3,March,1,Tuesday,False,9
2021-03-02,LA PIAZZA,CREAMY INN,578.3665976528528,380.75,-197.6165976528528,-34.16805162241859,104.0,3.661057692307693,2021,3,March,1,Tuesday,False,9
2021-03-02,LA PIAZZA,GALITOS,831.8855502442403,310.0,-521.8855502442403,-62.73525848489802,56.0,5.535714285714286,2021,3,March,1,Tuesday,False,9
2021-03-02,CARREFOUR,CHICKEN INN,2090.115375773526,1240.0,-850.115375773526,-40.673131523129854,188.0,6.595744680851064,2021,3,March,1,Tuesday,False,9
2021-03-02,CARREFOUR,PIZZA INN,8508.22479712229,5406.5,-3101.7247971222896,-36.45560467762178,367.0,14.731607629427794,2021,3,March,1,Tuesday,False,9
2021-03-02,CARREFOUR,CREAMY INN,722.6009206413045,793.0,70.39907935869553,9.742456361142846,182.0,4.357142857142857,2021,3,March,1,Tuesday,False,9
2021-03-02,CARREFOUR,GALITOS,1138.7248589522603,694.25,-444.47485895226055,-39.032682518340856,75.0,9.256666666666666,2021,3,March,1,Tuesday,False,9
2021-03-02,CITY MARKET,CHICKEN INN,766.6840768607719,522.0,-244.68407686077197,-31.91458962636132,129.0,4.046511627906977,2021,3,March,1,Tuesday,False,9
2021-03-02,CITY MARKET,PIZZA INN,861.3261263225168,543.89,-317.4361263225168,-36.85434780410403,61.0,8.916229508196722,2021,3,March,1,Tuesday,False,9
2021-03-02,JUNCTION,CHICKEN INN,2118.051754196749,1322.0,-796.0517541967492,-37.58415027486636,176.0,7.511363636363637,2021,3,March,1,Tuesday,False,9
2021-03-02,JUNCTION,PIZZA INN,3953.864854310265,4959.25,1005.385145689735,25.427908710479187,329.0,15.07370820668693,2021,3,March,1,Tuesday,False,9
2021-03-02,JUNCTION,CREAMY INN,605.5417580838002,265.5,-340.04175808380023,-56.15496430169268,67.0,3.962686567164179,2021,3,March,1,Tuesday,False,9
2021-03-02,JUNCTION,GALITOS,1273.0780608548723,1023.75,-249.32806085487232,-19.584664014039205,107.0,9.567757009345794,2021,3,March,1,Tuesday,False,9
2021-03-02,OASIS,CHICKEN INN,725.4817199631369,568.0,-157.48171996313692,-21.70719339022613,71.0,8.0,2021,3,March,1,Tuesday,False,9
2021-03-02,OASIS,PIZZA INN,1751.4402665595585,2087.0,335.55973344044173,19.159073811840496,165.0,12.648484848484848,2021,3,March,1,Tuesday,False,9
2021-03-02,OASIS,CREAMY INN,147.09955552997525,65.5,-81.59955552997525,-55.47233316646377,20.0,3.275,2021,3,March,1,Tuesday,False,9
2021-03-03,LA PIAZZA,CHICKEN INN,1186.1189332431868,735.25,-450.8689332431868,-38.01211839780542,129.0,5.699612403100775,2021,3,March,1,Wednesday,False,9
2021-03-03,LA PIAZZA,PIZZA INN,1357.2600985281042,1585.25,227.9899014718958,16.79780476263481,141.0,11.24290780141844,2021,3,March,1,Wednesday,False,9
2021-03-03,LA PIAZZA,CREAMY INN,490.9132304007257,343.75,-147.1632304007257,-29.97744230290929,96.0,3.5807291666666665,2021,3,March,1,Wednesday,False,9
2021-03-03,LA PIAZZA,GALITOS,741.582759896767,431.75,-309.832759896767,-41.77993025888273,64.0,6.74609375,2021,3,March,1,Wednesday,False,9
2021-03-03,CARREFOUR,CHICKEN INN,1473.2337975566415,1224.75,-248.48379755664155,-16.866555598218827,166.0,7.378012048192771,2021,3,March,1,Wednesday,False,9
2021-03-03,CARREFOUR,PIZZA INN,2640.240115616182,2570.25,-69.99011561618181,-2.650899636067663,184.0,13.96875,2021,3,March,1,Wednesday,False,9
2021-03-03,CARREFOUR,CREAMY INN,513.2349091339906,650.75,137.51509086600936,26.79379138454282,170.0,3.827941176470589,2021,3,March,1,Wednesday,False,9
2021-03-03,CARREFOUR,GALITOS,971.4306259103925,794.75,-176.68062591039234,-18.187673025524923,79.0,10.060126582278482,2021,3,March,1,Wednesday,False,9
2021-03-03,CITY MARKET,CHICKEN INN,945.049532240529,542.75,-402.29953224052895,-42.56914780823761,132.0,4.111742424242424,2021,3,March,1,Wednesday,False,9
2021-03-03,CITY MARKET,PIZZA INN,412.35521464166527,409.01,-3.3452146416652795,-0.8112458683400561,61.0,6.705081967213115,2021,3,March,1,Wednesday,False,9
2021-03-03,JUNCTION,CHICKEN INN,3343.935069547629,1348.25,-1995.6850695476287,-59.68073625955923,177.0,7.617231638418079,2021,3,March,1,Wednesday,False,9
2021-03-03,JUNCTION,PIZZA INN,4144.550669069979,3205.25,-939.3006690699794,-22.663510331284108,236.0,13.58156779661017,2021,3,March,1,Wednesday,False,9
2021-03-03,JUNCTION,CREAMY INN,936.6672836341596,244.5,-692.1672836341597,-73.89681434677972,53.0,4.613207547169812,2021,3,March,1,Wednesday,False,9
2021-03-03,JUNCTION,GALITOS,1386.6041639560574,774.0,-612.6041639560574,-44.180176281042186,87.0,8.89655172413793,2021,3,March,1,Wednesday,False,9
2021-03-03,OASIS,CHICKEN INN,1145.375112243416,449.75,-695.625112243416,-60.73338811080969,64.0,7.02734375,2021,3,March,1,Wednesday,False,9
2021-03-03,OASIS,PIZZA INN,1835.9082052823,1513.25,-322.65820528229983,-17.574855014752007,131.0,11.551526717557252,2021,3,March,1,Wednesday,False,9
2021-03-03,OASIS,CREAMY INN,227.53730731644515,41.0,-186.53730731644515,-81.98097688526317,11.0,3.727272727272727,2021,3,March,1,Wednesday,False,9
2021-03-04,LA PIAZZA,CHICKEN INN,1038.2927681110427,1042.0,3.707231888957267,0.3570507281584753,139.0,7.496402877697841,2021,3,March,1,Thursday,False,9
2021-03-04,LA PIAZZA,PIZZA INN,1366.2431260121716,1972.22,605.9768739878284,44.35351676802726,193.0,10.218756476683938,2021,3,March,1,Thursday,False,9
2021-03-04,LA PIAZZA,CREAMY INN,543.0979039738878,314.5,-228.5979039738878,-42.09147232961496,87.0,3.614942528735632,2021,3,March,1,Thursday,False,9
2021-03-04,LA PIAZZA,GALITOS,630.1277020017953,397.25,-232.8777020017953,-36.95722331552594,70.0,5.675,2021,3,March,1,Thursday,False,9
2021-03-04,CARREFOUR,CHICKEN INN,2055.4368931043814,1217.5,-837.9368931043814,-40.76685087805458,180.0,6.763888888888889,2021,3,March,1,Thursday,False,9
2021-03-04,CARREFOUR,PIZZA INN,2690.124451369076,3121.9700000000003,431.8455486309249,16.052995184336076,244.0,12.794959016393443,2021,3,March,1,Thursday,False,9
2021-03-04,CARREFOUR,CREAMY INN,756.6483336002233,528.48,-228.1683336002233,-30.1551359420262,145.0,3.6446896551724137,2021,3,March,1,Thursday,False,9
2021-03-04,CARREFOUR,GALITOS,1127.0490666124674,415.0,-712.0490666124674,-63.17817810298613,61.0,6.80327868852459,2021,3,March,1,Thursday,False,9
2021-03-04,CITY MARKET,CHICKEN INN,958.6717826752454,401.75,-556.9217826752454,-58.093060914040194,108.0,3.719907407407408,2021,3,March,1,Thursday,False,9
2021-03-04,CITY MARKET,PIZZA INN,503.25650680119816,474.28,-28.976506801198184,-5.757800725792662,62.0,7.6496774193548385,2021,3,March,1,Thursday,False,9
2021-03-04,JUNCTION,CHICKEN INN,3565.6166240370176,1430.25,-2135.3666240370176,-59.88772347654526,178.0,8.035112359550562,2021,3,March,1,Thursday,False,9
2021-03-04,JUNCTION,PIZZA INN,4676.071731983097,4679.0,2.9282680169026207,0.0626223929986796,328.0,14.265243902439025,2021,3,March,1,Thursday,False,9
2021-03-04,JUNCTION,CREAMY INN,727.5085698129395,337.5,-390.0085698129395,-53.608793902348175,83.0,4.066265060240964,2021,3,March,1,Thursday,False,9
2021-03-04,JUNCTION,GALITOS,1388.9043090994735,1248.75,-140.1543090994735,-10.090998219333455,117.0,10.673076923076923,2021,3,March,1,Thursday,False,9
2021-03-04,OASIS,CHICKEN INN,1221.3061725286047,354.5,-866.8061725286047,-70.97369947242306,44.0,8.056818181818182,2021,3,March,1,Thursday,False,9
2021-03-04,OASIS,PIZZA INN,2071.355653895959,1456.25,-615.1056538959592,-29.69580104406614,100.0,14.5625,2021,3,March,1,Thursday,False,9
2021-03-04,OASIS,CREAMY INN,176.72800568267584,134.0,-42.72800568267584,-24.177269198293427,29.0,4.620689655172414,2021,3,March,1,Thursday,False,9
2021-03-05,LA PIAZZA,CHICKEN INN,1079.3898935240534,890.0,-189.38989352405335,-17.546013230281645,154.0,5.779220779220779,2021,3,March,1,Friday,False,9
2021-03-05,LA PIAZZA,PIZZA INN,1693.14204008468,1278.75,-414.3920400846801,-24.47473574419987,127.0,10.068897637795276,2021,3,March,1,Friday,False,9
2021-03-05,LA PIAZZA,CREAMY INN,563.6744319544954,291.0,-272.6744319544954,-48.37445456041334,91.0,3.197802197802198,2021,3,March,1,Friday,False,9
2021-03-05,LA PIAZZA,GALITOS,1470.8647523543364,854.25,-616.6147523543364,-41.92192051426573,104.0,8.213942307692308,2021,3,March,1,Friday,False,9
2021-03-05,CARREFOUR,CHICKEN INN,1959.002713075772,1147.25,-811.7527130757721,-41.43703873698384,148.0,7.751689189189189,2021,3,March,1,Friday,False,9
2021-03-05,CARREFOUR,PIZZA INN,2645.960186115847,2607.0,-38.96018611584714,-1.4724403760979854,185.0,14.091891891891892,2021,3,March,1,Friday,False,9
2021-03-05,CARREFOUR,CREAMY INN,720.2022548201586,522.5,-197.7022548201586,-27.45093527505364,131.0,3.9885496183206106,2021,3,March,1,Friday,False,9
2021-03-05,CARREFOUR,GALITOS,2106.428167469184,1471.75,-634.6781674691842,-30.130539330554654,137.0,10.742700729927009,2021,3,March,1,Friday,False,9
2021-03-05,CITY MARKET,CHICKEN INN,879.9917060838886,584.25,-295.74170608388863,-33.60732880085757,150.0,3.895,2021,3,March,1,Friday,False,9
2021-03-05,CITY MARKET,PIZZA INN,482.93512721030334,395.07,-87.86512721030334,-18.19398139825948,49.0,8.06265306122449,2021,3,March,1,Friday,False,9
2021-03-05,JUNCTION,CHICKEN INN,3244.3279322721555,1445.25,-1799.0779322721555,-55.45302354846036,198.0,7.299242424242424,2021,3,March,1,Friday,False,9
2021-03-05,JUNCTION,PIZZA INN,4924.395794903429,3576.5,-1347.8957949034293,-27.37180054248386,254.0,14.080708661417322,2021,3,March,1,Friday,False,9
2021-03-05,JUNCTION,CREAMY INN,864.4438703659803,615.75,-248.69387036598027,-28.769232901228225,119.0,5.17436974789916,2021,3,March,1,Friday,False,9
2021-03-05,JUNCTION,GALITOS,1559.0540610152868,2418.0,858.9459389847132,55.0940445532306,189.0,12.793650793650794,2021,3,March,1,Friday,False,9
2021-03-05,OASIS,CHICKEN INN,1111.2573636435382,461.25,-650.0073636435382,-58.492963458286994,60.0,7.6875,2021,3,March,1,Friday,False,9
2021-03-05,OASIS,PIZZA INN,2181.3555600587133,1270.75,-910.6055600587132,-41.74493955649319,108.0,11.766203703703704,2021,3,March,1,Friday,False,9
2021-03-05,OASIS,CREAMY INN,209.99263455229752,75.5,-134.49263455229752,-64.04635802538249,23.0,3.282608695652174,2021,3,March,1,Friday,False,9
2021-03-06,LA PIAZZA,CHICKEN INN,1858.0255205504163,1465.5,-392.52552055041633,-21.125948820882485,209.0,7.011961722488039,2021,3,March,1,Saturday,True,9
2021-03-06,LA PIAZZA,PIZZA INN,2280.350450367672,2338.25,57.89954963232822,2.5390636611575554,237.0,9.86603375527426,2021,3,March,1,Saturday,True,9
2021-03-06,LA PIAZZA,CREAMY INN,714.3315970535525,567.0,-147.3315970535525,-20.6250987162349,122.0,4.647540983606557,2021,3,March,1,Saturday,True,9
2021-03-06,LA PIAZZA,GALITOS,1048.208051244471,724.75,-323.4580512444711,-30.858191831330608,99.0,7.320707070707071,2021,3,March,1,Saturday,True,9
2021-03-06,CARREFOUR,CHICKEN INN,2376.1637381301325,1876.75,-499.4137381301325,-21.01764832600024,248.0,7.567540322580645,2021,3,March,1,Saturday,True,9
2021-03-06,CARREFOUR,PIZZA INN,3794.060050691485,3801.75,7.68994930851477,0.2026839113185159,256.0,14.8505859375,2021,3,March,1,Saturday,True,9
2021-03-06,CARREFOUR,CREAMY INN,1272.2250681330574,825.75,-446.4750681330575,-35.09403165496832,187.0,4.415775401069519,2021,3,March,1,Saturday,True,9
2021-03-06,CARREFOUR,GALITOS,1244.2890720707517,823.75,-420.5390720707517,-33.79753800866293,74.0,11.131756756756756,2021,3,March,1,Saturday,True,9
2021-03-06,CITY MARKET,CHICKEN INN,1378.5131333391082,858.5,-520.0131333391082,-37.72275510205003,186.0,4.615591397849462,2021,3,March,1,Saturday,True,9
2021-03-06,CITY MARKET,PIZZA INN,498.21935646441,542.25,44.03064353559,8.837601944663767,83.0,6.533132530120482,2021,3,March,1,Saturday,True,9
2021-03-06,JUNCTION,CHICKEN INN,3772.197003858105,2367.75,-1404.4470038581053,-37.23153913811165,262.0,9.037213740458014,2021,3,March,1,Saturday,True,9
2021-03-06,JUNCTION,PIZZA INN,8138.95190474627,6027.5,-2111.45190474627,-25.942552916610385,337.0,17.885756676557865,2021,3,March,1,Saturday,True,9
2021-03-06,JUNCTION,CREAMY INN,1523.9667643299006,573.75,-950.2167643299006,-62.35154116026395,88.0,6.519886363636363,2021,3,March,1,Saturday,True,9
2021-03-06,JUNCTION,GALITOS,1624.1464260397652,1037.25,-586.8964260397652,-36.13568435888032,97.0,10.693298969072163,2021,3,March,1,Saturday,True,9
2021-03-06,OASIS,CHICKEN INN,1292.0647311739658,662.0,-630.0647311739658,-48.76417690013805,72.0,9.194444444444445,2021,3,March,1,Saturday,True,9
2021-03-06,OASIS,PIZZA INN,3605.304839396423,2472.75,-1132.5548393964227,-31.41356667044077,173.0,14.29335260115607,2021,3,March,1,Saturday,True,9
2021-03-06,OASIS,CREAMY INN,370.2054081039273,135.0,-235.2054081039273,-63.5337580043937,43.0,3.13953488372093,2021,3,March,1,Saturday,True,9
2021-03-07,LA PIAZZA,CHICKEN INN,1693.3228869434515,1390.0,-303.3228869434515,-17.912879420827256,174.0,7.988505747126437,2021,3,March,1,Sunday,True,9
2021-03-07,LA PIAZZA,PIZZA INN,2650.5483501166937,2677.75,27.201649883306345,1.0262649946419111,217.0,12.339861751152071,2021,3,March,1,Sunday,True,9
2021-03-07,LA PIAZZA,CREAMY INN,641.2080886925954,413.5,-227.70808869259545,-35.512354367969,108.0,3.828703703703704,2021,3,March,1,Sunday,True,9
2021-03-07,LA PIAZZA,GALITOS,963.618413546483,659.5,-304.118413546483,-31.560045892773196,75.0,8.793333333333333,2021,3,March,1,Sunday,True,9
2021-03-07,CARREFOUR,CHICKEN INN,3469.0762585104,2568.0,-901.0762585103998,-25.9745301447284,287.0,8.94773519163763,2021,3,March,1,Sunday,True,9
2021-03-07,CARREFOUR,PIZZA INN,6438.2719096114215,6114.719999999999,-323.55190961142216,-5.025446488651797,373.0,16.393351206434314,2021,3,March,1,Sunday,True,9
2021-03-07,CARREFOUR,CREAMY INN,1463.1406785611312,940.57,-522.5706785611311,-35.71568245064671,196.0,4.798826530612245,2021,3,March,1,Sunday,True,9
2021-03-07,CARREFOUR,GALITOS,2355.053171522481,1402.25,-952.8031715224812,-40.45781993561183,117.0,11.985042735042734,2021,3,March,1,Sunday,True,9
2021-03-07,CITY MARKET,CHICKEN INN,740.1391225091526,486.5,-253.63912250915257,-34.269114386128955,106.0,4.589622641509434,2021,3,March,1,Sunday,True,9
2021-03-07,CITY MARKET,PIZZA INN,482.95506316150426,380.5,-102.45506316150426,-21.2142021021203,51.0,7.46078431372549,2021,3,March,1,Sunday,True,9
2021-03-07,JUNCTION,CHICKEN INN,5397.6552925658025,3506.75,-1890.9052925658025,-35.03197573898705,365.0,9.607534246575344,2021,3,March,1,Sunday,True,9
2021-03-07,JUNCTION,PIZZA INN,10607.606376545798,8221.25,-2386.3563765457984,-22.49665279645188,465.0,17.68010752688172,2021,3,March,1,Sunday,True,9
2021-03-07,JUNCTION,CREAMY INN,2066.1970891257297,823.0,-1243.1970891257297,-60.16836901322728,157.0,5.24203821656051,2021,3,March,1,Sunday,True,9
2021-03-07,JUNCTION,GALITOS,2332.4343021339905,1915.25,-417.1843021339905,-17.88621877805091,146.0,13.118150684931509,2021,3,March,1,Sunday,True,9
2021-03-07,OASIS,CHICKEN INN,1848.8217946798163,1051.75,-797.0717946798163,-43.11241878332872,130.0,8.090384615384615,2021,3,March,1,Sunday,True,9
2021-03-07,OASIS,PIZZA INN,4698.842682860793,3432.0,-1266.8426828607926,-26.96073838525493,237.0,14.481012658227847,2021,3,March,1,Sunday,True,9
2021-03-07,OASIS,CREAMY INN,501.9252089393676,297.0,-204.9252089393676,-40.82783755221239,97.0,3.061855670103093,2021,3,March,1,Sunday,True,9
2021-03-08,LA PIAZZA,CHICKEN INN,1309.0961775272956,1737.25,428.1538224727044,32.70606314666877,232.0,7.488146551724138,2021,3,March,1,Monday,False,10
2021-03-08,LA PIAZZA,PIZZA INN,1345.2430683838556,2708.25,1363.0069316161444,101.32049468603692,230.0,11.775,2021,3,March,1,Monday,False,10
2021-03-08,LA PIAZZA,CREAMY INN,413.0172668554382,602.5,189.4827331445618,45.877678332243526,143.0,4.213286713286713,2021,3,March,1,Monday,False,10
2021-03-08,LA PIAZZA,GALITOS,576.9701201219776,908.75,331.7798798780224,57.50382356158765,128.0,7.099609375,2021,3,March,1,Monday,False,10
2021-03-08,CARREFOUR,CHICKEN INN,1650.1996664465296,2147.0,496.8003335534704,30.10546806273809,257.0,8.354085603112841,2021,3,March,1,Monday,False,10
2021-03-08,CARREFOUR,PIZZA INN,2554.249022556433,4592.75,2038.500977443567,79.80823167364171,308.0,14.911525974025974,2021,3,March,1,Monday,False,10
2021-03-08,CARREFOUR,CREAMY INN,544.3266201332035,790.25,245.9233798667965,45.17937774320425,191.0,4.137434554973822,2021,3,March,1,Monday,False,10
2021-03-08,CARREFOUR,GALITOS,958.602539865363,1341.0,382.39746013463696,39.89113780027593,130.0,10.315384615384616,2021,3,March,1,Monday,False,10
2021-03-08,CITY MARKET,CHICKEN INN,1094.3554471370671,944.25,-150.10544713706713,-13.716333895879677,185.0,5.104054054054054,2021,3,March,1,Monday,False,10
2021-03-08,CITY MARKET,PIZZA INN,448.37947846188814,693.82,245.4405215381119,54.73946363024152,80.0,8.67275,2021,3,March,1,Monday,False,10
2021-03-08,JUNCTION,CHICKEN INN,2281.608281232492,3333.0,1051.391718767508,46.081166842520446,341.0,9.774193548387096,2021,3,March,1,Monday,False,10
2021-03-08,JUNCTION,PIZZA INN,3709.704724174703,6761.25,3051.545275825297,82.25844110825217,431.0,15.687354988399072,2021,3,March,1,Monday,False,10
2021-03-08,JUNCTION,CREAMY INN,753.8625677544132,605.5,-148.36256775441325,-19.68032027327632,127.0,4.767716535433071,2021,3,March,1,Monday,False,10
2021-03-08,JUNCTION,GALITOS,1415.2949895517752,1315.75,-99.5449895517752,-7.033515294454702,183.0,7.189890710382514,2021,3,March,1,Monday,False,10
2021-03-08,OASIS,CHICKEN INN,781.5036138143981,1114.75,333.24638618560186,42.64169484246885,137.0,8.136861313868613,2021,3,March,1,Monday,False,10
2021-03-08,OASIS,PIZZA INN,1643.284854281957,2541.0,897.715145718043,54.62930808245689,180.0,14.116666666666667,2021,3,March,1,Monday,False,10
2021-03-08,OASIS,CREAMY INN,183.1299776885308,266.0,82.87002231146923,45.25202446778832,107.0,2.485981308411215,2021,3,March,1,Monday,False,10
2021-03-09,LA PIAZZA,CHICKEN INN,1027.4606317343926,822.75,-204.71063173439256,-19.923939215932123,142.0,5.794014084507042,2021,3,March,1,Tuesday,False,10
2021-03-09,LA PIAZZA,PIZZA INN,4347.458105923168,3675.0,-672.4581059231678,-15.467845567205844,312.0,11.778846153846152,2021,3,March,1,Tuesday,False,10
2021-03-09,LA PIAZZA,CREAMY INN,476.5833715095557,462.75,-13.833371509555718,-2.9026131284730217,122.0,3.793032786885246,2021,3,March,1,Tuesday,False,10
2021-03-09,LA PIAZZA,GALITOS,671.8492623366404,501.0,-170.84926233664044,-25.42970155871568,82.0,6.109756097560975,2021,3,March,1,Tuesday,False,10
2021-03-09,CARREFOUR,CHICKEN INN,1676.9330434899884,1280.25,-396.6830434899885,-23.65527025840115,198.0,6.465909090909091,2021,3,March,1,Tuesday,False,10
2021-03-09,CARREFOUR,PIZZA INN,8237.28159064729,5664.219999999999,-2573.0615906472904,-31.23678075505851,389.0,14.560976863753211,2021,3,March,1,Tuesday,False,10
2021-03-09,CARREFOUR,CREAMY INN,1001.0621494989716,746.25,-254.8121494989716,-25.454178806630967,184.0,4.055706521739131,2021,3,March,1,Tuesday,False,10
2021-03-09,CARREFOUR,GALITOS,1010.8555319681224,647.0,-363.8555319681225,-35.99481038202369,647.0,1.0,2021,3,March,1,Tuesday,False,10
2021-03-09,CITY MARKET,CHICKEN INN,1088.2391417718611,536.0,-552.2391417718613,-50.74612009201493,132.0,4.0606060606060606,2021,3,March,1,Tuesday,False,10
2021-03-09,CITY MARKET,PIZZA INN,995.5748217101096,897.17,-98.4048217101098,-9.884221613909313,87.0,10.312298850574711,2021,3,March,1,Tuesday,False,10
2021-03-09,JUNCTION,CHICKEN INN,2233.550703557713,1623.75,-609.800703557713,-27.3018518266181,219.0,7.414383561643835,2021,3,March,1,Tuesday,False,10
2021-03-09,JUNCTION,PIZZA INN,3833.296693408383,4845.0,1011.7033065916172,26.3925124379574,359.0,13.495821727019498,2021,3,March,1,Tuesday,False,10
2021-03-09,JUNCTION,CREAMY INN,716.4322518375377,383.5,-332.9322518375377,-46.470863223091655,72.0,5.326388888888889,2021,3,March,1,Tuesday,False,10
2021-03-09,JUNCTION,GALITOS,1733.5601484299946,1203.5,-530.0601484299946,-30.57639210903905,134.0,8.98134328358209,2021,3,March,1,Tuesday,False,10
2021-03-09,OASIS,CHICKEN INN,765.0427818070222,486.25,-278.7927818070221,-36.441462939957006,69.0,7.047101449275362,2021,3,March,1,Tuesday,False,10
2021-03-09,OASIS,PIZZA INN,1698.0322873671523,2127.0,428.9677126328477,25.262635806411808,169.0,12.585798816568047,2021,3,March,1,Tuesday,False,10
2021-03-09,OASIS,CREAMY INN,174.03732179615713,141.0,-33.03732179615713,-18.98289484990605,40.0,3.525,2021,3,March,1,Tuesday,False,10
2021-03-10,LA PIAZZA,CHICKEN INN,1131.9582513599364,1109.75,-22.20825135993641,-1.961932017656604,172.0,6.4520348837209305,2021,3,March,1,Wednesday,False,10
2021-03-10,LA PIAZZA,PIZZA INN,1284.5729302215966,1221.75,-62.82293022159661,-4.890569366953675,132.0,9.255681818181818,2021,3,March,1,Wednesday,False,10
2021-03-10,LA PIAZZA,CREAMY INN,350.9128827682492,287.75,-63.162882768249176,-17.999590744567612,100.0,2.8775,2021,3,March,1,Wednesday,False,10
2021-03-10,LA PIAZZA,GALITOS,562.1139799841159,365.75,-196.36397998411587,-34.933125126983086,67.0,5.458955223880597,2021,3,March,1,Wednesday,False,10
2021-03-10,CARREFOUR,CHICKEN INN,1579.0498333781784,1107.5,-471.5498333781784,-29.862884844448317,155.0,7.145161290322581,2021,3,March,1,Wednesday,False,10
2021-03-10,CARREFOUR,PIZZA INN,2482.482091519937,2381.97,-100.51209151993726,-4.048854646858588,174.0,13.689482758620688,2021,3,March,1,Wednesday,False,10
2021-03-10,CARREFOUR,CREAMY INN,556.7064641105866,619.25,62.54353588941342,11.23456254263818,158.0,3.919303797468354,2021,3,March,1,Wednesday,False,10
2021-03-10,CARREFOUR,GALITOS,1006.7049230094648,551.25,-455.4549230094649,-45.24214718727295,60.0,9.1875,2021,3,March,1,Wednesday,False,10
2021-03-10,CITY MARKET,CHICKEN INN,769.6335162331742,500.25,-269.3835162331742,-35.00153131994834,129.0,3.877906976744186,2021,3,March,1,Wednesday,False,10
2021-03-10,CITY MARKET,PIZZA INN,355.5842709382593,524.29,168.70572906174067,47.44465457276464,60.0,8.738166666666666,2021,3,March,1,Wednesday,False,10
2021-03-10,JUNCTION,CHICKEN INN,2533.136398220749,1652.5,-880.6363982207495,-34.76466560739879,200.0,8.2625,2021,3,March,1,Wednesday,False,10
2021-03-10,JUNCTION,PIZZA INN,3895.012125754089,2884.75,-1010.2621257540892,-25.93732941353805,226.0,12.764380530973453,2021,3,March,1,Wednesday,False,10
2021-03-10,JUNCTION,CREAMY INN,722.6888255379289,303.0,-419.6888255379289,-58.07324130486398,66.0,4.590909090909091,2021,3,March,1,Wednesday,False,10
2021-03-10,JUNCTION,GALITOS,1352.7728624716444,732.0,-620.7728624716444,-45.88892043099042,78.0,9.384615384615383,2021,3,March,1,Wednesday,False,10
2021-03-10,OASIS,CHICKEN INN,867.6578121573624,579.0,-288.6578121573624,-33.26862365701954,69.0,8.391304347826088,2021,3,March,1,Wednesday,False,10
2021-03-10,OASIS,PIZZA INN,1725.3703217363766,1537.75,-187.62032173637655,-10.874205923952571,114.0,13.489035087719298,2021,3,March,1,Wednesday,False,10
2021-03-10,OASIS,CREAMY INN,175.55718264502812,73.5,-102.05718264502812,-58.13329942266445,20.0,3.675,2021,3,March,1,Wednesday,False,10
2021-03-11,LA PIAZZA,CHICKEN INN,1045.3011603467355,806.25,-239.05116034673551,-22.86911843352782,143.0,5.638111888111888,2021,3,March,1,Thursday,False,10
2021-03-11,LA PIAZZA,PIZZA INN,1317.5999330355344,1477.5,159.90006696446562,12.135706974125451,132.0,11.193181818181818,2021,3,March,1,Thursday,False,10
2021-03-11,LA PIAZZA,CREAMY INN,443.8758121572602,345.5,-98.3758121572602,-22.16291346878049,93.0,3.71505376344086,2021,3,March,1,Thursday,False,10
2021-03-11,LA PIAZZA,GALITOS,672.1310334707138,379.75,-292.38103347071376,-43.50060016734125,65.0,5.842307692307692,2021,3,March,1,Thursday,False,10
2021-03-11,CARREFOUR,CHICKEN INN,1895.441868070286,957.25,-938.191868070286,-49.49726414060072,154.0,6.215909090909091,2021,3,March,1,Thursday,False,10
2021-03-11,CARREFOUR,PIZZA INN,2920.875135894602,2891.25,-29.625135894601957,-1.014255471948766,227.0,12.736784140969164,2021,3,March,1,Thursday,False,10
2021-03-11,CARREFOUR,CREAMY INN,653.6648564733971,639.25,-14.414856473397094,-2.2052365720205658,172.0,3.716569767441861,2021,3,March,1,Thursday,False,10
2021-03-11,CARREFOUR,GALITOS,1086.2131886707743,678.0,-408.2131886707744,-37.58131395645405,77.0,8.805194805194805,2021,3,March,1,Thursday,False,10
2021-03-11,CITY MARKET,CHICKEN INN,715.6644477170074,475.5,-240.16444771700745,-33.55824765127564,125.0,3.804,2021,3,March,1,Thursday,False,10
2021-03-11,CITY MARKET,PIZZA INN,353.3913163061483,621.59,268.1986836938517,75.8928336149344,74.0,8.399864864864865,2021,3,March,1,Thursday,False,10
2021-03-11,JUNCTION,CHICKEN INN,2049.0686395470466,1640.5,-408.5686395470466,-19.93923637606215,232.0,7.071120689655173,2021,3,March,1,Thursday,False,10
2021-03-11,JUNCTION,PIZZA INN,3490.528190747765,4476.75,986.2218092522348,28.2542284536301,312.0,14.348557692307692,2021,3,March,1,Thursday,False,10
2021-03-11,JUNCTION,CREAMY INN,597.2845358164234,286.5,-310.7845358164234,-52.03291181674652,68.0,4.213235294117647,2021,3,March,1,Thursday,False,10
2021-03-11,JUNCTION,GALITOS,1336.3669029828086,879.5,-456.8669029828086,-34.18723570323905,103.0,8.53883495145631,2021,3,March,1,Thursday,False,10
2021-03-11,OASIS,CHICKEN INN,701.8534074984775,368.0,-333.8534074984775,-47.56739853816293,52.0,7.076923076923077,2021,3,March,1,Thursday,False,10
2021-03-11,OASIS,PIZZA INN,1546.1964053152708,1915.25,369.0535946847292,23.86848096503489,158.0,12.121835443037977,2021,3,March,1,Thursday,False,10
2021-03-11,OASIS,CREAMY INN,145.09369266547685,121.0,-24.09369266547685,-16.605609949583723,36.0,3.361111111111111,2021,3,March,1,Thursday,False,10
2021-03-12,LA PIAZZA,CHICKEN INN,1161.5841443500742,827.25,-334.3341443500742,-28.782602274339737,147.0,5.627551020408164,2021,3,March,1,Friday,False,10
2021-03-12,LA PIAZZA,PIZZA INN,1300.0403947636992,1647.5,347.45960523630083,26.72683146122214,132.0,12.481060606060606,2021,3,March,1,Friday,False,10
2021-03-12,LA PIAZZA,CREAMY INN,424.7734980817599,369.25,-55.5234980817599,-13.071318792838811,91.0,4.057692307692308,2021,3,March,1,Friday,False,10
2021-03-12,LA PIAZZA,GALITOS,1348.5566476745437,696.5,-652.0566476745437,-48.35218815605208,89.0,7.825842696629214,2021,3,March,1,Friday,False,10
2021-03-12,CARREFOUR,CHICKEN INN,1719.5443518688596,1283.5,-436.0443518688596,-25.358133472681395,146.0,8.79109589041096,2021,3,March,1,Friday,False,10
2021-03-12,CARREFOUR,PIZZA INN,2434.650139866591,2879.25,444.599860133409,18.261344940418063,211.0,13.645734597156398,2021,3,March,1,Friday,False,10
2021-03-12,CARREFOUR,CREAMY INN,604.5092592665976,593.75,-10.75925926659761,-1.7798336587351784,152.0,3.90625,2021,3,March,1,Friday,False,10
2021-03-12,CARREFOUR,GALITOS,2457.419181703989,1283.0,-1174.4191817039891,-47.79075505098157,112.0,11.455357142857142,2021,3,March,1,Friday,False,10
2021-03-12,CITY MARKET,CHICKEN INN,586.654835168378,444.5,-142.154835168378,-24.23142649588452,119.0,3.735294117647059,2021,3,March,1,Friday,False,10
2021-03-12,CITY MARKET,PIZZA INN,416.7411239058872,424.2,7.458876094112782,1.7898104281633656,59.0,7.189830508474576,2021,3,March,1,Friday,False,10
2021-03-12,JUNCTION,CHICKEN INN,2143.246733224492,1847.75,-295.4967332244919,-13.787340890048633,244.0,7.572745901639344,2021,3,March,1,Friday,False,10
2021-03-12,JUNCTION,PIZZA INN,4545.180487718972,3811.25,-733.9304877189716,-16.14744430286198,258.0,14.772286821705428,2021,3,March,1,Friday,False,10
2021-03-12,JUNCTION,CREAMY INN,616.2361340600504,345.5,-270.7361340600504,-43.93382976040609,66.0,5.234848484848484,2021,3,March,1,Friday,False,10
2021-03-12,JUNCTION,GALITOS,1517.799563840758,2258.75,740.9504361592419,48.81741000664695,193.0,11.703367875647668,2021,3,March,1,Friday,False,10
2021-03-12,OASIS,CHICKEN INN,734.1115830829897,448.5,-285.6115830829897,-38.90574534780252,58.0,7.732758620689655,2021,3,March,1,Friday,False,10
2021-03-12,OASIS,PIZZA INN,2013.3748669466129,1362.25,-651.1248669466129,-32.33997193647686,110.0,12.38409090909091,2021,3,March,1,Friday,False,10
2021-03-12,OASIS,CREAMY INN,149.69745721351055,142.5,-7.197457213510546,-4.808002318466207,33.0,4.318181818181818,2021,3,March,1,Friday,False,10
2021-03-13,LA PIAZZA,CHICKEN INN,1572.8911947078554,1319.25,-253.64119470785545,-16.12579405118776,206.0,6.404126213592233,2021,3,March,1,Saturday,True,10
2021-03-13,LA PIAZZA,PIZZA INN,2146.2693458786657,2619.0,472.7306541213343,22.025690998619844,210.0,12.471428571428572,2021,3,March,1,Saturday,True,10
2021-03-13,LA PIAZZA,CREAMY INN,539.0500624039322,286.25,-252.8000624039322,-46.89732550564084,89.0,3.216292134831461,2021,3,March,1,Saturday,True,10
2021-03-13,LA PIAZZA,GALITOS,854.1746185740342,681.75,-172.42461857403418,-20.18610888507565,95.0,7.176315789473684,2021,3,March,1,Saturday,True,10
2021-03-13,CARREFOUR,CHICKEN INN,2403.609350299232,1650.25,-753.3593502992321,-31.34283656391353,194.0,8.506443298969073,2021,3,March,1,Saturday,True,10
2021-03-13,CARREFOUR,PIZZA INN,4006.329776542844,4019.82,13.49022345715639,0.3367227415012605,255.0,15.764,2021,3,March,1,Saturday,True,10
2021-03-13,CARREFOUR,CREAMY INN,997.049215684448,827.75,-169.29921568444797,-16.980025962733297,191.0,4.3337696335078535,2021,3,March,1,Saturday,True,10
2021-03-13,CARREFOUR,GALITOS,975.58123486905,841.0,-134.58123486905004,-13.794979860094845,93.0,9.043010752688172,2021,3,March,1,Saturday,True,10
2021-03-13,CITY MARKET,CHICKEN INN,1052.7986026464262,618.5,-434.29860264642616,-41.25182172114658,132.0,4.6856060606060606,2021,3,March,1,Saturday,True,10
2021-03-13,CITY MARKET,PIZZA INN,475.0072639493688,396.51,-78.4972639493688,-16.525487062390663,55.0,7.209272727272727,2021,3,March,1,Saturday,True,10
2021-03-13,JUNCTION,CHICKEN INN,3736.539256342901,2624.75,-1111.789256342901,-29.75451828735912,312.0,8.412660256410257,2021,3,March,1,Saturday,True,10
2021-03-13,JUNCTION,PIZZA INN,8447.566244446092,6331.5,-2116.066244446092,-25.049418770019283,375.0,16.884,2021,3,March,1,Saturday,True,10
2021-03-13,JUNCTION,CREAMY INN,1543.2821168584342,748.0,-795.2821168584342,-51.5318688767898,129.0,5.7984496124031,2021,3,March,1,Saturday,True,10
2021-03-13,JUNCTION,GALITOS,1971.6251707735696,1181.75,-789.8751707735696,-40.062136682078425,118.0,10.014830508474576,2021,3,March,1,Saturday,True,10
2021-03-13,OASIS,CHICKEN INN,1279.8511278254716,927.75,-352.1011278254716,-27.511100328028643,93.0,9.975806451612904,2021,3,March,1,Saturday,True,10
2021-03-13,OASIS,PIZZA INN,3742.011479937947,1872.0,-1870.0114799379471,-49.97342979741358,93.0,20.12903225806452,2021,3,March,1,Saturday,True,10
2021-03-13,OASIS,CREAMY INN,374.8975366548023,241.0,-133.8975366548023,-35.71576859361771,150.0,1.606666666666667,2021,3,March,1,Saturday,True,10
2021-03-14,LA PIAZZA,CHICKEN INN,3024.7116011338926,1420.0,-1604.7116011338926,-53.05337542039791,195.0,7.282051282051282,2021,3,March,1,Sunday,True,10
2021-03-14,LA PIAZZA,PIZZA INN,3819.045890982911,2955.0,-864.0458909829108,-22.624653268058285,207.0,14.27536231884058,2021,3,March,1,Sunday,True,10
2021-03-14,LA PIAZZA,CREAMY INN,1076.625910902757,379.5,-697.1259109027569,-64.75098767762452,99.0,3.8333333333333335,2021,3,March,1,Sunday,True,10
2021-03-14,LA PIAZZA,GALITOS,1512.5863126891816,634.0,-878.5863126891816,-58.085036557495314,72.0,8.805555555555555,2021,3,March,1,Sunday,True,10
2021-03-14,CARREFOUR,CHICKEN INN,5533.944127071547,2140.5,-3393.444127071547,-61.32053467022064,252.0,8.494047619047619,2021,3,March,1,Sunday,True,10
2021-03-14,CARREFOUR,PIZZA INN,7638.612550943137,5966.57,-1672.042550943137,-21.88934888099136,367.0,16.25768392370572,2021,3,March,1,Sunday,True,10
2021-03-14,CARREFOUR,CREAMY INN,2126.502511079256,936.25,-1190.252511079255,-55.97230686904626,187.0,5.00668449197861,2021,3,March,1,Sunday,True,10
2021-03-14,CARREFOUR,GALITOS,2354.735702848589,1327.5,-1027.235702848589,-43.624246305261074,135.0,9.833333333333334,2021,3,March,1,Sunday,True,10
2021-03-14,CITY MARKET,CHICKEN INN,1754.0183601037206,439.0,-1315.0183601037206,-74.97175571331873,101.0,4.346534653465347,2021,3,March,1,Sunday,True,10
2021-03-14,CITY MARKET,PIZZA INN,539.9718835963894,424.25,-115.72188359638938,-21.43109430543749,51.0,8.318627450980392,2021,3,March,1,Sunday,True,10
2021-03-14,JUNCTION,CHICKEN INN,7903.277508668388,3792.25,-4111.027508668388,-52.016742473731625,447.0,8.483780760626399,2021,3,March,1,Sunday,True,10
2021-03-14,JUNCTION,PIZZA INN,14696.043094278157,8887.5,-5808.543094278157,-39.52453770729407,491.0,18.10081466395112,2021,3,March,1,Sunday,True,10
2021-03-14,JUNCTION,CREAMY INN,2904.341524692972,946.0,-1958.341524692972,-67.42807304316578,173.0,5.468208092485549,2021,3,March,1,Sunday,True,10
2021-03-14,JUNCTION,GALITOS,2700.161294266655,1946.5,-753.6612942666552,-27.91171386194336,192.0,10.138020833333334,2021,3,March,1,Sunday,True,10
2021-03-14,OASIS,CHICKEN INN,2707.0553630117324,1250.0,-1457.0553630117324,-53.82436513565376,138.0,9.057971014492754,2021,3,March,1,Sunday,True,10
2021-03-14,OASIS,PIZZA INN,6509.894137214609,3622.25,-2887.644137214609,-44.357774125803935,253.0,14.317193675889328,2021,3,March,1,Sunday,True,10
2021-03-14,OASIS,CREAMY INN,705.5291260862363,436.0,-269.52912608623626,-38.20240952792244,163.0,2.6748466257668717,2021,3,March,1,Sunday,True,10
2021-03-15,LA PIAZZA,CHICKEN INN,1082.2604096638656,740.25,-342.01040966386563,-31.60148949457452,136.0,5.443014705882353,2021,3,March,1,Monday,False,11
2021-03-15,LA PIAZZA,PIZZA INN,1410.2758247502975,1368.82,-41.45582475029778,-2.9395543781400293,127.0,10.778110236220472,2021,3,March,1,Monday,False,11
2021-03-15,LA PIAZZA,CREAMY INN,423.29928417665263,379.25,-44.04928417665264,-10.406179699153435,105.0,3.611904761904762,2021,3,March,1,Monday,False,11
2021-03-15,LA PIAZZA,GALITOS,678.9907031484969,515.75,-163.2407031484969,-24.041669847841167,89.0,5.794943820224719,2021,3,March,1,Monday,False,11
2021-03-15,CARREFOUR,CHICKEN INN,1541.4855704585914,1068.0,-473.4855704585914,-30.716185706346224,139.0,7.683453237410072,2021,3,March,1,Monday,False,11
2021-03-15,CARREFOUR,PIZZA INN,1827.7905673207265,1999.5,171.7094326792735,9.394371310875863,165.0,12.11818181818182,2021,3,March,1,Monday,False,11
2021-03-15,CARREFOUR,CREAMY INN,666.0333323663198,668.25,2.216667633680231,0.3328163210397793,155.0,4.311290322580645,2021,3,March,1,Monday,False,11
2021-03-15,CARREFOUR,GALITOS,943.4110759146956,646.25,-297.16107591469563,-31.49857824454515,72.0,8.975694444444445,2021,3,March,1,Monday,False,11
2021-03-15,CITY MARKET,CHICKEN INN,851.4899121486562,567.0,-284.48991214865623,-33.410837649358896,146.0,3.8835616438356166,2021,3,March,1,Monday,False,11
2021-03-15,CITY MARKET,PIZZA INN,327.77361901285207,647.41,319.6363809871479,97.5174213073612,86.0,7.528023255813953,2021,3,March,1,Monday,False,11
2021-03-15,JUNCTION,CHICKEN INN,2014.5704935770525,1858.5,-156.07049357705228,-7.747085250907998,207.0,8.978260869565217,2021,3,March,1,Monday,False,11
2021-03-15,JUNCTION,PIZZA INN,3290.944448192023,3311.5,20.555551807976823,0.624609504401377,234.0,14.151709401709402,2021,3,March,1,Monday,False,11
2021-03-15,JUNCTION,CREAMY INN,531.9178908187307,286.54,-245.3778908187307,-46.1307835389864,59.0,4.856610169491526,2021,3,March,1,Monday,False,11
2021-03-15,JUNCTION,GALITOS,1191.8411164714914,1069.0,-122.84111647149145,-10.3068366054671,129.0,8.286821705426357,2021,3,March,1,Monday,False,11
2021-03-15,OASIS,CHICKEN INN,690.0369945027799,523.25,-166.78699450277986,-24.17073226964615,72.0,7.267361111111111,2021,3,March,1,Monday,False,11
2021-03-15,OASIS,PIZZA INN,1457.7869588260426,1454.5,-3.2869588260425644,-0.225475938451909,118.0,12.326271186440678,2021,3,March,1,Monday,False,11
2021-03-15,OASIS,CREAMY INN,129.21468135488843,120.0,-9.214681354888429,-7.131295962863758,59.0,2.0338983050847457,2021,3,March,1,Monday,False,11
2021-03-16,LA PIAZZA,CHICKEN INN,1316.4187017179108,952.5,-363.9187017179109,-27.64460131438434,157.0,6.06687898089172,2021,3,March,1,Tuesday,False,11
2021-03-16,LA PIAZZA,PIZZA INN,3947.346526351376,3856.75,-90.59652635137536,-2.2951247311726606,100.0,38.5675,2021,3,March,1,Tuesday,False,11
2021-03-16,LA PIAZZA,CREAMY INN,503.7813687249673,294.25,-209.53136872496725,-41.59172643785446,300.0,0.9808333333333332,2021,3,March,1,Tuesday,False,11
2021-03-16,LA PIAZZA,GALITOS,665.2810800389332,572.5,-92.78108003893315,-13.94614739885636,100.0,5.725,2021,3,March,1,Tuesday,False,11
2021-03-16,CARREFOUR,CHICKEN INN,1861.52474019062,1022.25,-839.2747401906199,-45.08533902722552,185.0,5.525675675675676,2021,3,March,1,Tuesday,False,11
2021-03-16,CARREFOUR,PIZZA INN,7826.9663009678225,6090.25,-1736.7163009678225,-22.18888179898096,376.0,16.19747340425532,2021,3,March,1,Tuesday,False,11
2021-03-16,CARREFOUR,CREAMY INN,736.9701793992589,598.75,-138.22017939925888,-18.755192986496283,165.0,3.628787878787879,2021,3,March,1,Tuesday,False,11
2021-03-16,CARREFOUR,GALITOS,746.9802734689936,871.25,124.26972653100644,16.636279557142114,96.0,9.075520833333334,2021,3,March,1,Tuesday,False,11
2021-03-16,CITY MARKET,CHICKEN INN,803.5331623531555,499.25,-304.2831623531555,-37.86815238117354,115.0,4.341304347826087,2021,3,March,1,Tuesday,False,11
2021-03-16,CITY MARKET,PIZZA INN,799.4715150628534,707.05,-92.42151506285347,-11.560326205691943,66.0,10.712878787878788,2021,3,March,1,Tuesday,False,11
2021-03-16,JUNCTION,CHICKEN INN,1376.6315162281671,2369.75,993.1184837718328,72.14119915639287,261.0,9.079501915708812,2021,3,March,1,Tuesday,False,11
2021-03-16,JUNCTION,PIZZA INN,3199.821240553875,5866.0,2666.178759446125,83.32274083487928,409.0,14.342298288508555,2021,3,March,1,Tuesday,False,11
2021-03-16,JUNCTION,CREAMY INN,498.8526263207327,322.5,-176.35262632073267,-35.35164836585392,72.0,4.479166666666667,2021,3,March,1,Tuesday,False,11
2021-03-16,JUNCTION,GALITOS,1039.1079938802577,1243.25,204.1420061197423,19.64588929370384,114.0,10.905701754385966,2021,3,March,1,Tuesday,False,11
2021-03-16,OASIS,CHICKEN INN,471.52813814383256,501.75,30.22186185616744,6.409344302364563,61.0,8.225409836065573,2021,3,March,1,Tuesday,False,11
2021-03-16,OASIS,PIZZA INN,1417.422186392929,2477.5,1060.077813607071,74.78913648902083,162.0,15.29320987654321,2021,3,March,1,Tuesday,False,11
2021-03-16,OASIS,CREAMY INN,121.1823934966108,100.0,-21.18239349661081,-17.47976161009168,40.0,2.5,2021,3,March,1,Tuesday,False,11
2021-03-17,LA PIAZZA,CHICKEN INN,974.5781419435868,738.25,-236.32814194358684,-24.24927584280529,147.0,5.022108843537415,2021,3,March,1,Wednesday,False,11
2021-03-17,LA PIAZZA,PIZZA INN,1233.242761032838,1096.5,-136.74276103283796,-11.088065168800684,116.0,9.452586206896552,2021,3,March,1,Wednesday,False,11
2021-03-17,LA PIAZZA,CREAMY INN,467.76307475526977,334.25,-133.51307475526977,-28.542884627035352,90.0,3.713888888888889,2021,3,March,1,Wednesday,False,11
2021-03-17,LA PIAZZA,GALITOS,567.5453614995278,495.25,-72.29536149952776,-12.73825255280285,76.0,6.516447368421052,2021,3,March,1,Wednesday,False,11
2021-03-17,CARREFOUR,CHICKEN INN,1146.3669945512263,1116.75,-29.6169945512263,-2.583552622502064,183.0,6.102459016393443,2021,3,March,1,Wednesday,False,11
2021-03-17,CARREFOUR,PIZZA INN,2218.788741841024,2712.07,493.28125815897647,22.23200653838184,183.0,14.820054644808744,2021,3,March,1,Wednesday,False,11
2021-03-17,CARREFOUR,CREAMY INN,690.1109352534615,645.0,-45.11093525346155,-6.53676575011717,169.0,3.8165680473372783,2021,3,March,1,Wednesday,False,11
2021-03-17,CARREFOUR,GALITOS,942.3763631997896,877.0,-65.37636319978958,-6.937394203925868,91.0,9.637362637362637,2021,3,March,1,Wednesday,False,11
2021-03-17,CITY MARKET,CHICKEN INN,857.1902709357026,508.0,-349.19027093570264,-40.73661155236037,122.0,4.163934426229508,2021,3,March,1,Wednesday,False,11
2021-03-17,CITY MARKET,PIZZA INN,354.10901054938466,495.78,141.6709894506153,40.00773355945361,58.0,8.547931034482758,2021,3,March,1,Wednesday,False,11
2021-03-17,JUNCTION,CHICKEN INN,1616.1551217654444,1639.25,23.09487823455561,1.4290013330729905,233.0,7.035407725321888,2021,3,March,1,Wednesday,False,11
2021-03-17,JUNCTION,PIZZA INN,3391.721535709148,3734.25,342.52846429085184,10.098955963353736,258.0,14.473837209302326,2021,3,March,1,Wednesday,False,11
2021-03-17,JUNCTION,CREAMY INN,391.2359211311537,339.5,-51.735921131153646,-13.223714474267371,78.0,4.352564102564102,2021,3,March,1,Wednesday,False,11
2021-03-17,JUNCTION,GALITOS,990.1689208856792,1047.0,56.8310791143208,5.739533721527732,115.0,9.104347826086956,2021,3,March,1,Wednesday,False,11
2021-03-17,OASIS,CHICKEN INN,553.5705136300049,315.25,-238.3205136300049,-43.05151877892352,49.0,6.433673469387755,2021,3,March,1,Wednesday,False,11
2021-03-17,OASIS,PIZZA INN,1502.4281024988402,1386.25,-116.1781024988402,-7.732689657868661,117.0,11.848290598290598,2021,3,March,1,Wednesday,False,11
2021-03-17,OASIS,CREAMY INN,95.039903256001,37.0,-58.03990325600101,-61.06898394000233,24.0,1.5416666666666667,2021,3,March,1,Wednesday,False,11
2021-03-18,LA PIAZZA,CHICKEN INN,898.1140912608138,723.25,-174.86409126081378,-19.470142263922344,132.0,5.479166666666667,2021,3,March,1,Thursday,False,11
2021-03-18,LA PIAZZA,PIZZA INN,769.2882300593808,1993.75,1224.4617699406192,159.16814037907534,183.0,10.8948087431694,2021,3,March,1,Thursday,False,11
2021-03-18,LA PIAZZA,CREAMY INN,296.52938167560507,354.25,57.72061832439493,19.46539597466928,101.0,3.507425742574257,2021,3,March,1,Thursday,False,11
2021-03-18,LA PIAZZA,GALITOS,669.8477156601202,647.5,-22.34771566012023,-3.336238243060521,102.0,6.348039215686274,2021,3,March,1,Thursday,False,11
2021-03-18,CARREFOUR,CHICKEN INN,1374.994469882011,1020.75,-354.24446988201066,-25.763337790908253,158.0,6.460443037974684,2021,3,March,1,Thursday,False,11
2021-03-18,CARREFOUR,PIZZA INN,2088.4338461850343,3280.5,1192.0661538149657,57.0794308851356,236.0,13.90042372881356,2021,3,March,1,Thursday,False,11
2021-03-18,CARREFOUR,CREAMY INN,563.3908977733057,610.25,46.85910222669429,8.317333917160518,150.0,4.068333333333333,2021,3,March,1,Thursday,False,11
2021-03-18,CARREFOUR,GALITOS,788.8273479275267,763.75,-25.07734792752672,-3.179066749322526,76.0,10.049342105263158,2021,3,March,1,Thursday,False,11
2021-03-18,CITY MARKET,CHICKEN INN,669.2391375956388,518.5,-150.7391375956388,-22.52395730130131,133.0,3.898496240601504,2021,3,March,1,Thursday,False,11
2021-03-18,CITY MARKET,PIZZA INN,262.2973099516723,616.28,353.9826900483277,134.95475424949964,66.0,9.337575757575758,2021,3,March,1,Thursday,False,11
2021-03-18,JUNCTION,CHICKEN INN,1015.033493476974,1541.0,525.966506523026,51.81765034386599,211.0,7.303317535545023,2021,3,March,1,Thursday,False,11
2021-03-18,JUNCTION,PIZZA INN,2631.605519974968,4165.0,1533.3944800250324,58.26840187049077,307.0,13.566775244299674,2021,3,March,1,Thursday,False,11
2021-03-18,JUNCTION,CREAMY INN,351.4593900766311,274.5,-76.95939007663111,-21.89709316340961,75.0,3.66,2021,3,March,1,Thursday,False,11
2021-03-18,JUNCTION,GALITOS,1328.9349946216948,1112.0,-216.93499462169484,-16.32397336962665,107.0,10.392523364485982,2021,3,March,1,Thursday,False,11
2021-03-18,OASIS,CHICKEN INN,347.6724509723487,372.25,24.577549027651287,7.069167821296834,55.0,6.7681818181818185,2021,3,March,1,Thursday,False,11
2021-03-18,OASIS,PIZZA INN,1165.7201354163635,1965.75,800.0298645836365,68.62966850082654,149.0,13.192953020134228,2021,3,March,1,Thursday,False,11
2021-03-18,OASIS,CREAMY INN,85.3772995453007,86.0,0.6227004546992987,0.7293513123695105,44.0,1.9545454545454544,2021,3,March,1,Thursday,False,11
2021-03-19,LA PIAZZA,CHICKEN INN,804.1236439206208,731.25,-72.8736439206208,-9.062492375589756,139.0,5.260791366906475,2021,3,March,1,Friday,False,11
2021-03-19,LA PIAZZA,PIZZA INN,1235.2951745970788,1521.75,286.4548254029212,23.189180310394665,113.0,13.466814159292037,2021,3,March,1,Friday,False,11
2021-03-19,LA PIAZZA,CREAMY INN,267.5073570860777,316.75,49.24264291392228,18.407958364329076,90.0,3.5194444444444444,2021,3,March,1,Friday,False,11
2021-03-19,LA PIAZZA,GALITOS,776.444650553829,783.0,6.5553494461710216,0.8442777526376369,97.0,8.072164948453608,2021,3,March,1,Friday,False,11
2021-03-19,CARREFOUR,CHICKEN INN,1181.4015947831913,1057.75,-123.65159478319129,-10.46651666369924,153.0,6.913398692810458,2021,3,March,1,Friday,False,11
2021-03-19,CARREFOUR,PIZZA INN,2392.05366802274,2852.75,460.6963319772599,19.259447985465528,185.0,15.42027027027027,2021,3,March,1,Friday,False,11
2021-03-19,CARREFOUR,CREAMY INN,594.1529343231668,637.25,43.097065676833154,7.253530730421698,168.0,3.793154761904762,2021,3,March,1,Friday,False,11
2021-03-19,CARREFOUR,GALITOS,1774.0619821026894,983.25,-790.8119821026894,-44.57634457424015,98.0,10.033163265306122,2021,3,March,1,Friday,False,11
2021-03-19,CITY MARKET,CHICKEN INN,586.9478884393538,478.5,-108.44788843935385,-18.47657868362179,109.0,4.389908256880734,2021,3,March,1,Friday,False,11
2021-03-19,CITY MARKET,PIZZA INN,215.97280467759492,437.63,221.65719532240504,102.63199371480856,36.0,12.15638888888889,2021,3,March,1,Friday,False,11
2021-03-19,JUNCTION,CHICKEN INN,1446.4052682950585,1637.5,191.09473170494152,13.211700475219734,212.0,7.724056603773585,2021,3,March,1,Friday,False,11
2021-03-19,JUNCTION,PIZZA INN,3202.039526174334,3861.25,659.2104738256662,20.587206011578,259.0,14.90830115830116,2021,3,March,1,Friday,False,11
2021-03-19,JUNCTION,CREAMY INN,264.79493169766465,464.0,199.20506830233532,75.22994002384534,89.0,5.213483146067416,2021,3,March,1,Friday,False,11
2021-03-19,JUNCTION,GALITOS,1030.142655423533,2494.5,1464.357344576467,142.15092801631548,198.0,12.598484848484848,2021,3,March,1,Friday,False,11
2021-03-19,OASIS,CHICKEN INN,495.42726221267134,508.25,12.822737787328665,2.588218042353968,69.0,7.365942028985507,2021,3,March,1,Friday,False,11
2021-03-19,OASIS,PIZZA INN,1418.4048185519837,1742.5,324.0951814480163,22.849272450926776,132.0,13.200757575757576,2021,3,March,1,Friday,False,11
2021-03-19,OASIS,CREAMY INN,64.32457586835193,110.0,45.67542413164807,71.00773462560932,56.0,1.9642857142857144,2021,3,March,1,Friday,False,11
2021-03-20,LA PIAZZA,CHICKEN INN,673.4989113545971,1231.25,557.7510886454029,82.81395548563061,190.0,6.480263157894737,2021,3,March,1,Saturday,True,11
2021-03-20,LA PIAZZA,PIZZA INN,1281.380286899445,2397.25,1115.869713100555,87.08341501027958,202.0,11.867574257425742,2021,3,March,1,Saturday,True,11
2021-03-20,LA PIAZZA,CREAMY INN,222.6812597002732,434.25,211.5687402997268,95.0096746284336,114.0,3.809210526315789,2021,3,March,1,Saturday,True,11
2021-03-20,LA PIAZZA,GALITOS,348.0747967944786,709.5,361.4252032055214,103.83549930474445,77.0,9.214285714285714,2021,3,March,1,Saturday,True,11
2021-03-20,CARREFOUR,CHICKEN INN,1378.6047651740537,1577.75,199.14523482594652,14.445419010342953,213.0,7.407276995305164,2021,3,March,1,Saturday,True,11
2021-03-20,CARREFOUR,PIZZA INN,3232.97054392118,3448.5,215.52945607882063,6.666607479120766,247.0,13.961538461538462,2021,3,March,1,Saturday,True,11
2021-03-20,CARREFOUR,CREAMY INN,477.1298728877381,924.75,447.62012711226186,93.8151544364904,183.0,5.05327868852459,2021,3,March,1,Saturday,True,11
2021-03-20,CARREFOUR,GALITOS,877.3658336461988,939.75,62.38416635380122,7.110393858687444,94.0,9.997340425531917,2021,3,March,1,Saturday,True,11
2021-03-20,CITY MARKET,CHICKEN INN,682.5872414220229,731.5,48.91275857797712,7.16578857760042,163.0,4.487730061349693,2021,3,March,1,Saturday,True,11
2021-03-20,CITY MARKET,PIZZA INN,367.8382356098127,611.5,243.66176439018733,66.24155424904046,90.0,6.794444444444444,2021,3,March,1,Saturday,True,11
2021-03-20,JUNCTION,CHICKEN INN,945.272918700369,2951.25,2005.977081299631,212.21141975140853,315.0,9.36904761904762,2021,3,March,1,Saturday,True,11
2021-03-20,JUNCTION,PIZZA INN,3540.359064936938,6434.5,2894.140935063062,81.74710197409351,374.0,17.204545454545453,2021,3,March,1,Saturday,True,11
2021-03-20,JUNCTION,CREAMY INN,289.4029090715874,736.0,446.5970909284126,154.3167248598532,126.0,5.841269841269841,2021,3,March,1,Saturday,True,11
2021-03-20,JUNCTION,GALITOS,892.7961098143938,1090.25,197.45389018560616,22.116347508128754,105.0,10.383333333333333,2021,3,March,1,Saturday,True,11
2021-03-20,OASIS,CHICKEN INN,323.7778404302462,702.75,378.9721595697538,117.04697241360422,87.0,8.077586206896552,2021,3,March,1,Saturday,True,11
2021-03-20,OASIS,PIZZA INN,1568.269946720622,2528.25,959.980053279378,61.21267931498485,180.0,14.045833333333333,2021,3,March,1,Saturday,True,11
2021-03-20,OASIS,CREAMY INN,70.30240066056845,130.3,59.99759933943156,85.34217718838626,62.0,2.101612903225807,2021,3,March,1,Saturday,True,11
2021-03-21,LA PIAZZA,CHICKEN INN,1686.303662571382,1368.5,-317.8036625713821,-18.84617045110221,194.0,7.054123711340206,2021,3,March,1,Sunday,True,11
2021-03-21,LA PIAZZA,PIZZA INN,2573.538223771496,2763.75,190.21177622850385,7.391060854334242,227.0,12.17511013215859,2021,3,March,1,Sunday,True,11
2021-03-21,LA PIAZZA,CREAMY INN,561.100804289647,469.5,-91.60080428964704,-16.32519568486692,113.0,4.154867256637168,2021,3,March,1,Sunday,True,11
2021-03-21,LA PIAZZA,GALITOS,980.7675877409408,717.71,-263.0575877409407,-26.82160289848654,83.0,8.64710843373494,2021,3,March,1,Sunday,True,11
2021-03-21,CARREFOUR,CHICKEN INN,3228.893382261887,2286.5,-942.3933822618868,-29.18626509747828,263.0,8.693916349809886,2021,3,March,1,Sunday,True,11
2021-03-21,CARREFOUR,PIZZA INN,5728.650605414597,5825.25,96.5993945854034,1.6862504146107242,385.0,15.13051948051948,2021,3,March,1,Sunday,True,11
2021-03-21,CARREFOUR,CREAMY INN,1201.3336934379602,1141.38,-59.953693437960055,-4.990594517197416,222.0,5.141351351351352,2021,3,March,1,Sunday,True,11
2021-03-21,CARREFOUR,GALITOS,1822.1643652467917,1369.0,-453.1643652467915,-24.869565769683764,118.0,11.601694915254235,2021,3,March,1,Sunday,True,11
2021-03-21,CITY MARKET,CHICKEN INN,760.1612782487288,590.25,-169.91127824872876,-22.35200385899332,125.0,4.722,2021,3,March,1,Sunday,True,11
2021-03-21,CITY MARKET,PIZZA INN,372.1510463862976,454.75,82.5989536137024,22.19500775713623,49.0,9.28061224489796,2021,3,March,1,Sunday,True,11
2021-03-21,JUNCTION,CHICKEN INN,5160.846208827538,3590.75,-1570.0962088275382,-30.42323187507343,365.0,9.837671232876712,2021,3,March,1,Sunday,True,11
2021-03-21,JUNCTION,PIZZA INN,8458.075217664798,9066.25,608.1747823352016,7.190463157208874,462.0,19.623917748917748,2021,3,March,1,Sunday,True,11
2021-03-21,JUNCTION,CREAMY INN,2039.1701457571792,917.0,-1122.1701457571792,-55.03072649881789,141.0,6.50354609929078,2021,3,March,1,Sunday,True,11
2021-03-21,JUNCTION,GALITOS,2157.4054544594155,1857.25,-300.1554544594155,-13.9127976078389,169.0,10.9896449704142,2021,3,March,1,Sunday,True,11
2021-03-21,OASIS,CHICKEN INN,1767.7092057013265,1285.5,-482.2092057013265,-27.27876305367846,141.0,9.117021276595745,2021,3,March,1,Sunday,True,11
2021-03-21,OASIS,PIZZA INN,3746.666631171903,3684.5,-62.166631171902736,-1.6592517373892408,254.0,14.505905511811024,2021,3,March,1,Sunday,True,11
2021-03-21,OASIS,CREAMY INN,495.3597635282563,332.0,-163.35976352825628,-32.978004181184964,109.0,3.0458715596330275,2021,3,March,1,Sunday,True,11
2021-03-22,LA PIAZZA,CHICKEN INN,1082.2604096638656,885.75,-196.51040966386563,-18.157405362809023,151.0,5.8658940397351,2021,3,March,1,Monday,False,12
2021-03-22,LA PIAZZA,PIZZA INN,1410.2758247502975,1158.0,-252.2758247502977,-17.888403128158668,116.0,9.982758620689657,2021,3,March,1,Monday,False,12
2021-03-22,LA PIAZZA,CREAMY INN,423.29928417665263,399.25,-24.049284176652638,-5.681390230420591,108.0,3.696759259259259,2021,3,March,1,Monday,False,12
2021-03-22,LA PIAZZA,GALITOS,678.9907031484969,337.75,-341.2407031484969,-50.25705087951208,54.0,6.25462962962963,2021,3,March,1,Monday,False,12
2021-03-22,CARREFOUR,CHICKEN INN,1541.4855704585914,1229.75,-311.7355704585914,-20.223061210092947,153.0,8.037581699346406,2021,3,March,1,Monday,False,12
2021-03-22,CARREFOUR,PIZZA INN,1827.7905673207265,2311.75,483.9594326792735,26.47783839855828,175.0,13.21,2021,3,March,1,Monday,False,12
2021-03-22,CARREFOUR,CREAMY INN,666.0333323663198,520.25,-145.78333236631977,-21.888293765774865,142.0,3.663732394366197,2021,3,March,1,Monday,False,12
2021-03-22,CARREFOUR,GALITOS,943.4110759146956,788.0,-155.41107591469563,-16.47331474924809,84.0,9.38095238095238,2021,3,March,1,Monday,False,12
2021-03-22,CITY MARKET,CHICKEN INN,851.4899121486562,456.0,-395.4899121486562,-46.446811231230434,110.0,4.1454545454545455,2021,3,March,1,Monday,False,12
2021-03-22,CITY MARKET,PIZZA INN,327.77361901285207,351.5,23.72638098714793,7.238648753552561,53.0,6.632075471698113,2021,3,March,1,Monday,False,12
2021-03-22,JUNCTION,CHICKEN INN,811.5629541634952,1642.75,831.1870458365048,102.418061540677,223.0,7.366591928251121,2021,3,March,1,Monday,False,12
2021-03-22,JUNCTION,PIZZA INN,3156.769149797052,3225.25,68.4808502029482,2.169333484754526,234.0,13.783119658119658,2021,3,March,1,Monday,False,12
2021-03-22,JUNCTION,CREAMY INN,201.1379318390325,266.5,65.36206816096751,32.496142106738844,56.0,4.758928571428571,2021,3,March,1,Monday,False,12
2021-03-22,JUNCTION,GALITOS,783.6263422121029,1099.5,315.87365778789706,40.30921891883007,117.0,9.397435897435898,2021,3,March,1,Monday,False,12
2021-03-22,OASIS,CHICKEN INN,277.9790846367604,570.5,292.5209153632396,105.23126793711164,77.0,7.409090909090909,2021,3,March,1,Monday,False,12
2021-03-22,OASIS,PIZZA INN,1398.3514371160848,1284.5,-113.85143711608475,-8.141832882217956,114.0,11.267543859649123,2021,3,March,1,Monday,False,12
2021-03-22,OASIS,CREAMY INN,48.86087537111781,56.0,7.139124628882193,14.611127153694442,30.0,1.8666666666666667,2021,3,March,1,Monday,False,12
2021-03-23,LA PIAZZA,CHICKEN INN,1316.4187017179108,840.75,-475.6687017179109,-36.1335417900983,182.0,4.619505494505495,2021,3,March,1,Tuesday,False,12
2021-03-23,LA PIAZZA,PIZZA INN,3947.346526351376,3849.5,-97.84652635137536,-2.4787924165811,320.0,12.0296875,2021,3,March,1,Tuesday,False,12
2021-03-23,LA PIAZZA,CREAMY INN,503.7813687249673,394.5,-109.28136872496724,-21.692221171566977,112.0,3.5223214285714284,2021,3,March,1,Tuesday,False,12
2021-03-23,LA PIAZZA,GALITOS,665.2810800389332,533.5,-131.78108003893317,-19.80833124417444,94.0,5.675531914893617,2021,3,March,1,Tuesday,False,12
2021-03-23,CARREFOUR,CHICKEN INN,1861.52474019062,1450.5,-411.0247401906199,-22.08000416629064,208.0,6.9735576923076925,2021,3,March,1,Tuesday,False,12
2021-03-23,CARREFOUR,PIZZA INN,7826.9663009678225,6129.0,-1697.9663009678225,-21.693798537983547,403.0,15.208436724565756,2021,3,March,1,Tuesday,False,12
2021-03-23,CARREFOUR,CREAMY INN,736.9701793992589,701.0,-35.97017939925888,-4.880818845150555,172.0,4.075581395348837,2021,3,March,1,Tuesday,False,12
2021-03-23,CARREFOUR,GALITOS,746.9802734689936,720.25,-26.730273468993573,-3.5784443603654443,84.0,8.574404761904763,2021,3,March,1,Tuesday,False,12
2021-03-23,CITY MARKET,CHICKEN INN,803.5331623531555,495.25,-308.2831623531555,-38.36595386434891,123.0,4.026422764227642,2021,3,March,1,Tuesday,False,12
2021-03-23,CITY MARKET,PIZZA INN,799.4715150628534,582.75,-216.72151506285343,-27.108097159135813,67.0,8.697761194029852,2021,3,March,1,Tuesday,False,12
2021-03-23,JUNCTION,CHICKEN INN,739.0878575878762,1930.5,1191.4121424121238,161.20034041696687,241.0,8.010373443983402,2021,3,March,1,Tuesday,False,12
2021-03-23,JUNCTION,PIZZA INN,3202.7830856001856,5657.0,2454.2169143998144,76.62763442938272,370.0,15.28918918918919,2021,3,March,1,Tuesday,False,12
2021-03-23,JUNCTION,CREAMY INN,227.3464280665436,345.5,118.1535719334564,51.97071840463365,87.0,3.971264367816092,2021,3,March,1,Tuesday,False,12
2021-03-23,JUNCTION,GALITOS,691.6292491464534,1192.25,500.6207508535466,72.38281947609471,125.0,9.538,2021,3,March,1,Tuesday,False,12
2021-03-23,OASIS,CHICKEN INN,253.15468758697497,546.5,293.345312413025,115.87591571348722,56.0,9.758928571428571,2021,3,March,1,Tuesday,False,12
2021-03-23,OASIS,PIZZA INN,1418.7341924600466,2148.75,730.0158075399534,51.45543199139549,159.0,13.514150943396226,2021,3,March,1,Tuesday,False,12
2021-03-23,OASIS,CREAMY INN,55.2275017758362,77.5,22.272498224163805,40.32863611062113,43.0,1.802325581395349,2021,3,March,1,Tuesday,False,12
2021-03-24,LA PIAZZA,CHICKEN INN,408.1115701266695,924.25,516.1384298733306,126.46993313939414,134.0,6.897388059701493,2021,3,March,1,Wednesday,False,12
2021-03-24,LA PIAZZA,PIZZA INN,933.1838639574264,1333.0,399.8161360425736,42.84430448111712,118.0,11.296610169491526,2021,3,March,1,Wednesday,False,12
2021-03-24,LA PIAZZA,CREAMY INN,178.95457607420968,296.25,117.29542392579032,65.54480276444549,88.0,3.366477272727273,2021,3,March,1,Wednesday,False,12
2021-03-24,LA PIAZZA,GALITOS,246.9092434161816,437.71,190.8007565838184,77.27566369891275,81.0,5.403827160493827,2021,3,March,1,Wednesday,False,12
2021-03-24,CARREFOUR,CHICKEN INN,984.92293943393,1020.5,35.577060566070145,3.612166915973908,135.0,7.559259259259259,2021,3,March,1,Wednesday,False,12
2021-03-24,CARREFOUR,PIZZA INN,2062.931073392508,2269.75,206.8189266074919,10.025488940227962,179.0,12.680167597765363,2021,3,March,1,Wednesday,False,12
2021-03-24,CARREFOUR,CREAMY INN,496.8534994265442,557.75,60.8965005734558,12.256429841742284,125.0,4.462,2021,3,March,1,Wednesday,False,12
2021-03-24,CARREFOUR,GALITOS,781.5726008241509,632.0,-149.57260082415087,-19.137390520910007,68.0,9.294117647058824,2021,3,March,1,Wednesday,False,12
2021-03-24,CITY MARKET,CHICKEN INN,550.2406029167972,507.25,-42.99060291679723,-7.813055359583834,124.0,4.090725806451613,2021,3,March,1,Wednesday,False,12
2021-03-24,CITY MARKET,PIZZA INN,239.2314144121052,373.0,133.76858558789482,55.91597822410655,50.0,7.46,2021,3,March,1,Wednesday,False,12
2021-03-24,JUNCTION,CHICKEN INN,820.8661211057474,1506.0,685.1338788942526,83.46475281149905,207.0,7.27536231884058,2021,3,March,1,Wednesday,False,12
2021-03-24,JUNCTION,PIZZA INN,2676.2934414686656,3006.25,329.9565585313344,12.328863248652755,243.0,12.371399176954732,2021,3,March,1,Wednesday,False,12
2021-03-24,JUNCTION,CREAMY INN,161.01583421384888,300.0,138.98416578615112,86.31707959949021,60.0,5.0,2021,3,March,1,Wednesday,False,12
2021-03-24,JUNCTION,GALITOS,680.1023854163791,1144.5,464.3976145836209,68.2834856253743,124.0,9.22983870967742,2021,3,March,1,Wednesday,False,12
2021-03-24,OASIS,CHICKEN INN,281.16563451260555,497.78,216.6143654873944,77.04155092171582,57.0,8.73298245614035,2021,3,March,1,Wednesday,False,12
2021-03-24,OASIS,PIZZA INN,1185.5155072909463,1387.5,201.9844927090537,17.037693009230555,108.0,12.84722222222222,2021,3,March,1,Wednesday,False,12
2021-03-24,OASIS,CREAMY INN,39.11432585771824,118.06,78.94567414228177,201.8331453019376,62.0,1.9041935483870969,2021,3,March,1,Wednesday,False,12
2021-03-25,LA PIAZZA,CHICKEN INN,529.4964903634107,580.25,50.75350963658934,9.585240046020996,119.0,4.876050420168068,2021,3,March,1,Thursday,False,12
2021-03-25,LA PIAZZA,PIZZA INN,919.7688129795644,1753.0,833.2311870204355,90.59137201240898,152.0,11.532894736842104,2021,3,March,1,Thursday,False,12
2021-03-25,LA PIAZZA,CREAMY INN,165.34933079741447,273.75,108.40066920258552,65.55857751574315,76.0,3.601973684210526,2021,3,March,1,Thursday,False,12
2021-03-25,LA PIAZZA,GALITOS,351.49491538736754,533.75,182.2550846126325,51.851414240737135,78.0,6.842948717948718,2021,3,March,1,Thursday,False,12
2021-03-25,CARREFOUR,CHICKEN INN,1244.606322225857,966.0,-278.60632222585696,-22.38509617463591,155.0,6.232258064516129,2021,3,March,1,Thursday,False,12
2021-03-25,CARREFOUR,PIZZA INN,2164.457573872444,3266.82,1102.3624261275563,50.93019329343163,220.0,14.84918181818182,2021,3,March,1,Thursday,False,12
2021-03-25,CARREFOUR,CREAMY INN,459.4070292139638,549.75,90.34297078603618,19.665125921257925,129.0,4.261627906976744,2021,3,March,1,Thursday,False,12
2021-03-25,CARREFOUR,GALITOS,543.2947239199157,683.0,139.70527608008433,25.71445477550369,79.0,8.645569620253164,2021,3,March,1,Thursday,False,12
2021-03-25,CITY MARKET,CHICKEN INN,635.0369848733598,530.75,-104.28698487335976,-16.422190731797592,146.0,3.63527397260274,2021,3,March,1,Thursday,False,12
2021-03-25,CITY MARKET,PIZZA INN,260.59610878251954,573.76,313.16389121748045,120.17212869392128,57.0,10.065964912280702,2021,3,March,1,Thursday,False,12
2021-03-25,JUNCTION,CHICKEN INN,567.7830838636859,1695.75,1127.966916136314,198.6615924625042,234.0,7.246794871794871,2021,3,March,1,Thursday,False,12
2021-03-25,JUNCTION,PIZZA INN,2737.61230878725,4767.0,2029.3876912127491,74.12984244331362,321.0,14.850467289719626,2021,3,March,1,Thursday,False,12
2021-03-25,JUNCTION,CREAMY INN,350.1316869367225,271.5,-78.63168693672247,-22.45774657662823,57.0,4.7631578947368425,2021,3,March,1,Thursday,False,12
2021-03-25,JUNCTION,GALITOS,776.4558139809229,1269.25,492.7941860190771,63.46712551387821,117.0,10.848290598290598,2021,3,March,1,Thursday,False,12
2021-03-25,OASIS,CHICKEN INN,194.478840014755,496.75,302.271159985245,155.42624583852506,58.0,8.564655172413794,2021,3,March,1,Thursday,False,12
2021-03-25,OASIS,PIZZA INN,1212.6778755758703,2165.5,952.8221244241296,78.57174140096012,146.0,14.832191780821915,2021,3,March,1,Thursday,False,12
2021-03-25,OASIS,CREAMY INN,85.0547709349298,164.0,78.9452290650702,92.81693219239442,65.0,2.523076923076923,2021,3,March,1,Thursday,False,12
2021-03-26,LA PIAZZA,CHICKEN INN,593.8610447134656,768.5,174.63895528653438,29.40737683354809,148.0,5.192567567567568,2021,3,March,1,Friday,False,12
2021-03-26,LA PIAZZA,PIZZA INN,1374.9881925032832,1459.25,84.26180749671676,6.128184078680047,127.0,11.49015748031496,2021,3,March,1,Friday,False,12
2021-03-26,LA PIAZZA,CREAMY INN,264.55892927586314,260.75,-3.808929275863136,-1.4397281113469644,77.0,3.386363636363636,2021,3,March,1,Friday,False,12
2021-03-26,LA PIAZZA,GALITOS,457.5185917669274,685.75,228.2314082330726,49.88461941003264,88.0,7.792613636363637,2021,3,March,1,Friday,False,12
2021-03-26,CARREFOUR,CHICKEN INN,947.358676514343,1087.0,139.64132348565704,14.740069093940775,139.0,7.820143884892087,2021,3,March,1,Friday,False,12
2021-03-26,CARREFOUR,PIZZA INN,2387.7398607023943,2395.0,7.260139297605747,0.3040590567294903,175.0,13.685714285714283,2021,3,March,1,Friday,False,12
2021-03-26,CARREFOUR,CREAMY INN,570.0753314360252,552.75,-17.32533143602518,-3.0391301781788216,138.0,4.005434782608695,2021,3,March,1,Friday,False,12
2021-03-26,CARREFOUR,GALITOS,1030.9030908194288,1087.0,56.09690918057117,5.4415307976215015,103.0,10.553398058252426,2021,3,March,1,Friday,False,12
2021-03-26,CITY MARKET,CHICKEN INN,636.1524779693324,403.25,-232.9024779693324,-36.61110913420983,107.0,3.7686915887850474,2021,3,March,1,Friday,False,12
2021-03-26,CITY MARKET,PIZZA INN,371.1143769238452,366.66,-4.454376923845132,-1.2002706445294078,45.0,8.148,2021,3,March,1,Friday,False,12
2021-03-26,JUNCTION,CHICKEN INN,882.4963077755965,1713.75,831.2536922244035,94.19344703205,221.0,7.754524886877828,2021,3,March,1,Friday,False,12
2021-03-26,JUNCTION,PIZZA INN,2910.1552735561786,4115.0,1204.8447264438214,41.40138972624351,295.0,13.94915254237288,2021,3,March,1,Friday,False,12
2021-03-26,JUNCTION,CREAMY INN,405.4769013852419,254.5,-150.9769013852419,-37.23440247014204,62.0,4.104838709677419,2021,3,March,1,Friday,False,12
2021-03-26,JUNCTION,GALITOS,721.6182627208416,2221.0,1499.3817372791584,207.78045882954527,186.0,11.940860215053764,2021,3,March,1,Friday,False,12
2021-03-26,OASIS,CHICKEN INN,302.2753990583957,403.75,101.47460094160424,33.57024794531846,56.0,7.209821428571429,2021,3,March,1,Friday,False,12
2021-03-26,OASIS,PIZZA INN,1289.1090909418758,1696.0,406.8909090581242,31.56372970427453,121.0,14.016528925619834,2021,3,March,1,Friday,False,12
2021-03-26,OASIS,CREAMY INN,98.49935396723936,94.5,-3.999353967239372,-4.06028446498192,48.0,1.96875,2021,3,March,1,Friday,False,12
2021-03-27,LA PIAZZA,CHICKEN INN,495.7327212773922,1288.0,792.2672787226078,159.81742675389924,184.0,7.0,2021,3,March,1,Saturday,True,12
2021-03-27,LA PIAZZA,PIZZA INN,984.514033146185,2017.75,1033.235966853815,104.94883080050474,172.0,11.731104651162791,2021,3,March,1,Saturday,True,12
2021-03-27,LA PIAZZA,CREAMY INN,126.03279554849394,477.0,350.96720445150606,278.47291883362504,109.0,4.376146788990826,2021,3,March,1,Saturday,True,12
2021-03-27,LA PIAZZA,GALITOS,277.76804072020303,747.46,469.691959279797,169.09503269777525,87.0,8.591494252873563,2021,3,March,1,Saturday,True,12
2021-03-27,CARREFOUR,CHICKEN INN,766.7702324164527,1351.0,584.2297675835473,76.19359005922351,173.0,7.809248554913295,2021,3,March,1,Saturday,True,12
2021-03-27,CARREFOUR,PIZZA INN,2690.4000029379963,3218.5,528.0999970620037,19.629051311526275,207.0,15.548309178743962,2021,3,March,1,Saturday,True,12
2021-03-27,CARREFOUR,CREAMY INN,430.6457755291344,772.25,341.6042244708656,79.32371426403441,159.0,4.8569182389937104,2021,3,March,1,Saturday,True,12
2021-03-27,CARREFOUR,GALITOS,497.6497834737157,848.0,350.35021652628427,70.40095829656654,74.0,11.45945945945946,2021,3,March,1,Saturday,True,12
2021-03-27,CITY MARKET,CHICKEN INN,399.8191949242866,556.0,156.1808050757134,39.06285817650381,138.0,4.028985507246377,2021,3,March,1,Saturday,True,12
2021-03-27,CITY MARKET,PIZZA INN,268.523972043454,417.75,149.22602795654598,55.572702437306944,59.0,7.080508474576271,2021,3,March,1,Saturday,True,12
2021-03-27,JUNCTION,CHICKEN INN,324.39853227247073,2935.0,2610.6014677275293,804.7513191381574,325.0,9.03076923076923,2021,3,March,1,Saturday,True,12
2021-03-27,JUNCTION,PIZZA INN,2184.242991411185,6901.75,4717.507008588815,215.97903837342523,427.0,16.16334894613583,2021,3,March,1,Saturday,True,12
2021-03-27,JUNCTION,CREAMY INN,282.43701451562845,765.0,482.5629854843716,170.85684973407382,142.0,5.387323943661972,2021,3,March,1,Saturday,True,12
2021-03-27,JUNCTION,GALITOS,372.3359950904952,1669.25,1296.914004909505,348.3181916361038,147.0,11.355442176870747,2021,3,March,1,Saturday,True,12
2021-03-27,OASIS,CHICKEN INN,111.11400119483936,771.0,659.8859988051606,593.881951607561,95.0,8.115789473684211,2021,3,March,1,Saturday,True,12
2021-03-27,OASIS,PIZZA INN,967.5523236302946,2323.25,1355.6976763697053,140.11621317626256,169.0,13.747041420118345,2021,3,March,1,Saturday,True,12
2021-03-27,OASIS,CREAMY INN,68.61023000615683,159.5,90.88976999384316,132.47262104453966,76.0,2.098684210526316,2021,3,March,1,Saturday,True,12
2021-03-28,LA PIAZZA,CHICKEN INN,586.5276883864735,1545.25,958.7223116135264,163.45729802645008,207.0,7.464975845410628,2021,3,March,1,Sunday,True,12
2021-03-28,LA PIAZZA,PIZZA INN,1187.4749300544122,3401.5,2214.025069945588,186.44815262282103,239.0,14.232217573221757,2021,3,March,1,Sunday,True,12
2021-03-28,LA PIAZZA,CREAMY INN,203.566452286594,489.25,285.683547713406,140.33920840316176,114.0,4.291666666666667,2021,3,March,1,Sunday,True,12
2021-03-28,LA PIAZZA,GALITOS,436.9492989795806,671.5,234.5507010204194,53.67915718555264,82.0,8.189024390243903,2021,3,March,1,Sunday,True,12
2021-03-28,CARREFOUR,CHICKEN INN,1186.092522679655,2143.5,957.4074773203448,80.71945982403986,228.0,9.401315789473683,2021,3,March,1,Sunday,True,12
2021-03-28,CARREFOUR,PIZZA INN,2901.852575860832,6328.35,3426.4974241391687,118.07965203479374,386.0,16.394689119170984,2021,3,March,1,Sunday,True,12
2021-03-28,CARREFOUR,CREAMY INN,464.0906800116516,1104.75,640.6593199883484,138.04615080230957,207.0,5.336956521739131,2021,3,March,1,Sunday,True,12
2021-03-28,CARREFOUR,GALITOS,1079.675685608413,1627.75,548.074314391587,50.76286533976535,149.0,10.924496644295305,2021,3,March,1,Sunday,True,12
2021-03-28,CITY MARKET,CHICKEN INN,340.8682208015304,556.5,215.63177919846964,63.25957247977678,117.0,4.756410256410256,2021,3,March,1,Sunday,True,12
2021-03-28,CITY MARKET,PIZZA INN,230.04758622550716,320.5,90.45241377449288,39.31900145469282,33.0,9.712121212121213,2021,3,March,1,Sunday,True,12
2021-03-28,JUNCTION,CHICKEN INN,847.9981618056019,3654.5,2806.5018381943983,330.9561228551072,384.0,9.516927083333334,2021,3,March,1,Sunday,True,12
2021-03-28,JUNCTION,PIZZA INN,2769.461437527906,8718.25,5948.788562472094,214.79947262895053,490.0,17.79234693877551,2021,3,March,1,Sunday,True,12
2021-03-28,JUNCTION,CREAMY INN,180.8040673127608,807.5,626.6959326872392,346.61605903099513,168.0,4.806547619047619,2021,3,March,1,Sunday,True,12
2021-03-28,JUNCTION,GALITOS,966.3397657067272,1866.5,900.1602342932728,93.15152560600109,177.0,10.545197740112997,2021,3,March,1,Sunday,True,12
2021-03-28,OASIS,CHICKEN INN,290.4589860626979,1216.5,926.041013937302,318.8198879608458,136.0,8.944852941176471,2021,3,March,1,Sunday,True,12
2021-03-28,OASIS,PIZZA INN,1226.7860579712328,3621.5,2394.713942028767,195.20224626525072,246.0,14.721544715447154,2021,3,March,1,Sunday,True,12
2021-03-28,OASIS,CREAMY INN,43.92132761228701,272.5,228.578672387713,520.4275116760542,127.0,2.145669291338583,2021,3,March,1,Sunday,True,12
2021-03-29,LA PIAZZA,CHICKEN INN,493.8154331387251,774.25,280.4345668612749,56.78934841683934,143.0,5.414335664335664,2021,3,March,1,Monday,False,13
2021-03-29,LA PIAZZA,PIZZA INN,1124.4846722108375,1420.5,296.01532778916226,26.324532037165927,123.0,11.548780487804878,2021,3,March,1,Monday,False,13
2021-03-29,LA PIAZZA,CREAMY INN,209.076014423478,353.5,144.423985576522,69.07726167191755,92.0,3.842391304347826,2021,3,March,1,Monday,False,13
2021-03-29,LA PIAZZA,GALITOS,264.3401887447126,490.25,225.90981125528745,85.46177269830906,71.0,6.904929577464789,2021,3,March,1,Monday,False,13
2021-03-29,CARREFOUR,CHICKEN INN,829.6188422962979,897.25,67.63115770370212,8.15207589988026,124.0,7.235887096774194,2021,3,March,1,Monday,False,13
2021-03-29,CARREFOUR,PIZZA INN,3253.969473828588,2254.5,-999.469473828588,-30.71539182734318,191.0,11.803664921465968,2021,3,March,1,Monday,False,13
2021-03-29,CARREFOUR,CREAMY INN,703.8208451127123,511.0,-192.82084511271228,-27.396296437033392,140.0,3.65,2021,3,March,1,Monday,False,13
2021-03-29,CARREFOUR,GALITOS,750.7898975556934,632.5,-118.2898975556934,-15.75539281239712,74.0,8.547297297297296,2021,3,March,1,Monday,False,13
2021-03-29,CITY MARKET,CHICKEN INN,351.1628986109726,550.75,199.5871013890274,56.83604451908092,140.0,3.933928571428571,2021,3,March,1,Monday,False,13
2021-03-29,CITY MARKET,PIZZA INN,243.33822035951292,419.66,176.32177964048708,72.4595500780706,61.0,6.879672131147541,2021,3,March,1,Monday,False,13
2021-03-29,JUNCTION,CHICKEN INN,615.0632014115623,1280.25,665.1867985884377,108.14934092331364,196.0,6.531887755102041,2021,3,March,1,Monday,False,13
2021-03-29,JUNCTION,PIZZA INN,3090.220581183309,2919.75,-170.47058118330915,-5.5164534927158,191.0,15.286649214659686,2021,3,March,1,Monday,False,13
2021-03-29,JUNCTION,CREAMY INN,296.89624734066064,282.0,-14.896247340660636,-5.0173242249062815,50.0,5.64,2021,3,March,1,Monday,False,13
2021-03-29,JUNCTION,GALITOS,702.39811049972,1174.5,472.10188950028,67.21286439173417,122.0,9.62704918032787,2021,3,March,1,Monday,False,13
2021-03-29,OASIS,CHICKEN INN,210.6733739446877,474.5,263.8266260553123,125.23017081626082,59.0,8.042372881355933,2021,3,March,1,Monday,False,13
2021-03-29,OASIS,PIZZA INN,1368.8724723444516,1562.75,193.8775276555484,14.163300933614122,115.0,13.589130434782607,2021,3,March,1,Monday,False,13
2021-03-29,OASIS,CREAMY INN,72.1226991191,87.0,14.877300880899996,20.627764993004945,37.0,2.3513513513513518,2021,3,March,1,Monday,False,13
2021-03-30,LA PIAZZA,CHICKEN INN,559.1332154899252,919.0,359.8667845100748,64.36154650457519,174.0,5.281609195402299,2021,3,March,1,Tuesday,False,13
2021-03-30,LA PIAZZA,PIZZA INN,1157.1448184939693,3779.75,2622.605181506031,226.6445080676563,286.0,13.215909090909092,2021,3,March,1,Tuesday,False,13
2021-03-30,LA PIAZZA,CREAMY INN,173.80732074451305,369.0,195.19267925548692,112.30406085276994,105.0,3.5142857142857142,2021,3,March,1,Tuesday,False,13
2021-03-30,LA PIAZZA,GALITOS,270.9083710424199,476.0,205.0916289575801,75.70516487490379,70.0,6.8,2021,3,March,1,Tuesday,False,13
2021-03-30,CARREFOUR,CHICKEN INN,1159.7275431149758,1128.5,-31.227543114975788,-2.69266202224533,184.0,6.133152173913044,2021,3,March,1,Tuesday,False,13
2021-03-30,CARREFOUR,PIZZA INN,2170.880775961769,5836.5,3665.619224038231,168.85400914816455,378.0,15.44047619047619,2021,3,March,1,Tuesday,False,13
2021-03-30,CARREFOUR,CREAMY INN,426.97388424842296,592.5,165.52611575157704,38.76726934785319,157.0,3.773885350318472,2021,3,March,1,Tuesday,False,13
2021-03-30,CARREFOUR,GALITOS,805.0887988901992,926.5,121.4112011098008,15.080473269180247,107.0,8.658878504672897,2021,3,March,1,Tuesday,False,13
2021-03-30,CITY MARKET,CHICKEN INN,585.8323953433812,449.75,-136.08239534338122,-23.22889557236205,118.0,3.8114406779661016,2021,3,March,1,Tuesday,False,13
2021-03-30,CITY MARKET,PIZZA INN,333.0500007640524,690.18,357.12999923594754,107.23014514837202,72.0,9.585833333333332,2021,3,March,1,Tuesday,False,13
2021-03-30,JUNCTION,CHICKEN INN,855.74640849405,1582.75,727.00359150595,84.95549432516314,260.0,6.0875,2021,3,March,1,Tuesday,False,13
2021-03-30,JUNCTION,PIZZA INN,2831.9452146136587,5762.75,2930.8047853863413,103.49087158404544,407.0,14.159090909090908,2021,3,March,1,Tuesday,False,13
2021-03-30,JUNCTION,CREAMY INN,298.4967661942491,379.0,80.50323380575088,26.96954973152465,97.0,3.9072164948453607,2021,3,March,1,Tuesday,False,13
2021-03-30,JUNCTION,GALITOS,665.2385686941517,1384.0,718.7614313058483,108.04566438725296,157.0,8.815286624203821,2021,3,March,1,Tuesday,False,13
2021-03-30,OASIS,CHICKEN INN,293.1129397836568,482.0,188.8870602163432,64.4417337411847,62.0,7.774193548387097,2021,3,March,1,Tuesday,False,13
2021-03-30,OASIS,PIZZA INN,1254.4644453787887,2736.25,1481.7855546212113,118.12096867948956,197.0,13.889593908629442,2021,3,March,1,Tuesday,False,13
2021-03-30,OASIS,CREAMY INN,72.5115007316019,129.5,56.9884992683981,78.59235940976936,69.0,1.8768115942028984,2021,3,March,1,Tuesday,False,13
2021-03-31,LA PIAZZA,CHICKEN INN,609.7842851871413,809.0,199.21571481285864,32.66986697627339,130.0,6.223076923076923,2021,3,March,1,Wednesday,False,13
2021-03-31,LA PIAZZA,PIZZA INN,2976.8424466654405,1185.0,-1791.8424466654403,-60.19272026548138,115.0,10.304347826086955,2021,3,March,1,Wednesday,False,13
2021-03-31,LA PIAZZA,CREAMY INN,227.8160216917909,241.75,13.933978308209078,6.116329398052679,79.0,3.060126582278481,2021,3,March,1,Wednesday,False,13
2021-03-31,LA PIAZZA,GALITOS,268.90682436589964,528.25,259.3431756341004,96.44350835857328,68.0,7.768382352941177,2021,3,March,1,Wednesday,False,13
2021-03-31,CARREFOUR,CHICKEN INN,1008.0337412693866,1098.25,90.2162587306134,8.949726089228598,150.0,7.321666666666666,2021,3,March,1,Wednesday,False,13
2021-03-31,CARREFOUR,PIZZA INN,5254.483365971429,3059.75,-2194.7333659714286,-41.76877559808728,216.0,14.16550925925926,2021,3,March,1,Wednesday,False,13
2021-03-31,CARREFOUR,CREAMY INN,561.049072374462,550.25,-10.799072374461955,-1.9247999695923768,143.0,3.847902097902098,2021,3,March,1,Wednesday,False,13
2021-03-31,CARREFOUR,GALITOS,549.8675012793761,784.75,234.88249872062383,42.7161994797152,76.0,10.325657894736842,2021,3,March,1,Wednesday,False,13
2021-03-31,CITY MARKET,CHICKEN INN,658.1220199611997,420.5,-237.62201996119973,-36.10607345659229,117.0,3.594017094017094,2021,3,March,1,Wednesday,False,13
2021-03-31,CITY MARKET,PIZZA INN,514.6997427905771,384.51,-130.18974279057716,-25.29430888865807,57.0,6.74578947368421,2021,3,March,1,Wednesday,False,13
2021-03-31,JUNCTION,CHICKEN INN,694.5222618390137,1870.75,1176.2277381609863,169.35781655817237,220.0,8.503409090909091,2021,3,March,1,Wednesday,False,13
2021-03-31,JUNCTION,PIZZA INN,2671.6338023999942,4475.0,1803.3661976000055,67.50050085382202,321.0,13.940809968847352,2021,3,March,1,Wednesday,False,13
2021-03-31,JUNCTION,CREAMY INN,373.3755857422459,221.0,-152.3755857422459,-40.81027029106184,53.0,4.169811320754717,2021,3,March,1,Wednesday,False,13
2021-03-31,JUNCTION,GALITOS,583.2349092629655,1069.75,486.5150907370345,83.41666162470351,123.0,8.697154471544716,2021,3,March,1,Wednesday,False,13
2021-03-31,OASIS,CHICKEN INN,237.88994016472512,449.75,211.86005983527488,89.05801552120025,63.0,7.138888888888889,2021,3,March,1,Wednesday,False,13
2021-03-31,OASIS,PIZZA INN,1183.4514308004186,1576.5,393.0485691995814,33.212057459235645,125.0,12.612,2021,3,March,1,Wednesday,False,13
2021-03-31,OASIS,CREAMY INN,90.70123071649132,117.0,26.29876928350869,28.994942048484297,48.0,2.4375,2021,3,March,1,Wednesday,False,13
2021-04-01,LA PIAZZA,CHICKEN INN,1036.0811407820336,874.75,-161.33114078203357,-15.5712843745289,145.0,6.032758620689656,2021,4,April,2,Thursday,False,13
2021-04-01,LA PIAZZA,PIZZA INN,1714.901925486374,2365.5,650.598074513626,37.93791731437387,203.0,11.652709359605913,2021,4,April,2,Thursday,False,13
2021-04-01,LA PIAZZA,CREAMY INN,354.19244145656404,344.75,-9.44244145656404,-2.665907103419089,95.0,3.628947368421053,2021,4,April,2,Thursday,False,13
2021-04-01,LA PIAZZA,GALITOS,644.6827506345646,650.75,6.067249365435373,0.9411217159856298,93.0,6.997311827956989,2021,4,April,2,Thursday,False,13
2021-04-01,CARREFOUR,CHICKEN INN,1448.0405496106491,1276.5,-171.54054961064912,-11.846391294551326,173.0,7.378612716763006,2021,4,April,2,Thursday,False,13
2021-04-01,CARREFOUR,PIZZA INN,3421.845679025422,4265.5,843.6543209745778,24.65494940773774,294.0,14.508503401360544,2021,4,April,2,Thursday,False,13
2021-04-01,CARREFOUR,CREAMY INN,567.6920366966015,581.75,14.057963303398536,2.476336181356672,144.0,4.039930555555555,2021,4,April,2,Thursday,False,13
2021-04-01,CARREFOUR,GALITOS,1282.4662840923888,766.25,-516.2162840923888,-40.25184057432894,82.0,9.34451219512195,2021,4,April,2,Thursday,False,13
2021-04-01,CITY MARKET,CHICKEN INN,924.3852266288364,615.25,-309.13522662883645,-33.44225088453971,158.0,3.893987341772152,2021,4,April,2,Thursday,False,13
2021-04-01,CITY MARKET,PIZZA INN,434.876147026077,668.29,233.41385297392296,53.6736389360823,70.0,9.547,2021,4,April,2,Thursday,False,13
2021-04-01,JUNCTION,CHICKEN INN,1819.88,1800.0,-19.87999999999988,-1.0923797173439942,248.0,7.258064516129032,2021,4,April,2,Thursday,False,13
2021-04-01,JUNCTION,PIZZA INN,4201.632599999998,5824.75,1623.117400000002,38.63063610083382,414.0,14.069444444444445,2021,4,April,2,Thursday,False,13
2021-04-01,JUNCTION,CREAMY INN,670.7811,342.5,-328.28110000000004,-48.94012368565543,90.0,3.8055555555555554,2021,4,April,2,Thursday,False,13
2021-04-01,JUNCTION,GALITOS,1135.0569999999998,1297.25,162.1930000000002,14.289414540415171,156.0,8.315705128205128,2021,4,April,2,Thursday,False,13
2021-04-01,OASIS,CHICKEN INN,302.1807894592545,496.0,193.81921054074547,64.14014963941965,67.0,7.402985074626866,2021,4,April,2,Thursday,False,13
2021-04-01,OASIS,PIZZA INN,530.2382993349262,2244.0,1713.761700665074,323.2059439717259,170.0,13.2,2021,4,April,2,Thursday,False,13
2021-04-01,OASIS,CREAMY INN,149.19023591898303,83.0,-66.19023591898303,-44.366332361674985,43.0,1.930232558139535,2021,4,April,2,Thursday,False,13
2021-04-02,LA PIAZZA,CHICKEN INN,1311.7482710494662,862.0,-449.7482710494662,-34.2861722005278,169.0,5.100591715976331,2021,4,April,2,Friday,False,13
2021-04-02,LA PIAZZA,PIZZA INN,1745.6597357383182,1567.75,-177.9097357383182,-10.191547189640149,142.0,11.040492957746478,2021,4,April,2,Friday,False,13
2021-04-02,LA PIAZZA,CREAMY INN,446.947419601456,312.5,-134.44741960145598,-30.08126095041404,94.0,3.324468085106383,2021,4,April,2,Friday,False,13
2021-04-02,LA PIAZZA,GALITOS,1076.6699720568806,811.75,-264.9199720568806,-24.60549462067517,93.0,8.728494623655914,2021,4,April,2,Friday,False,13
2021-04-02,CARREFOUR,CHICKEN INN,1901.341303744799,1275.25,-626.091303744799,-32.928927726530574,165.0,7.7287878787878785,2021,4,April,2,Friday,False,13
2021-04-02,CARREFOUR,PIZZA INN,3872.734876165133,3461.0,-411.7348761651329,-10.631630858574075,229.0,15.11353711790393,2021,4,April,2,Friday,False,13
2021-04-02,CARREFOUR,CREAMY INN,770.9925731324196,764.75,-6.24257313241958,-0.8096800604780151,180.0,4.248611111111111,2021,4,April,2,Friday,False,13
2021-04-02,CARREFOUR,GALITOS,1688.84653386953,1046.0,-642.84653386953,-38.06423620958756,125.0,8.368,2021,4,April,2,Friday,False,13
2021-04-02,CITY MARKET,CHICKEN INN,1077.5743587397294,503.25,-574.3243587397294,-53.29788650608084,147.0,3.423469387755102,2021,4,April,2,Friday,False,13
2021-04-02,CITY MARKET,PIZZA INN,452.2686281172817,548.42,96.15137188271832,21.25979250052791,81.0,6.7706172839506165,2021,4,April,2,Friday,False,13
2021-04-02,JUNCTION,CHICKEN INN,2321.352,2360.25,38.89800000000014,1.675661424893775,284.0,8.310739436619718,2021,4,April,2,Friday,False,13
2021-04-02,JUNCTION,PIZZA INN,4531.723599999998,4382.0,-149.72359999999844,-3.30389964648326,296.0,14.804054054054054,2021,4,April,2,Friday,False,13
2021-04-02,JUNCTION,CREAMY INN,733.6305,381.5,-352.1305,-47.998345216018144,75.0,5.086666666666667,2021,4,April,2,Friday,False,13
2021-04-02,JUNCTION,GALITOS,1492.9109999999996,2482.75,989.8390000000004,66.3026128148296,194.0,12.797680412371134,2021,4,April,2,Friday,False,13
2021-04-02,OASIS,CHICKEN INN,267.6067337721232,648.0,380.3932662278768,142.14637309978735,75.0,8.64,2021,4,April,2,Friday,False,13
2021-04-02,OASIS,PIZZA INN,801.4020992421775,1675.0,873.5979007578225,109.00868634907678,121.0,13.84297520661157,2021,4,April,2,Friday,False,13
2021-04-02,OASIS,CREAMY INN,157.56802779371918,95.5,-62.06802779371918,-39.39125764458751,43.0,2.2209302325581395,2021,4,April,2,Friday,False,13
2021-04-03,LA PIAZZA,CHICKEN INN,1005.0763918355748,1190.5,185.4236081644252,18.448707946048295,193.0,6.168393782383419,2021,4,April,2,Saturday,True,13
2021-04-03,LA PIAZZA,PIZZA INN,2277.3959458554195,2800.05,522.6540541445806,22.94963487116708,216.0,12.963194444444444,2021,4,April,2,Saturday,True,13
2021-04-03,LA PIAZZA,CREAMY INN,406.1700259269724,482.25,76.07997407302759,18.731065617014888,122.0,3.952868852459016,2021,4,April,2,Saturday,True,13
2021-04-03,LA PIAZZA,GALITOS,795.3087957369114,579.25,-216.0587957369114,-27.166654876074546,95.0,6.097368421052631,2021,4,April,2,Saturday,True,13
2021-04-03,CARREFOUR,CHICKEN INN,1899.1198634767093,1628.0,-271.11986347670927,-14.27607960354706,212.0,7.679245283018868,2021,4,April,2,Saturday,True,13
2021-04-03,CARREFOUR,PIZZA INN,4354.959299243674,4052.0,-302.95929924367374,-6.9566505316430565,283.0,14.318021201413428,2021,4,April,2,Saturday,True,13
2021-04-03,CARREFOUR,CREAMY INN,1137.8385066106853,789.0,-348.8385066106853,-30.657998000944907,197.0,4.00507614213198,2021,4,April,2,Saturday,True,13
2021-04-03,CARREFOUR,GALITOS,1378.0660579032242,942.75,-435.3160579032242,-31.58891080777164,94.0,10.029255319148936,2021,4,April,2,Saturday,True,13
2021-04-03,CITY MARKET,CHICKEN INN,819.7001035138849,630.25,-189.45010351388487,-23.11212389772204,156.0,4.040064102564102,2021,4,April,2,Saturday,True,13
2021-04-03,CITY MARKET,PIZZA INN,551.0931865756019,439.38,-111.71318657560188,-20.271197194392546,64.0,6.8653125,2021,4,April,2,Saturday,True,13
2021-04-03,JUNCTION,CHICKEN INN,3095.456,2841.75,-253.70599999999968,-8.196078380697374,309.0,9.196601941747574,2021,4,April,2,Saturday,True,13
2021-04-03,JUNCTION,PIZZA INN,6205.536199999998,6394.25,188.7138000000023,3.0410555013763734,381.0,16.78280839895013,2021,4,April,2,Saturday,True,13
2021-04-03,JUNCTION,CREAMY INN,1081.7481,676.0,-405.7481,-37.50855675179832,126.0,5.365079365079365,2021,4,April,2,Saturday,True,13
2021-04-03,JUNCTION,GALITOS,1547.6369999999995,1518.0,-29.63699999999949,-1.914983940032417,153.0,9.92156862745098,2021,4,April,2,Saturday,True,13
2021-04-03,OASIS,CHICKEN INN,302.64778881413423,961.75,659.1022111858658,217.77863098502323,118.0,8.150423728813559,2021,4,April,2,Saturday,True,13
2021-04-03,OASIS,PIZZA INN,877.9992749604855,2993.75,2115.7507250395147,240.97408567162364,218.0,13.732798165137616,2021,4,April,2,Saturday,True,13
2021-04-03,OASIS,CREAMY INN,116.9186396668107,257.5,140.5813603331893,120.23862126159824,88.0,2.926136363636364,2021,4,April,2,Saturday,True,13
2021-04-04,LA PIAZZA,CHICKEN INN,916.6631480091336,2415.25,1498.5868519908663,163.4828295700107,313.0,7.716453674121405,2021,4,April,2,Sunday,True,13
2021-04-04,LA PIAZZA,PIZZA INN,1750.71679536521,3880.75,2130.0332046347903,121.66634890770284,278.0,13.95953237410072,2021,4,April,2,Sunday,True,13
2021-04-04,LA PIAZZA,CREAMY INN,480.520807060114,660.25,179.729192939886,37.40299905835328,146.0,4.522260273972603,2021,4,April,2,Sunday,True,13
2021-04-04,LA PIAZZA,GALITOS,644.6212956998024,1120.75,476.1287043001976,73.86177085311945,130.0,8.621153846153845,2021,4,April,2,Sunday,True,13
2021-04-04,CARREFOUR,CHICKEN INN,1737.3355422378477,3439.75,1702.4144577621523,97.9899631575652,313.0,10.98961661341853,2021,4,April,2,Sunday,True,13
2021-04-04,CARREFOUR,PIZZA INN,5304.091590979203,7568.33,2264.238409020797,42.6885239476566,448.0,16.89359375,2021,4,April,2,Sunday,True,13
2021-04-04,CARREFOUR,CREAMY INN,1026.8547134364997,1522.75,495.8952865635004,48.29264355265253,257.0,5.925097276264592,2021,4,April,2,Sunday,True,13
2021-04-04,CARREFOUR,GALITOS,1179.6626096765797,1474.5,294.8373903234205,24.99336572210712,124.0,11.891129032258064,2021,4,April,2,Sunday,True,13
2021-04-04,CITY MARKET,CHICKEN INN,582.2245931265394,906.0,323.7754068734606,55.61005335325847,166.0,5.457831325301205,2021,4,April,2,Sunday,True,13
2021-04-04,CITY MARKET,PIZZA INN,379.05990816932587,428.7,49.64009183067412,13.095579553746928,52.0,8.24423076923077,2021,4,April,2,Sunday,True,13
2021-04-04,JUNCTION,CHICKEN INN,3556.1199999999994,4762.25,1206.1300000000006,33.91702192276978,498.0,9.562751004016064,2021,4,April,2,Sunday,True,13
2021-04-04,JUNCTION,PIZZA INN,8379.975499999997,11786.0,3406.024500000003,40.64480260115324,574.0,20.533101045296167,2021,4,April,2,Sunday,True,13
2021-04-04,JUNCTION,CREAMY INN,1350.4716,1334.75,-15.72160000000008,-1.16415628436763,229.0,5.828602620087336,2021,4,April,2,Sunday,True,13
2021-04-04,JUNCTION,GALITOS,1857.331,2265.5,408.1690000000003,21.976104420806006,233.0,9.723175965665236,2021,4,April,2,Sunday,True,13
2021-04-04,OASIS,CHICKEN INN,448.5287252229477,1584.75,1136.2212747770525,253.32185228767165,193.0,8.211139896373057,2021,4,April,2,Sunday,True,13
2021-04-04,OASIS,PIZZA INN,816.1779109394373,4981.5,4165.322089060563,510.3448688370152,337.0,14.781899109792285,2021,4,April,2,Sunday,True,13
2021-04-04,OASIS,CREAMY INN,268.6165139700685,444.0,175.38348602993148,65.29140127604893,183.0,2.4262295081967213,2021,4,April,2,Sunday,True,13
2021-04-05,LA PIAZZA,CHICKEN INN,1300.187961971741,903.75,-396.43796197174106,-30.490819294353493,149.0,6.065436241610739,2021,4,April,2,Monday,False,14
2021-04-05,LA PIAZZA,PIZZA INN,1570.381762551295,1402.5,-167.88176255129497,-10.69050638225374,135.0,10.38888888888889,2021,4,April,2,Monday,False,14
2021-04-05,LA PIAZZA,CREAMY INN,463.7477057953432,368.25,-95.49770579534317,-20.592599079614065,102.0,3.610294117647059,2021,4,April,2,Monday,False,14
2021-04-05,LA PIAZZA,GALITOS,490.43086438124345,473.0,-17.430864381243452,-3.5541940051499945,79.0,5.987341772151899,2021,4,April,2,Monday,False,14
2021-04-05,CARREFOUR,CHICKEN INN,1770.2974845015,1138.0,-632.2974845014999,-35.71701875176924,158.0,7.2025316455696204,2021,4,April,2,Monday,False,14
2021-04-05,CARREFOUR,PIZZA INN,2880.370374368773,2333.57,-546.8003743687727,-18.983682766442943,173.0,13.48884393063584,2021,4,April,2,Monday,False,14
2021-04-05,CARREFOUR,CREAMY INN,772.9627984362489,598.25,-174.71279843624893,-22.603002213004768,164.0,3.6478658536585367,2021,4,April,2,Monday,False,14
2021-04-05,CARREFOUR,GALITOS,1102.674504802732,511.25,-591.4245048027321,-53.63545654014533,70.0,7.303571428571429,2021,4,April,2,Monday,False,14
2021-04-05,CITY MARKET,CHICKEN INN,1062.8084324110682,503.25,-559.5584324110682,-52.64903959612589,158.0,3.185126582278481,2021,4,April,2,Monday,False,14
2021-04-05,CITY MARKET,PIZZA INN,378.587025042883,398.51,19.922974957116992,5.262455826334855,56.0,7.11625,2021,4,April,2,Monday,False,14
2021-04-05,JUNCTION,CHICKEN INN,1906.1839999999995,1396.0,-510.1839999999995,-26.764677491784617,174.0,8.022988505747126,2021,4,April,2,Monday,False,14
2021-04-05,JUNCTION,PIZZA INN,5244.207999999998,3260.0,-1984.2079999999976,-37.836180410845614,221.0,14.751131221719458,2021,4,April,2,Monday,False,14
2021-04-05,JUNCTION,CREAMY INN,669.6,320.75,-348.85,-52.09826762246117,58.0,5.530172413793103,2021,4,April,2,Monday,False,14
2021-04-05,JUNCTION,GALITOS,1232.4199999999998,820.5,-411.9199999999999,-33.42367050193927,88.0,9.323863636363637,2021,4,April,2,Monday,False,14
2021-04-05,OASIS,CHICKEN INN,503.9406141933339,512.0,8.059385806666114,1.5992729261496232,71.0,7.211267605633803,2021,4,April,2,Monday,False,14
2021-04-05,OASIS,PIZZA INN,2163.242044507477,1864.5,-298.7420445074772,-13.809922253776008,146.0,12.77054794520548,2021,4,April,2,Monday,False,14
2021-04-05,OASIS,CREAMY INN,190.25281446148227,120.0,-70.25281446148227,-36.926031638656966,45.0,2.6666666666666665,2021,4,April,2,Monday,False,14
2021-04-06,LA PIAZZA,CHICKEN INN,1030.2316243887046,858.75,-171.48162438870463,-16.644958311239424,173.0,4.963872832369942,2021,4,April,2,Tuesday,False,14
2021-04-06,LA PIAZZA,PIZZA INN,2729.938315696439,3854.75,1124.811684303561,41.20282417504399,304.0,12.680098684210526,2021,4,April,2,Tuesday,False,14
2021-04-06,LA PIAZZA,CREAMY INN,377.381185992787,334.25,-43.13118599278698,-11.429076910477292,96.0,3.481770833333333,2021,4,April,2,Tuesday,False,14
2021-04-06,LA PIAZZA,GALITOS,603.0982447787557,487.75,-115.34824477875566,-19.12594602577077,85.0,5.738235294117647,2021,4,April,2,Tuesday,False,14
2021-04-06,CARREFOUR,CHICKEN INN,1985.6079379143275,1237.25,-748.3579379143275,-37.68910889328932,193.0,6.410621761658031,2021,4,April,2,Tuesday,False,14
2021-04-06,CARREFOUR,PIZZA INN,7475.869789740385,5913.25,-1562.6197897403854,-20.9021803975889,398.0,14.857412060301508,2021,4,April,2,Tuesday,False,14
2021-04-06,CARREFOUR,CREAMY INN,864.7953337842289,602.75,-262.0453337842289,-30.301427811543974,151.0,3.991721854304636,2021,4,April,2,Tuesday,False,14
2021-04-06,CARREFOUR,GALITOS,945.8702385841206,691.5,-254.37023858412056,-26.892720397344256,84.0,8.232142857142858,2021,4,April,2,Tuesday,False,14
2021-04-06,CITY MARKET,CHICKEN INN,827.0536524823416,634.5,-192.5536524823416,-23.281881641463738,168.0,3.7767857142857135,2021,4,April,2,Tuesday,False,14
2021-04-06,CITY MARKET,PIZZA INN,715.1996613877756,714.01,-1.1896613877755726,-0.1663397582525626,85.0,8.400117647058824,2021,4,April,2,Tuesday,False,14
2021-04-06,JUNCTION,CHICKEN INN,1703.168,1566.5,-136.6679999999999,-8.024340523072294,221.0,7.088235294117647,2021,4,April,2,Tuesday,False,14
2021-04-06,JUNCTION,PIZZA INN,3733.859799999999,5039.0,1305.1402000000012,34.95418333596783,349.0,14.43839541547278,2021,4,April,2,Tuesday,False,14
2021-04-06,JUNCTION,CREAMY INN,392.0136,396.0,3.9864000000000033,1.0169034951848617,74.0,5.351351351351352,2021,4,April,2,Tuesday,False,14
2021-04-06,JUNCTION,GALITOS,1376.6689999999996,1119.75,-256.91899999999964,-18.66236546330307,136.0,8.233455882352942,2021,4,April,2,Tuesday,False,14
2021-04-06,OASIS,CHICKEN INN,670.1923845305224,575.5,-94.69238453052242,-14.129134665840098,74.0,7.777027027027027,2021,4,April,2,Tuesday,False,14
2021-04-06,OASIS,PIZZA INN,2114.3475403456364,2548.5,434.1524596543636,20.53363751086029,215.0,11.853488372093024,2021,4,April,2,Tuesday,False,14
2021-04-06,OASIS,CREAMY INN,188.99899526934485,120.5,-68.49899526934485,-36.243047309180696,59.0,2.042372881355932,2021,4,April,2,Tuesday,False,14
2021-04-07,LA PIAZZA,CHICKEN INN,930.2580714845382,665.75,-264.50807148453816,-28.43383783409984,135.0,4.931481481481481,2021,4,April,2,Wednesday,False,14
2021-04-07,LA PIAZZA,PIZZA INN,1625.5796400085574,1021.5,-604.0796400085574,-37.16087635087367,99.0,10.318181818181818,2021,4,April,2,Wednesday,False,14
2021-04-07,LA PIAZZA,CREAMY INN,401.3854784024997,358.0,-43.3854784024997,-10.808930750353102,98.0,3.653061224489796,2021,4,April,2,Wednesday,False,14
2021-04-07,LA PIAZZA,GALITOS,647.6940424379163,315.0,-332.6940424379163,-51.36592598345633,59.0,5.338983050847458,2021,4,April,2,Wednesday,False,14
2021-04-07,CARREFOUR,CHICKEN INN,1748.5273698742226,1062.75,-685.7773698742226,-39.2202822609264,142.0,7.484154929577465,2021,4,April,2,Wednesday,False,14
2021-04-07,CARREFOUR,PIZZA INN,3398.532791013671,2216.25,-1182.2827910136712,-34.78803541751424,167.0,13.270958083832337,2021,4,April,2,Wednesday,False,14
2021-04-07,CARREFOUR,CREAMY INN,848.0985091755051,592.5,-255.59850917550511,-30.137832623239724,159.0,3.726415094339623,2021,4,April,2,Wednesday,False,14
2021-04-07,CARREFOUR,GALITOS,832.3467014643576,836.0,3.653298535642421,0.4389154818797417,88.0,9.5,2021,4,April,2,Wednesday,False,14
2021-04-07,CITY MARKET,CHICKEN INN,935.6361565505756,416.5,-519.1361565505755,-55.48483274358304,119.0,3.5,2021,4,April,2,Wednesday,False,14
2021-04-07,CITY MARKET,PIZZA INN,480.3210169740635,393.55,-86.77101697406351,-18.06521345259997,46.0,8.555434782608696,2021,4,April,2,Wednesday,False,14
2021-04-07,JUNCTION,CHICKEN INN,1502.544,1342.5,-160.04399999999987,-10.65153499664568,204.0,6.580882352941177,2021,4,April,2,Wednesday,False,14
2021-04-07,JUNCTION,PIZZA INN,3579.7655999999984,3817.0,237.23440000000164,6.627093125873988,269.0,14.189591078066917,2021,4,April,2,Wednesday,False,14
2021-04-07,JUNCTION,CREAMY INN,525.8685,326.62,-199.24850000000004,-37.88941531960938,58.0,5.631379310344828,2021,4,April,2,Wednesday,False,14
2021-04-07,JUNCTION,GALITOS,778.0569999999999,1080.5,302.4430000000001,38.87157367647873,127.0,8.507874015748031,2021,4,April,2,Wednesday,False,14
2021-04-07,OASIS,CHICKEN INN,371.32890083351714,391.5,20.17109916648286,5.432138226032247,60.0,6.525,2021,4,April,2,Wednesday,False,14
2021-04-07,OASIS,PIZZA INN,673.492559266113,1606.25,932.757440733887,138.49558215613968,121.0,13.274793388429751,2021,4,April,2,Wednesday,False,14
2021-04-07,OASIS,CREAMY INN,91.77101609723712,72.0,-19.77101609723711,-21.5438565878888,47.0,1.5319148936170213,2021,4,April,2,Wednesday,False,14
2021-04-08,LA PIAZZA,CHICKEN INN,1045.861162261789,942.5,-103.3611622617891,-9.882876044298202,149.0,6.325503355704698,2021,4,April,2,Thursday,False,14
2021-04-08,LA PIAZZA,PIZZA INN,1153.2388100985172,1915.0,761.7611899014828,66.05407164856064,186.0,10.295698924731182,2021,4,April,2,Thursday,False,14
2021-04-08,LA PIAZZA,CREAMY INN,522.9021115524606,348.75,-174.1521115524606,-33.3049164853083,99.0,3.522727272727273,2021,4,April,2,Thursday,False,14
2021-04-08,LA PIAZZA,GALITOS,418.7334404919175,505.75,87.01655950808248,20.780895694850077,84.0,6.020833333333333,2021,4,April,2,Thursday,False,14
2021-04-08,CARREFOUR,CHICKEN INN,1461.051842609459,1227.25,-233.80184260945907,-16.002296139737638,161.0,7.622670807453416,2021,4,April,2,Thursday,False,14
2021-04-08,CARREFOUR,PIZZA INN,3013.824631230241,3291.22,277.395368769759,9.20409787269296,228.0,14.43517543859649,2021,4,April,2,Thursday,False,14
2021-04-08,CARREFOUR,CREAMY INN,730.2356242625254,652.38,-77.85562426252545,-10.66171269597438,166.0,3.93,2021,4,April,2,Thursday,False,14
2021-04-08,CARREFOUR,GALITOS,830.6651543735413,734.25,-96.41515437354133,-11.606981930794277,82.0,8.954268292682928,2021,4,April,2,Thursday,False,14
2021-04-08,CITY MARKET,CHICKEN INN,784.2412903879858,615.5,-168.74129038798583,-21.516501675715755,165.0,3.7303030303030313,2021,4,April,2,Thursday,False,14
2021-04-08,CITY MARKET,PIZZA INN,388.2691066825952,651.14,262.8708933174048,67.70327301169966,65.0,10.01753846153846,2021,4,April,2,Thursday,False,14
2021-04-08,JUNCTION,CHICKEN INN,2383.8,1467.25,-916.5500000000002,-38.44911485862909,221.0,6.639140271493213,2021,4,April,2,Thursday,False,14
2021-04-08,JUNCTION,PIZZA INN,4823.7226999999975,5182.0,358.27730000000247,7.42740249144095,358.0,14.474860335195531,2021,4,April,2,Thursday,False,14
2021-04-08,JUNCTION,CREAMY INN,652.0137000000001,322.25,-329.7637000000001,-50.57619188063074,67.0,4.809701492537314,2021,4,April,2,Thursday,False,14
2021-04-08,JUNCTION,GALITOS,1349.0959999999998,942.0,-407.0959999999998,-30.175465645143102,109.0,8.642201834862385,2021,4,April,2,Thursday,False,14
2021-04-08,OASIS,CHICKEN INN,837.8451529323502,388.25,-449.5951529323502,-53.66088845400907,55.0,7.0590909090909095,2021,4,April,2,Thursday,False,14
2021-04-08,OASIS,PIZZA INN,2252.592247006201,2406.5,153.90775299379857,6.8324728187424535,177.0,13.596045197740112,2021,4,April,2,Thursday,False,14
2021-04-08,OASIS,CREAMY INN,121.52072601976953,133.5,11.979273980230488,9.857803168721729,60.0,2.225,2021,4,April,2,Thursday,False,14
2021-04-09,LA PIAZZA,CHICKEN INN,1119.3153661416543,768.25,-351.0653661416543,-31.36429435001837,126.0,6.097222222222222,2021,4,April,2,Friday,False,14
2021-04-09,LA PIAZZA,PIZZA INN,1908.4168304157008,1763.0,-145.4168304157006,-7.619762522426781,160.0,11.01875,2021,4,April,2,Friday,False,14
2021-04-09,LA PIAZZA,CREAMY INN,341.41552477189254,382.0,40.584475228107465,11.887120615040244,96.0,3.9791666666666665,2021,4,April,2,Friday,False,14
2021-04-09,LA PIAZZA,GALITOS,991.7187672371564,742.96,-248.75876723715623,-25.083599852625245,90.0,8.25511111111111,2021,4,April,2,Friday,False,14
2021-04-09,CARREFOUR,CHICKEN INN,1727.9843365378902,1318.25,-409.73433653789016,-23.7116927436284,192.0,6.865885416666667,2021,4,April,2,Friday,False,14
2021-04-09,CARREFOUR,PIZZA INN,3469.862687071934,3523.75,53.88731292806597,1.5530099542221114,223.0,15.801569506726455,2021,4,April,2,Friday,False,14
2021-04-09,CARREFOUR,CREAMY INN,589.2977277402898,555.0,-34.297727740289815,-5.820101813697339,150.0,3.7,2021,4,April,2,Friday,False,14
2021-04-09,CARREFOUR,GALITOS,1975.473878895021,1075.0,-900.473878895021,-45.582677073852274,104.0,10.336538461538462,2021,4,April,2,Friday,False,14
2021-04-09,CITY MARKET,CHICKEN INN,788.991683021609,453.25,-335.741683021609,-42.553260097218754,122.0,3.7151639344262297,2021,4,April,2,Friday,False,14
2021-04-09,CITY MARKET,PIZZA INN,502.42629939320767,394.12,-108.30629939320768,-21.556654085188573,53.0,7.43622641509434,2021,4,April,2,Friday,False,14
2021-04-09,JUNCTION,CHICKEN INN,2094.544,1500.25,-594.2939999999999,-28.373431162104968,208.0,7.212740384615385,2021,4,April,2,Friday,False,14
2021-04-09,JUNCTION,PIZZA INN,5226.010799999997,4198.5,-1027.5107999999973,-19.66147486721608,295.0,14.232203389830508,2021,4,April,2,Friday,False,14
2021-04-09,JUNCTION,CREAMY INN,871.2705000000001,534.5,-336.7705000000001,-38.652806447595786,79.0,6.765822784810126,2021,4,April,2,Friday,False,14
2021-04-09,JUNCTION,GALITOS,1378.1529999999996,2180.5,802.3470000000004,58.21900761381361,199.0,10.957286432160805,2021,4,April,2,Friday,False,14
2021-04-09,OASIS,CHICKEN INN,733.6559865160765,613.0,-120.6559865160765,-16.445853197359902,78.0,7.858974358974359,2021,4,April,2,Friday,False,14
2021-04-09,OASIS,PIZZA INN,2815.0686809533304,1845.25,-969.8186809533304,-34.45097760900451,132.0,13.979166666666666,2021,4,April,2,Friday,False,14
2021-04-09,OASIS,CREAMY INN,112.3023053684867,94.5,-17.8023053684867,-15.852128155404928,48.0,1.96875,2021,4,April,2,Friday,False,14
2021-04-10,LA PIAZZA,CHICKEN INN,1527.3249147308836,1141.25,-386.0749147308836,-25.27785090174545,163.0,7.001533742331288,2021,4,April,2,Saturday,True,14
2021-04-10,LA PIAZZA,PIZZA INN,2005.2172607242185,2066.5,61.28273927578152,3.056164560125929,168.0,12.300595238095235,2021,4,April,2,Saturday,True,14
2021-04-10,LA PIAZZA,CREAMY INN,641.2381079958119,368.25,-272.9881079958119,-42.57203441152859,105.0,3.507142857142857,2021,4,April,2,Saturday,True,14
2021-04-10,LA PIAZZA,GALITOS,644.6827506345646,735.25,90.56724936543536,14.048343821249995,82.0,8.966463414634147,2021,4,April,2,Saturday,True,14
2021-04-10,CARREFOUR,CHICKEN INN,1464.838869352202,1592.25,127.41113064779802,8.697962165909978,194.0,8.207474226804123,2021,4,April,2,Saturday,True,14
2021-04-10,CARREFOUR,PIZZA INN,4081.861753343607,3779.25,-302.6117533436068,-7.41357183632508,258.0,14.648255813953488,2021,4,April,2,Saturday,True,14
2021-04-10,CARREFOUR,CREAMY INN,661.4947973484104,700.75,39.25520265158957,5.934317670969344,145.0,4.832758620689655,2021,4,April,2,Saturday,True,14
2021-04-10,CARREFOUR,GALITOS,1009.0811224070756,602.25,-406.8311224070756,-40.31698873095705,71.0,8.482394366197184,2021,4,April,2,Saturday,True,14
2021-04-10,CITY MARKET,CHICKEN INN,843.9226938159817,742.0,-101.92269381598167,-12.077254772604332,177.0,4.192090395480226,2021,4,April,2,Saturday,True,14
2021-04-10,CITY MARKET,PIZZA INN,359.7278047628808,547.5,187.7721952371192,52.19841022878163,71.0,7.711267605633803,2021,4,April,2,Saturday,True,14
2021-04-10,JUNCTION,CHICKEN INN,2690.664,2787.0,96.33600000000024,3.580380158949622,332.0,8.394578313253012,2021,4,April,2,Saturday,True,14
2021-04-10,JUNCTION,PIZZA INN,7360.534599999997,6499.0,-861.5345999999972,-11.70478296508514,390.0,16.664102564102564,2021,4,April,2,Saturday,True,14
2021-04-10,JUNCTION,CREAMY INN,1042.1115,907.0,-135.11149999999998,-12.965167354932747,138.0,6.572463768115942,2021,4,April,2,Saturday,True,14
2021-04-10,JUNCTION,GALITOS,1325.1209999999996,1524.25,199.1290000000004,15.02723147546529,164.0,9.294207317073171,2021,4,April,2,Saturday,True,14
2021-04-10,OASIS,CHICKEN INN,788.6008761315828,821.5,32.89912386841718,4.171834557146467,90.0,9.127777777777778,2021,4,April,2,Saturday,True,14
2021-04-10,OASIS,PIZZA INN,2662.522252810392,3021.5,358.97774718960864,13.48261960292329,213.0,14.185446009389672,2021,4,April,2,Saturday,True,14
2021-04-10,OASIS,CREAMY INN,157.9812182093099,183.5,25.5187817906901,16.15304786223396,88.0,2.085227272727273,2021,4,April,2,Saturday,True,14
2021-04-11,LA PIAZZA,CHICKEN INN,1425.9872453555456,1707.5,281.5127546444544,19.741603970255987,213.0,8.01643192488263,2021,4,April,2,Sunday,True,14
2021-04-11,LA PIAZZA,PIZZA INN,1924.2899807460008,2953.0,1028.7100192539992,53.45919947341788,216.0,13.671296296296296,2021,4,April,2,Sunday,True,14
2021-04-11,LA PIAZZA,CREAMY INN,793.1474918978212,324.0,-469.1474918978212,-59.15009461547413,89.0,3.640449438202247,2021,4,April,2,Sunday,True,14
2021-04-11,LA PIAZZA,GALITOS,954.9687162493132,1023.25,68.28128375068684,7.150106866208661,73.0,14.017123287671232,2021,4,April,2,Sunday,True,14
2021-04-11,CARREFOUR,CHICKEN INN,2216.4684732037817,2817.25,600.7815267962183,27.10534952603328,293.0,9.61518771331058,2021,4,April,2,Sunday,True,14
2021-04-11,CARREFOUR,PIZZA INN,5468.933082453257,6421.32,952.3869175467426,17.414492062490556,387.0,16.592558139534884,2021,4,April,2,Sunday,True,14
2021-04-11,CARREFOUR,CREAMY INN,1639.728357524307,1167.32,-472.4083575243071,-28.810159643610618,243.0,4.803786008230452,2021,4,April,2,Sunday,True,14
2021-04-11,CARREFOUR,GALITOS,1179.6626096765797,1382.75,203.08739032342052,17.21571817717438,135.0,10.242592592592592,2021,4,April,2,Sunday,True,14
2021-04-11,CITY MARKET,CHICKEN INN,739.6787836391374,644.75,-94.92878363913736,-12.833784845375488,153.0,4.2140522875817,2021,4,April,2,Sunday,True,14
2021-04-11,CITY MARKET,PIZZA INN,400.25949917680816,330.0,-70.25949917680816,-17.553487005631855,40.0,8.25,2021,4,April,2,Sunday,True,14
2021-04-11,JUNCTION,CHICKEN INN,3745.088,3935.75,190.6619999999998,5.090988516157692,433.0,9.089491916859124,2021,4,April,2,Sunday,True,14
2021-04-11,JUNCTION,PIZZA INN,8611.601799999995,9607.25,995.6482000000052,11.56170737016667,511.0,18.80088062622309,2021,4,April,2,Sunday,True,14
2021-04-11,JUNCTION,CREAMY INN,1557.2106,970.5,-586.7106000000001,-37.677023261978825,151.0,6.427152317880795,2021,4,April,2,Sunday,True,14
2021-04-11,JUNCTION,GALITOS,1904.147,1995.5,91.35300000000028,4.797581279176466,188.0,10.61436170212766,2021,4,April,2,Sunday,True,14
2021-04-11,OASIS,CHICKEN INN,1011.681636929827,1153.5,141.81836307017295,14.01808216076278,119.0,9.693277310924367,2021,4,April,2,Sunday,True,14
2021-04-11,OASIS,PIZZA INN,4421.128298913231,3917.25,-503.87829891323145,-11.39705217414955,283.0,13.841872791519435,2021,4,April,2,Sunday,True,14
2021-04-11,OASIS,CREAMY INN,261.4925412874697,299.0,37.50745871253025,14.343605568197344,81.0,3.691358024691358,2021,4,April,2,Sunday,True,14
2021-04-12,LA PIAZZA,CHICKEN INN,1018.6713153109796,918.5,-100.1713153109796,-9.833526654316298,174.0,5.278735632183908,2021,4,April,2,Monday,False,15
2021-04-12,LA PIAZZA,PIZZA INN,1740.1872236208324,1389.0,-351.1872236208324,-20.18100229986243,141.0,9.851063829787234,2021,4,April,2,Monday,False,15
2021-04-12,LA PIAZZA,CREAMY INN,581.2681543652047,374.0,-207.26815436520477,-35.65792359493005,59.0,6.338983050847458,2021,4,April,2,Monday,False,15
2021-04-12,LA PIAZZA,GALITOS,283.77840375395203,472.75,188.971596246048,66.5912535084574,69.0,6.851449275362318,2021,4,April,2,Monday,False,15
2021-04-12,CARREFOUR,CHICKEN INN,1300.515759235524,1038.25,-262.265759235524,-20.16628844157109,141.0,7.363475177304965,2021,4,April,2,Monday,False,15
2021-04-12,CARREFOUR,PIZZA INN,2899.483561974614,2171.25,-728.2335619746141,-25.115974842039478,173.0,12.55057803468208,2021,4,April,2,Monday,False,15
2021-04-12,CARREFOUR,CREAMY INN,747.4333536095107,579.0,-168.43335360951073,-22.53489930521713,148.0,3.9121621621621614,2021,4,April,2,Monday,False,15
2021-04-12,CARREFOUR,GALITOS,738.4858002133436,642.5,-95.98580021334362,-12.997650081506505,75.0,8.566666666666666,2021,4,April,2,Monday,False,15
2021-04-12,CITY MARKET,CHICKEN INN,934.32722483419,543.5,-390.8272248341901,-41.82980164187639,134.0,4.0559701492537314,2021,4,April,2,Monday,False,15
2021-04-12,CITY MARKET,PIZZA INN,326.2092075631489,477.79,151.58079243685114,46.46735558729056,64.0,7.46546875,2021,4,April,2,Monday,False,15
2021-04-12,JUNCTION,CHICKEN INN,2050.088,1700.5,-349.5880000000002,-17.05234116779378,201.0,8.460199004975124,2021,4,April,2,Monday,False,15
2021-04-12,JUNCTION,PIZZA INN,4404.100699999997,3192.0,-1212.1006999999972,-27.522093216442528,230.0,13.878260869565215,2021,4,April,2,Monday,False,15
2021-04-12,JUNCTION,CREAMY INN,637.5336,313.25,-324.2836,-50.86533478392354,53.0,5.910377358490566,2021,4,April,2,Monday,False,15
2021-04-12,JUNCTION,GALITOS,1004.2059999999996,1015.75,11.544000000000324,1.149564929904853,113.0,8.988938053097344,2021,4,April,2,Monday,False,15
2021-04-12,OASIS,CHICKEN INN,795.219384230051,738.25,-56.96938423005099,-7.163983343440504,82.0,9.003048780487806,2021,4,April,2,Monday,False,15
2021-04-12,OASIS,PIZZA INN,2839.34209995546,2112.0,-727.3420999554601,-25.6165715278504,154.0,13.714285714285714,2021,4,April,2,Monday,False,15
2021-04-12,OASIS,CREAMY INN,219.16189560746795,72.0,-147.16189560746795,-67.14757380591547,22.0,3.272727272727273,2021,4,April,2,Monday,False,15
2021-04-13,LA PIAZZA,CHICKEN INN,935.7145373692244,711.75,-223.96453736922436,-23.93513496102177,149.0,4.776845637583893,2021,4,April,2,Tuesday,False,15
2021-04-13,LA PIAZZA,PIZZA INN,3034.149820447272,3709.0,674.8501795527282,22.241821251043127,319.0,11.626959247648903,2021,4,April,2,Tuesday,False,15
2021-04-13,LA PIAZZA,CREAMY INN,402.9893892203627,325.0,-77.98938922036268,-19.352715308768715,53.0,6.132075471698113,2021,4,April,2,Tuesday,False,15
2021-04-13,LA PIAZZA,GALITOS,801.9254437129836,431.75,-370.1754437129836,-46.1608303633614,81.0,5.330246913580247,2021,4,April,2,Tuesday,False,15
2021-04-13,CARREFOUR,CHICKEN INN,1254.457897677135,1040.75,-213.70789767713492,-17.03587645889554,164.0,6.346036585365853,2021,4,April,2,Tuesday,False,15
2021-04-13,CARREFOUR,PIZZA INN,6588.432787249563,5744.25,-844.1827872495633,-12.813104641262942,404.0,14.218440594059404,2021,4,April,2,Tuesday,False,15
2021-04-13,CARREFOUR,CREAMY INN,860.3706752629168,573.67,-286.7006752629169,-33.32292504917201,151.0,3.799139072847682,2021,4,April,2,Tuesday,False,15
2021-04-13,CARREFOUR,GALITOS,983.2655528651128,594.75,-388.5155528651129,-39.5127798114179,80.0,7.434375,2021,4,April,2,Tuesday,False,15
2021-04-13,CITY MARKET,CHICKEN INN,847.8200747692638,489.25,-358.5700747692638,-42.29318052734827,135.0,3.624074074074074,2021,4,April,2,Tuesday,False,15
2021-04-13,CITY MARKET,PIZZA INN,572.6213912811206,728.54,155.91860871887934,27.22891793651719,71.0,10.26112676056338,2021,4,April,2,Tuesday,False,15
2021-04-13,JUNCTION,CHICKEN INN,1908.896,1477.75,-431.1459999999997,-22.586144032990784,208.0,7.104567307692308,2021,4,April,2,Tuesday,False,15
2021-04-13,JUNCTION,PIZZA INN,3880.9408999999982,5120.75,1239.8091000000018,31.946095855260317,350.0,14.630714285714284,2021,4,April,2,Tuesday,False,15
2021-04-13,JUNCTION,CREAMY INN,572.2011,289.0,-283.2011,-49.49328129568433,59.0,4.898305084745763,2021,4,April,2,Tuesday,False,15
2021-04-13,JUNCTION,GALITOS,1353.9679999999996,869.5,-484.4679999999996,-35.78134786051072,107.0,8.126168224299066,2021,4,April,2,Tuesday,False,15
2021-04-13,OASIS,CHICKEN INN,1117.2879048367704,561.5,-555.7879048367704,-49.74437675649661,74.0,7.587837837837838,2021,4,April,2,Tuesday,False,15
2021-04-13,OASIS,PIZZA INN,2428.369095678522,2542.0,113.63090432147784,4.679309439561438,181.0,14.044198895027623,2021,4,April,2,Tuesday,False,15
2021-04-13,OASIS,CREAMY INN,214.5598092545092,74.5,-140.0598092545092,-65.27774690942762,21.0,3.5476190476190474,2021,4,April,2,Tuesday,False,15
2021-04-14,LA PIAZZA,CHICKEN INN,1009.1456206309342,828.5,-180.64562063093425,-17.90084770104751,166.0,4.990963855421687,2021,4,April,2,Wednesday,False,15
2021-04-14,LA PIAZZA,PIZZA INN,1989.2008509144025,1446.0,-543.2008509144025,-27.307491381008717,112.0,12.910714285714286,2021,4,April,2,Wednesday,False,15
2021-04-14,LA PIAZZA,CREAMY INN,287.0456665392478,284.75,-2.2956665392478044,-0.7997565568313212,76.0,3.746710526315789,2021,4,April,2,Wednesday,False,15
2021-04-14,LA PIAZZA,GALITOS,571.7767130282473,489.25,-82.52671302824729,-14.433381274163615,72.0,6.795138888888889,2021,4,April,2,Wednesday,False,15
2021-04-14,CARREFOUR,CHICKEN INN,1094.5353549486724,1147.25,52.71464505132758,4.816166495946547,141.0,8.136524822695035,2021,4,April,2,Wednesday,False,15
2021-04-14,CARREFOUR,PIZZA INN,4039.8517471160735,2075.25,-1964.6017471160733,-48.63054067562114,156.0,13.302884615384617,2021,4,April,2,Wednesday,False,15
2021-04-14,CARREFOUR,CREAMY INN,792.114056262455,627.25,-164.86405626245505,-20.81317140619328,146.0,4.296232876712328,2021,4,April,2,Wednesday,False,15
2021-04-14,CARREFOUR,GALITOS,1004.8772546800348,483.0,-521.8772546800349,-51.934428035810896,63.0,7.666666666666667,2021,4,April,2,Wednesday,False,15
2021-04-14,CITY MARKET,CHICKEN INN,798.9483883248997,404.75,-394.1983883248997,-49.33965623879516,115.0,3.519565217391305,2021,4,April,2,Wednesday,False,15
2021-04-14,CITY MARKET,PIZZA INN,393.8956143904411,434.51,40.614385609558894,10.310951461698862,59.0,7.364576271186441,2021,4,April,2,Wednesday,False,15
2021-04-14,JUNCTION,CHICKEN INN,1796.8479999999995,1735.5,-61.34799999999973,-3.414200867296496,219.0,7.924657534246576,2021,4,April,2,Wednesday,False,15
2021-04-14,JUNCTION,PIZZA INN,3829.501799999998,3048.75,-780.7517999999982,-20.387816503964,228.0,13.37171052631579,2021,4,April,2,Wednesday,False,15
2021-04-14,JUNCTION,CREAMY INN,541.9389000000001,295.0,-246.9389000000001,-45.56581932022228,67.0,4.402985074626866,2021,4,April,2,Wednesday,False,15
2021-04-14,JUNCTION,GALITOS,1072.2669999999996,895.5,-176.7669999999996,-16.48535299510287,110.0,8.14090909090909,2021,4,April,2,Wednesday,False,15
2021-04-14,OASIS,CHICKEN INN,833.5938484603415,720.75,-112.84384846034152,-13.537029893966416,89.0,8.098314606741573,2021,4,April,2,Wednesday,False,15
2021-04-14,OASIS,PIZZA INN,2047.6114410969435,1580.0,-467.6114410969433,-22.836922655913423,128.0,12.34375,2021,4,April,2,Wednesday,False,15
2021-04-14,OASIS,CREAMY INN,124.45580276500016,166.5,42.04419723499984,33.78243223772258,22.0,7.568181818181818,2021,4,April,2,Wednesday,False,15
2021-04-15,LA PIAZZA,CHICKEN INN,701.7801228723793,856.75,154.96987712762075,22.0823976166966,136.0,6.299632352941177,2021,4,April,2,Thursday,False,15
2021-04-15,LA PIAZZA,PIZZA INN,1720.8042160424063,1835.75,114.94578395759368,6.679771172455161,182.0,10.086538461538462,2021,4,April,2,Thursday,False,15
2021-04-15,LA PIAZZA,CREAMY INN,226.2873499642673,275.0,48.71265003573268,21.526899335479783,79.0,3.481012658227848,2021,4,April,2,Thursday,False,15
2021-04-15,LA PIAZZA,GALITOS,566.9422581602812,472.5,-94.4422581602812,-16.6581793473545,72.0,6.5625,2021,4,April,2,Thursday,False,15
2021-04-15,CARREFOUR,CHICKEN INN,1404.4156940601674,967.25,-437.1656940601674,-31.12794138581013,135.0,7.164814814814815,2021,4,April,2,Thursday,False,15
2021-04-15,CARREFOUR,PIZZA INN,3883.383652116959,3317.5,-565.8836521169587,-14.571922395781758,244.0,13.596311475409836,2021,4,April,2,Thursday,False,15
2021-04-15,CARREFOUR,CREAMY INN,750.8728994789078,617.25,-133.6228994789078,-17.79567481682182,160.0,3.8578125,2021,4,April,2,Thursday,False,15
2021-04-15,CARREFOUR,GALITOS,759.8490916625767,520.75,-239.0990916625767,-31.46665493004926,66.0,7.890151515151516,2021,4,April,2,Thursday,False,15
2021-04-15,CITY MARKET,CHICKEN INN,750.9297135608764,444.25,-306.6797135608764,-40.840002469287626,119.0,3.733193277310925,2021,4,April,2,Thursday,False,15
2021-04-15,CITY MARKET,PIZZA INN,553.9785751437279,657.38,103.40142485627211,18.66523896333806,83.0,7.920240963855422,2021,4,April,2,Thursday,False,15
2021-04-15,JUNCTION,CHICKEN INN,1917.168,1588.5,-328.6679999999999,-17.143411532009708,192.0,8.2734375,2021,4,April,2,Thursday,False,15
2021-04-15,JUNCTION,PIZZA INN,4534.963399999999,4863.25,328.2866000000013,7.239013218938026,320.0,15.19765625,2021,4,April,2,Thursday,False,15
2021-04-15,JUNCTION,CREAMY INN,704.3448000000001,274.0,-430.3448000000001,-61.098598300150734,51.0,5.372549019607843,2021,4,April,2,Thursday,False,15
2021-04-15,JUNCTION,GALITOS,1377.9359999999997,1287.75,-90.1859999999997,-6.5450064444212,121.0,10.642561983471074,2021,4,April,2,Thursday,False,15
2021-04-15,OASIS,CHICKEN INN,811.805913041297,575.0,-236.805913041297,-29.17026215713836,53.0,10.849056603773583,2021,4,April,2,Thursday,False,15
2021-04-15,OASIS,PIZZA INN,2127.3692182478203,2747.0,619.6307817521797,29.12662157735508,200.0,13.735,2021,4,April,2,Thursday,False,15
2021-04-15,OASIS,CREAMY INN,140.7981960988817,117.0,-23.798196098881704,-16.902344460555714,33.0,3.5454545454545454,2021,4,April,2,Thursday,False,15
2021-04-16,LA PIAZZA,CHICKEN INN,1415.120554822484,945.75,-469.3705548224839,-33.16823808564938,173.0,5.466763005780347,2021,4,April,2,Friday,False,15
2021-04-16,LA PIAZZA,PIZZA INN,1602.4002562229746,1493.0,-109.40025622297458,-6.827274009606217,122.0,12.237704918032788,2021,4,April,2,Friday,False,15
2021-04-16,LA PIAZZA,CREAMY INN,290.2263032458576,205.75,-84.4763032458576,-29.107045881467094,62.0,3.318548387096774,2021,4,April,2,Friday,False,15
2021-04-16,LA PIAZZA,GALITOS,1026.666140138639,761.75,-264.9161401386391,-25.80353337676699,93.0,8.190860215053764,2021,4,April,2,Friday,False,15
2021-04-16,CARREFOUR,CHICKEN INN,1618.4779096080686,1157.75,-460.72790960806856,-28.46674068722005,161.0,7.190993788819876,2021,4,April,2,Friday,False,15
2021-04-16,CARREFOUR,PIZZA INN,3312.1073773973244,3474.25,162.1426226026756,4.895451871795544,214.0,16.23481308411215,2021,4,April,2,Friday,False,15
2021-04-16,CARREFOUR,CREAMY INN,682.599583653837,788.0,105.40041634616296,15.441031443642675,167.0,4.718562874251497,2021,4,April,2,Friday,False,15
2021-04-16,CARREFOUR,GALITOS,1678.7381428349645,1344.4,-334.3381428349642,-19.916038976177163,140.0,9.602857142857143,2021,4,April,2,Friday,False,15
2021-04-16,CITY MARKET,CHICKEN INN,859.9387234692807,435.0,-424.9387234692807,-49.4150003799033,119.0,3.6554621848739495,2021,4,April,2,Friday,False,15
2021-04-16,CITY MARKET,PIZZA INN,342.70401221093664,465.75,123.04598778906336,35.9044491470172,58.0,8.030172413793103,2021,4,April,2,Friday,False,15
2021-04-16,JUNCTION,CHICKEN INN,2584.4879999999994,1619.5,-964.9879999999994,-37.33768545259253,212.0,7.639150943396227,2021,4,April,2,Friday,False,15
2021-04-16,JUNCTION,PIZZA INN,5749.898099999998,4430.5,-1319.3980999999976,-22.946460564231533,299.0,14.81772575250836,2021,4,April,2,Friday,False,15
2021-04-16,JUNCTION,CREAMY INN,760.2936,372.25,-388.0436,-51.03865138414949,67.0,5.5559701492537314,2021,4,April,2,Friday,False,15
2021-04-16,JUNCTION,GALITOS,1537.6619999999996,2425.75,888.0880000000004,57.75573565582037,206.0,11.775485436893204,2021,4,April,2,Friday,False,15
2021-04-16,OASIS,CHICKEN INN,969.0397648014972,603.0,-366.0397648014973,-37.77345142038404,75.0,8.04,2021,4,April,2,Friday,False,15
2021-04-16,OASIS,PIZZA INN,2335.400004539507,2037.5,-297.9000045395069,-12.755844992740192,146.0,13.955479452054794,2021,4,April,2,Friday,False,15
2021-04-16,OASIS,CREAMY INN,178.93994584151542,128.5,-50.439945841515424,-28.18819778015881,57.0,2.254385964912281,2021,4,April,2,Friday,False,15
2021-04-17,LA PIAZZA,CHICKEN INN,904.4323410049004,1119.5,215.0676589950997,23.779297714646237,174.0,6.433908045977011,2021,4,April,2,Saturday,True,15
2021-04-17,LA PIAZZA,PIZZA INN,1960.964407501928,2159.0,198.03559249807176,10.098887656525555,176.0,12.267045454545457,2021,4,April,2,Saturday,True,15
2021-04-17,LA PIAZZA,CREAMY INN,450.9436041815554,411.0,-39.94360418155537,-8.85778261653171,86.0,4.77906976744186,2021,4,April,2,Saturday,True,15
2021-04-17,LA PIAZZA,GALITOS,596.4815968026835,613.25,16.768403197316502,2.8112188686457498,85.0,7.214705882352941,2021,4,April,2,Saturday,True,15
2021-04-17,CARREFOUR,CHICKEN INN,1724.874320162565,1211.0,-513.874320162565,-29.79198624246048,165.0,7.33939393939394,2021,4,April,2,Saturday,True,15
2021-04-17,CARREFOUR,PIZZA INN,4277.713416545506,3891.25,-386.46341654550633,-9.03434566352033,245.0,15.88265306122449,2021,4,April,2,Saturday,True,15
2021-04-17,CARREFOUR,CREAMY INN,1043.0673301315703,706.75,-336.3173301315703,-32.24310841843239,159.0,4.44496855345912,2021,4,April,2,Saturday,True,15
2021-04-17,CARREFOUR,GALITOS,866.0731857290237,887.25,21.17681427097625,2.445152975513323,102.0,8.698529411764707,2021,4,April,2,Saturday,True,15
2021-04-17,CITY MARKET,CHICKEN INN,1006.1419840601396,701.0,-305.14198406013963,-30.327924775465934,181.0,3.87292817679558,2021,4,April,2,Saturday,True,15
2021-04-17,CITY MARKET,PIZZA INN,291.6005746821249,451.5,159.8994253178751,54.83508579919029,71.0,6.359154929577465,2021,4,April,2,Saturday,True,15
2021-04-17,JUNCTION,CHICKEN INN,3228.168,2948.0,-280.1680000000001,-8.678854384282358,322.0,9.15527950310559,2021,4,April,2,Saturday,True,15
2021-04-17,JUNCTION,PIZZA INN,7291.839199999997,6342.0,-949.8391999999968,-13.026057952566989,401.0,15.815461346633416,2021,4,April,2,Saturday,True,15
2021-04-17,JUNCTION,CREAMY INN,1199.421,817.5,-381.9210000000001,-31.84211381991811,130.0,6.288461538461538,2021,4,April,2,Saturday,True,15
2021-04-17,JUNCTION,GALITOS,1663.8789999999997,1589.5,-74.37899999999968,-4.470216884761434,157.0,10.124203821656051,2021,4,April,2,Saturday,True,15
2021-04-17,OASIS,CHICKEN INN,1212.0243601732368,1092.75,-119.2743601732368,-9.840921031998787,120.0,9.10625,2021,4,April,2,Saturday,True,15
2021-04-17,OASIS,PIZZA INN,2964.9285978785865,3048.25,83.32140212141348,2.8102330080066733,207.0,14.72584541062802,2021,4,April,2,Saturday,True,15
2021-04-17,OASIS,CREAMY INN,325.1951050152678,250.0,-75.19510501526781,-23.123074073251328,88.0,2.840909090909091,2021,4,April,2,Saturday,True,15
2021-04-18,LA PIAZZA,CHICKEN INN,1168.9553333214058,1685.75,516.7946666785942,44.209958408778725,191.0,8.825916230366492,2021,4,April,2,Sunday,True,15
2021-04-18,LA PIAZZA,PIZZA INN,1849.6947697623607,2375.5,525.8052302376389,28.426594421586188,184.0,12.910326086956522,2021,4,April,2,Sunday,True,15
2021-04-18,LA PIAZZA,CREAMY INN,444.5551458392196,354.25,-90.30514583921962,-20.31359814061851,79.0,4.484177215189874,2021,4,April,2,Sunday,True,15
2021-04-18,LA PIAZZA,GALITOS,654.3106904139885,593.0,-61.31069041398848,-9.370271846727222,59.0,10.05084745762712,2021,4,April,2,Sunday,True,15
2021-04-18,CARREFOUR,CHICKEN INN,2178.513579480424,2515.25,336.7364205195763,15.45716417337587,261.0,9.636973180076629,2021,4,April,2,Sunday,True,15
2021-04-18,CARREFOUR,PIZZA INN,5035.128734642848,6546.0,1510.871265357152,30.006606483802667,395.0,16.572151898734177,2021,4,April,2,Sunday,True,15
2021-04-18,CARREFOUR,CREAMY INN,1214.9444426537707,1024.25,-190.6944426537707,-15.69573356270036,189.0,5.419312169312169,2021,4,April,2,Sunday,True,15
2021-04-18,CARREFOUR,GALITOS,1113.9102967277315,1533.5,419.58970327226825,37.66817709692352,141.0,10.875886524822697,2021,4,April,2,Sunday,True,15
2021-04-18,CITY MARKET,CHICKEN INN,665.275575176291,585.5,-79.775575176291,-11.991357890322565,107.0,5.47196261682243,2021,4,April,2,Sunday,True,15
2021-04-18,CITY MARKET,PIZZA INN,287.8335396070713,295.75,7.916460392928684,2.750360643771966,36.0,8.215277777777779,2021,4,April,2,Sunday,True,15
2021-04-18,JUNCTION,CHICKEN INN,4461.575999999999,3748.25,-713.3259999999991,-15.98820685784573,417.0,8.988609112709833,2021,4,April,2,Sunday,True,15
2021-04-18,JUNCTION,PIZZA INN,9819.930799999996,9349.5,-470.4307999999946,-4.79057143661333,521.0,17.945297504798464,2021,4,April,2,Sunday,True,15
2021-04-18,JUNCTION,CREAMY INN,1512.2358,1082.5,-429.7357999999999,-28.417248156669743,187.0,5.788770053475936,2021,4,April,2,Sunday,True,15
2021-04-18,JUNCTION,GALITOS,2104.6689999999994,2105.25,0.5810000000005857,0.027605290903253,217.0,9.701612903225806,2021,4,April,2,Sunday,True,15
2021-04-18,OASIS,CHICKEN INN,1179.8175081125648,1167.25,-12.567508112564838,-1.0652077991849729,138.0,8.458333333333334,2021,4,April,2,Sunday,True,15
2021-04-18,OASIS,PIZZA INN,3148.796586218284,4197.75,1048.9534137817163,33.31283508032233,286.0,14.677447552447552,2021,4,April,2,Sunday,True,15
2021-04-18,OASIS,CREAMY INN,224.1914203213827,408.0,183.8085796786173,81.98733895129625,151.0,2.7019867549668874,2021,4,April,2,Sunday,True,15
2021-04-19,LA PIAZZA,CHICKEN INN,1127.476944350528,882.25,-245.22694435052813,-21.750062879714907,157.0,5.619426751592357,2021,4,April,2,Monday,False,16
2021-04-19,LA PIAZZA,PIZZA INN,1759.5702311992582,961.5,-798.0702311992582,-45.35597483115652,97.0,9.91237113402062,2021,4,April,2,Monday,False,16
2021-04-19,LA PIAZZA,CREAMY INN,447.7629674749456,288.0,-159.76296747494564,-35.680254750832,85.0,3.388235294117647,2021,4,April,2,Monday,False,16
2021-04-19,LA PIAZZA,GALITOS,501.8819672252815,449.75,-52.13196722528153,-10.387296342504545,74.0,6.077702702702703,2021,4,April,2,Monday,False,16
2021-04-19,CARREFOUR,CHICKEN INN,1936.440059980613,1097.25,-839.1900599806129,-43.33674340475143,143.0,7.673076923076923,2021,4,April,2,Monday,False,16
2021-04-19,CARREFOUR,PIZZA INN,2652.832426680182,1818.5,-834.3324266801819,-31.45062682019028,149.0,12.204697986577182,2021,4,April,2,Monday,False,16
2021-04-19,CARREFOUR,CREAMY INN,730.2356242625254,409.5,-320.73562426252545,-43.92220998344754,125.0,3.276,2021,4,April,2,Monday,False,16
2021-04-19,CARREFOUR,GALITOS,657.5613464678132,571.25,-86.31134646781322,-13.12597629581593,67.0,8.526119402985074,2021,4,April,2,Monday,False,16
2021-04-19,CITY MARKET,CHICKEN INN,951.19626616783,556.25,-394.9462661678301,-41.5210067801239,127.0,4.37992125984252,2021,4,April,2,Monday,False,16
2021-04-19,CITY MARKET,PIZZA INN,312.52765676928414,365.25,52.722343230715865,16.86965684116617,64.0,5.70703125,2021,4,April,2,Monday,False,16
2021-04-19,JUNCTION,CHICKEN INN,1814.064,1691.25,-122.81399999999984,-6.7701029291138495,223.0,7.584080717488789,2021,4,April,2,Monday,False,16
2021-04-19,JUNCTION,PIZZA INN,3835.797099999999,3012.25,-823.5470999999989,-21.47003813105753,210.0,14.344047619047618,2021,4,April,2,Monday,False,16
2021-04-19,JUNCTION,CREAMY INN,586.1232,370.0,-216.1232,-36.87333993945301,66.0,5.606060606060606,2021,4,April,2,Monday,False,16
2021-04-19,JUNCTION,GALITOS,1238.7899999999995,1084.5,-154.2899999999995,-12.4548955028697,115.0,9.430434782608696,2021,4,April,2,Monday,False,16
2021-04-19,OASIS,CHICKEN INN,1033.9365717037513,491.75,-542.1865717037513,-52.439055406495605,76.0,6.470394736842105,2021,4,April,2,Monday,False,16
2021-04-19,OASIS,PIZZA INN,2644.2223705158167,1686.75,-957.4723705158168,-36.20997920568381,132.0,12.778409090909092,2021,4,April,2,Monday,False,16
2021-04-19,OASIS,CREAMY INN,147.50897836588973,64.0,-83.50897836588973,-56.61281048177913,40.0,1.6,2021,4,April,2,Monday,False,16
2021-04-20,LA PIAZZA,CHICKEN INN,1080.5420894949643,830.25,-250.29208949496436,-23.163566873359706,164.0,5.0625,2021,4,April,2,Tuesday,False,16
2021-04-20,LA PIAZZA,PIZZA INN,3931.212029276451,4044.75,113.53797072354882,2.888116180913441,326.0,12.407208588957054,2021,4,April,2,Tuesday,False,16
2021-04-20,LA PIAZZA,CREAMY INN,254.2606420249631,340.5,86.23935797503691,33.91769850347897,89.0,3.8258426966292136,2021,4,April,2,Tuesday,False,16
2021-04-20,LA PIAZZA,GALITOS,680.818252274785,500.0,-180.81825227478495,-26.558960731535286,66.0,7.575757575757576,2021,4,April,2,Tuesday,False,16
2021-04-20,CARREFOUR,CHICKEN INN,1531.9898351704503,1220.5,-311.48983517045053,-20.33236957709931,182.0,6.706043956043956,2021,4,April,2,Tuesday,False,16
2021-04-20,CARREFOUR,PIZZA INN,5589.580203401967,6604.719999999999,1015.1397965980324,18.161288677460806,429.0,15.395617715617714,2021,4,April,2,Tuesday,False,16
2021-04-20,CARREFOUR,CREAMY INN,751.3571073925608,595.75,-155.6071073925608,-20.71013980723029,148.0,4.025337837837838,2021,4,April,2,Tuesday,False,16
2021-04-20,CARREFOUR,GALITOS,743.5495499754604,791.5,47.95045002453958,6.448857379595227,92.0,8.603260869565217,2021,4,April,2,Tuesday,False,16
2021-04-20,CITY MARKET,CHICKEN INN,862.1006668660069,468.75,-393.3506668660069,-45.62699948904505,122.0,3.8422131147540974,2021,4,April,2,Tuesday,False,16
2021-04-20,CITY MARKET,PIZZA INN,650.3906281603647,620.0,-30.390628160364717,-4.672673135885254,69.0,8.985507246376812,2021,4,April,2,Tuesday,False,16
2021-04-20,JUNCTION,CHICKEN INN,2359.872,1569.5,-790.3719999999998,-33.492155506739344,214.0,7.33411214953271,2021,4,April,2,Tuesday,False,16
2021-04-20,JUNCTION,PIZZA INN,4302.803599999998,4636.5,333.69640000000163,7.755324923498757,337.0,13.758160237388724,2021,4,April,2,Tuesday,False,16
2021-04-20,JUNCTION,CREAMY INN,793.0947,402.0,-391.0947,-49.312484372925454,84.0,4.785714285714286,2021,4,April,2,Tuesday,False,16
2021-04-20,JUNCTION,GALITOS,1177.3019999999997,1180.25,2.94800000000032,0.250403040171538,141.0,8.370567375886525,2021,4,April,2,Tuesday,False,16
2021-04-20,OASIS,CHICKEN INN,533.7802626275464,383.0,-150.78026262754645,-28.24762794437676,53.0,7.226415094339623,2021,4,April,2,Tuesday,False,16
2021-04-20,OASIS,PIZZA INN,3006.5695217526813,2161.25,-845.3195217526813,-28.115748384886903,168.0,12.864583333333334,2021,4,April,2,Tuesday,False,16
2021-04-20,OASIS,CREAMY INN,151.2846838876671,91.5,-59.784683887667086,-39.51800165842221,44.0,2.0795454545454546,2021,4,April,2,Tuesday,False,16
2021-04-21,LA PIAZZA,CHICKEN INN,834.3768679938862,788.5,-45.87686799388621,-5.498338910591942,139.0,5.672661870503597,2021,4,April,2,Wednesday,False,16
2021-04-21,LA PIAZZA,PIZZA INN,1679.087055607538,1219.0,-460.0870556075381,-27.40102450739616,114.0,10.692982456140353,2021,4,April,2,Wednesday,False,16
2021-04-21,LA PIAZZA,CREAMY INN,546.0908560886836,277.0,-269.0908560886836,-49.27583992451689,81.0,3.419753086419753,2021,4,April,2,Wednesday,False,16
2021-04-21,LA PIAZZA,GALITOS,795.90286010628,457.75,-338.15286010627995,-42.48669995495746,75.0,6.1033333333333335,2021,4,April,2,Wednesday,False,16
2021-04-21,CARREFOUR,CHICKEN INN,1489.0419899873868,1120.5,-368.5419899873869,-24.75027517461134,170.0,6.591176470588235,2021,4,April,2,Wednesday,False,16
2021-04-21,CARREFOUR,PIZZA INN,3072.334389207307,2313.0,-759.3343892073071,-24.7152260468374,184.0,12.570652173913045,2021,4,April,2,Wednesday,False,16
2021-04-21,CARREFOUR,CREAMY INN,768.5381399149373,585.25,-183.28813991493732,-23.84893219941224,144.0,4.064236111111111,2021,4,April,2,Wednesday,False,16
2021-04-21,CARREFOUR,GALITOS,1050.966931760134,686.25,-364.716931760134,-34.702988337541214,93.0,7.379032258064516,2021,4,April,2,Wednesday,False,16
2021-04-21,CITY MARKET,CHICKEN INN,827.4948654204491,412.75,-414.74486542044906,-50.12053642287167,113.0,3.652654867256637,2021,4,April,2,Wednesday,False,16
2021-04-21,CITY MARKET,PIZZA INN,465.23684673735977,394.88,-70.35684673735977,-15.122801908482185,57.0,6.927719298245614,2021,4,April,2,Wednesday,False,16
2021-04-21,JUNCTION,CHICKEN INN,2019.872,1471.0,-548.8720000000001,-27.17360307979912,212.0,6.938679245283019,2021,4,April,2,Wednesday,False,16
2021-04-21,JUNCTION,PIZZA INN,4463.299799999999,2860.0,-1603.2997999999989,-35.92184867348591,223.0,12.82511210762332,2021,4,April,2,Wednesday,False,16
2021-04-21,JUNCTION,CREAMY INN,678.2769000000001,267.5,-410.77690000000007,-60.56182954188769,65.0,4.115384615384615,2021,4,April,2,Wednesday,False,16
2021-04-21,JUNCTION,GALITOS,1228.1849999999995,960.75,-267.4349999999997,-21.774814054885848,117.0,8.211538461538462,2021,4,April,2,Wednesday,False,16
2021-04-21,OASIS,CHICKEN INN,719.9197641121999,448.0,-271.9197641121999,-37.770843039366966,65.0,6.892307692307693,2021,4,April,2,Wednesday,False,16
2021-04-21,OASIS,PIZZA INN,2192.1615476154834,1964.5,-227.6615476154834,-10.385254127968876,143.0,13.737762237762238,2021,4,April,2,Wednesday,False,16
2021-04-21,OASIS,CREAMY INN,243.4688904004949,80.5,-162.9688904004949,-66.93622751244264,39.0,2.0641025641025643,2021,4,April,2,Wednesday,False,16
2021-04-22,LA PIAZZA,CHICKEN INN,921.425995349156,681.0,-240.4259953491561,-26.09281663016805,111.0,6.135135135135135,2021,4,April,2,Thursday,False,16
2021-04-22,LA PIAZZA,PIZZA INN,1467.4068486756662,1835.0,367.5931513243338,25.050527170163228,187.0,9.81283422459893,2021,4,April,2,Thursday,False,16
2021-04-22,LA PIAZZA,CREAMY INN,365.39263225248885,239.25,-126.14263225248884,-34.522489267195574,78.0,3.0673076923076925,2021,4,April,2,Thursday,False,16
2021-04-22,LA PIAZZA,GALITOS,681.4328016224076,431.5,-249.9328016224076,-36.67754194211791,77.0,5.603896103896104,2021,4,April,2,Thursday,False,16
2021-04-22,CARREFOUR,CHICKEN INN,1834.4019036663683,910.0,-924.4019036663684,-50.3925503903366,142.0,6.408450704225352,2021,4,April,2,Thursday,False,16
2021-04-22,CARREFOUR,PIZZA INN,2737.762590926003,3117.5,379.7374090739968,13.87035568140906,241.0,12.935684647302905,2021,4,April,2,Thursday,False,16
2021-04-22,CARREFOUR,CREAMY INN,626.615130740787,627.75,1.1348692592130192,0.181111052628329,156.0,4.024038461538462,2021,4,April,2,Thursday,False,16
2021-04-22,CARREFOUR,GALITOS,484.45753856208495,584.5,100.04246143791504,20.65040864775278,60.0,9.741666666666667,2021,4,April,2,Thursday,False,16
2021-04-22,CITY MARKET,CHICKEN INN,771.6961358477985,494.25,-277.4461358477985,-35.95276987398562,131.0,3.7729007633587783,2021,4,April,2,Thursday,False,16
2021-04-22,CITY MARKET,PIZZA INN,459.914907822816,532.0,72.08509217718398,15.673571556622608,66.0,8.06060606060606,2021,4,April,2,Thursday,False,16
2021-04-22,JUNCTION,CHICKEN INN,1392.28,1694.5,302.22,21.70684057804465,221.0,7.667420814479638,2021,4,April,2,Thursday,False,16
2021-04-22,JUNCTION,PIZZA INN,4010.804499999998,4195.0,184.19550000000208,4.5924826303551365,302.0,13.890728476821192,2021,4,April,2,Thursday,False,16
2021-04-22,JUNCTION,CREAMY INN,525.7569000000001,296.0,-229.7569000000001,-43.70021582217942,74.0,4.0,2021,4,April,2,Thursday,False,16
2021-04-22,JUNCTION,GALITOS,1170.4839999999997,925.25,-245.2339999999997,-20.951503822350396,102.0,9.071078431372548,2021,4,April,2,Thursday,False,16
2021-04-22,OASIS,CHICKEN INN,827.909339071633,393.0,-434.909339071633,-52.53103432307139,57.0,6.894736842105263,2021,4,April,2,Thursday,False,16
2021-04-22,OASIS,PIZZA INN,2389.41468302211,2061.0,-328.4146830221098,-13.744566205089772,170.0,12.123529411764704,2021,4,April,2,Thursday,False,16
2021-04-22,OASIS,CREAMY INN,144.1607112050683,144.0,-0.1607112050683099,-0.1114805856081679,56.0,2.571428571428572,2021,4,April,2,Thursday,False,16
2021-04-23,LA PIAZZA,CHICKEN INN,844.5730606004398,702.75,-141.82306060043982,-16.792278515207705,135.0,5.205555555555556,2021,4,April,2,Friday,False,16
2021-04-23,LA PIAZZA,PIZZA INN,1692.567772629932,1242.25,-450.3177726299321,-26.60559771442552,114.0,10.896929824561404,2021,4,April,2,Friday,False,16
2021-04-23,LA PIAZZA,CREAMY INN,642.0536558693016,295.0,-347.0536558693016,-54.053684251577394,69.0,4.27536231884058,2021,4,April,2,Friday,False,16
2021-04-23,LA PIAZZA,GALITOS,912.1755966765128,573.0,-339.17559667651267,-37.18314740191361,69.0,8.304347826086957,2021,4,April,2,Friday,False,16
2021-04-23,CARREFOUR,CHICKEN INN,1401.3056776848423,1118.5,-282.8056776848423,-20.181583660752576,144.0,7.767361111111111,2021,4,April,2,Friday,False,16
2021-04-23,CARREFOUR,PIZZA INN,3096.0503444406777,2843.75,-252.3003444406777,-8.149103417963232,206.0,13.804611650485436,2021,4,April,2,Friday,False,16
2021-04-23,CARREFOUR,CREAMY INN,688.0093548270635,543.25,-144.75935482706348,-21.040317811296312,138.0,3.936594202898551,2021,4,April,2,Friday,False,16
2021-04-23,CARREFOUR,GALITOS,2159.8134787257486,972.5,-1187.3134787257486,-54.97296365731741,95.0,10.236842105263158,2021,4,April,2,Friday,False,16
2021-04-23,CITY MARKET,CHICKEN INN,730.1632912739543,405.0,-325.1632912739543,-44.53295518412392,128.0,3.1640625,2021,4,April,2,Friday,False,16
2021-04-23,CITY MARKET,PIZZA INN,459.2095906172741,400.75,-58.4595906172741,-12.730481203298073,51.0,7.857843137254902,2021,4,April,2,Friday,False,16
2021-04-23,JUNCTION,CHICKEN INN,1925.384,1969.25,43.86599999999999,2.2782987705309687,248.0,7.940524193548387,2021,4,April,2,Friday,False,16
2021-04-23,JUNCTION,PIZZA INN,4652.352799999998,3719.0,-933.3527999999978,-20.061952309377705,268.0,13.876865671641792,2021,4,April,2,Friday,False,16
2021-04-23,JUNCTION,CREAMY INN,528.1283999999999,470.5,-57.62839999999994,-10.911816141680688,101.0,4.658415841584159,2021,4,April,2,Friday,False,16
2021-04-23,JUNCTION,GALITOS,1416.121,2702.0,1285.879,90.80290455406002,228.0,11.850877192982455,2021,4,April,2,Friday,False,16
2021-04-23,OASIS,CHICKEN INN,808.9556066339275,399.75,-409.20560663392746,-50.58443297483729,48.0,8.328125,2021,4,April,2,Friday,False,16
2021-04-23,OASIS,PIZZA INN,2668.100714338875,1822.0,-846.1007143388752,-31.71172324162168,137.0,13.299270072992702,2021,4,April,2,Friday,False,16
2021-04-23,OASIS,CREAMY INN,252.27412063618695,167.0,-85.27412063618698,-33.80216742848691,56.0,2.982142857142857,2021,4,April,2,Friday,False,16
2021-04-24,LA PIAZZA,CHICKEN INN,811.9498683830996,1447.5,635.5501316169004,78.27455319163018,199.0,7.273869346733668,2021,4,April,2,Saturday,True,16
2021-04-24,LA PIAZZA,PIZZA INN,1849.737747606216,2315.5,465.7622523937844,25.179907421824367,200.0,11.5775,2021,4,April,2,Saturday,True,16
2021-04-24,LA PIAZZA,CREAMY INN,633.2457388356131,597.0,-36.24573883561311,-5.723803037705444,127.0,4.700787401574803,2021,4,April,2,Saturday,True,16
2021-04-24,LA PIAZZA,GALITOS,655.51930413098,670.5,14.980695869019996,2.2853172705386395,80.0,8.38125,2021,4,April,2,Saturday,True,16
2021-04-24,CARREFOUR,CHICKEN INN,1673.8446637184516,1682.5,8.655336281548443,0.517093160981891,191.0,8.80890052356021,2021,4,April,2,Saturday,True,16
2021-04-24,CARREFOUR,PIZZA INN,3982.512184298549,4349.75,367.2378157014509,9.22126031777938,288.0,15.10329861111111,2021,4,April,2,Saturday,True,16
2021-04-24,CARREFOUR,CREAMY INN,956.6278691322084,789.0,-167.6278691322084,-17.52278754791763,185.0,4.264864864864865,2021,4,April,2,Saturday,True,16
2021-04-24,CARREFOUR,GALITOS,982.959817030419,867.25,-115.709817030419,-11.771571434118776,92.0,9.42663043478261,2021,4,April,2,Saturday,True,16
2021-04-24,CITY MARKET,CHICKEN INN,732.766447608788,556.5,-176.26644760878798,-24.05492884997564,151.0,3.685430463576159,2021,4,April,2,Saturday,True,16
2021-04-24,CITY MARKET,PIZZA INN,497.1604652563775,473.0,-24.16046525637745,-4.859691577430296,74.0,6.391891891891892,2021,4,April,2,Saturday,True,16
2021-04-24,JUNCTION,CHICKEN INN,2622.664,3378.0,755.3360000000002,28.80033431655753,354.0,9.542372881355933,2021,4,April,2,Saturday,True,16
2021-04-24,JUNCTION,PIZZA INN,6035.572799999997,6021.0,-14.572799999997187,-0.2414485001323684,380.0,15.844736842105265,2021,4,April,2,Saturday,True,16
2021-04-24,JUNCTION,CREAMY INN,907.0569,978.0,70.94309999999996,7.82124032130729,136.0,7.191176470588236,2021,4,April,2,Saturday,True,16
2021-04-24,JUNCTION,GALITOS,1682.5479999999998,1037.0,-645.5479999999998,-38.36728580700223,136.0,7.625,2021,4,April,2,Saturday,True,16
2021-04-24,OASIS,CHICKEN INN,1044.8224877002583,1057.0,12.177512299741466,1.1655101649415287,111.0,9.522522522522523,2021,4,April,2,Saturday,True,16
2021-04-24,OASIS,PIZZA INN,2846.6746952790195,3216.75,370.0753047209805,13.000266779155362,220.0,14.621590909090909,2021,4,April,2,Saturday,True,16
2021-04-24,OASIS,CREAMY INN,203.66013105013312,195.5,-8.160131050133117,-4.00673956559736,87.0,2.2471264367816093,2021,4,April,2,Saturday,True,16
2021-04-25,LA PIAZZA,CHICKEN INN,1095.5011294415406,1475.0,379.4988705584594,34.64157729822867,209.0,7.057416267942584,2021,4,April,2,Sunday,True,16
2021-04-25,LA PIAZZA,PIZZA INN,1907.041539412353,3153.0,1245.9584605876469,65.33462616506947,266.0,11.853383458646617,2021,4,April,2,Sunday,True,16
2021-04-25,LA PIAZZA,CREAMY INN,474.947896591268,407.25,-67.69789659126798,-14.253752269910066,83.0,4.906626506024097,2021,4,April,2,Sunday,True,16
2021-04-25,LA PIAZZA,GALITOS,347.6505659502144,642.25,294.5994340497856,84.74009908327719,76.0,8.450657894736842,2021,4,April,2,Sunday,True,16
2021-04-25,CARREFOUR,CHICKEN INN,2353.986204085513,2388.75,34.763795914486764,1.4768054228249805,268.0,8.913246268656716,2021,4,April,2,Sunday,True,16
2021-04-25,CARREFOUR,PIZZA INN,5268.179601749724,6674.75,1406.5703982502764,26.69936305480381,433.0,15.41512702078522,2021,4,April,2,Sunday,True,16
2021-04-25,CARREFOUR,CREAMY INN,979.2186728278114,1211.25,232.03132717218864,23.69555785758486,225.0,5.383333333333334,2021,4,April,2,Sunday,True,16
2021-04-25,CARREFOUR,GALITOS,1624.221621811116,1247.5,-376.721621811116,-23.193978995984928,120.0,10.395833333333334,2021,4,April,2,Sunday,True,16
2021-04-25,CITY MARKET,CHICKEN INN,515.1749336321499,409.5,-105.67493363214987,-20.51243698661878,102.0,4.014705882352941,2021,4,April,2,Sunday,True,16
2021-04-25,CITY MARKET,PIZZA INN,249.8746499997231,297.5,47.62535000027691,19.059696531973007,36.0,8.26388888888889,2021,4,April,2,Sunday,True,16
2021-04-25,JUNCTION,CHICKEN INN,3478.144,4156.0,677.8559999999998,19.48901483089831,458.0,9.074235807860262,2021,4,April,2,Sunday,True,16
2021-04-25,JUNCTION,PIZZA INN,8116.610799999996,9441.0,1324.3892000000042,16.317022370963073,550.0,17.165454545454544,2021,4,April,2,Sunday,True,16
2021-04-25,JUNCTION,CREAMY INN,1140.0684,1088.0,-52.06840000000011,-4.567129481003079,223.0,4.878923766816143,2021,4,April,2,Sunday,True,16
2021-04-25,JUNCTION,GALITOS,1950.0319999999997,1932.25,-17.78199999999947,-0.9118824716722328,206.0,9.37985436893204,2021,4,April,2,Sunday,True,16
2021-04-25,OASIS,CHICKEN INN,1152.3450633048117,1311.75,159.40493669518833,13.833090605519732,145.0,9.046551724137933,2021,4,April,2,Sunday,True,16
2021-04-25,OASIS,PIZZA INN,3544.6145066260533,4373.0,828.3854933739467,23.37025625284276,282.0,15.50709219858156,2021,4,April,2,Sunday,True,16
2021-04-25,OASIS,CREAMY INN,279.5161921744446,323.0,43.4838078255554,15.556811749359186,116.0,2.784482758620689,2021,4,April,2,Sunday,True,16
2021-04-26,LA PIAZZA,CHICKEN INN,877.9129919805989,764.5,-113.41299198059892,-12.918477459222434,154.0,4.964285714285714,2021,4,April,2,Monday,False,17
2021-04-26,LA PIAZZA,PIZZA INN,1526.9741402581462,1537.0,10.025859741853765,0.6565834664468397,154.0,9.98051948051948,2021,4,April,2,Monday,False,17
2021-04-26,LA PIAZZA,CREAMY INN,325.430786451495,334.5,9.06921354850499,2.78683330713603,106.0,3.1556603773584904,2021,4,April,2,Monday,False,17
2021-04-26,LA PIAZZA,GALITOS,333.5773858896524,396.21,62.63261411034762,18.776037213465823,60.0,6.6035,2021,4,April,2,Monday,False,17
2021-04-26,CARREFOUR,CHICKEN INN,1356.5172105653612,1124.75,-231.7672105653612,-17.085460380467023,158.0,7.118670886075949,2021,4,April,2,Monday,False,17
2021-04-26,CARREFOUR,PIZZA INN,2799.288851980998,1794.0,-1005.288851980998,-35.91229434109939,139.0,12.906474820143885,2021,4,April,2,Monday,False,17
2021-04-26,CARREFOUR,CREAMY INN,767.0688193493697,517.5,-249.56881934936973,-32.535388358120834,144.0,3.59375,2021,4,April,2,Monday,False,17
2021-04-26,CARREFOUR,GALITOS,777.8301804405093,417.5,-360.33018044050925,-46.3250449135881,48.0,8.697916666666666,2021,4,April,2,Monday,False,17
2021-04-26,CITY MARKET,CHICKEN INN,1063.6761511893462,474.0,-589.6761511893462,-55.43756438743143,126.0,3.761904761904762,2021,4,April,2,Monday,False,17
2021-04-26,CITY MARKET,PIZZA INN,284.7157169598462,431.25,146.5342830401538,51.46687531156551,59.0,7.309322033898305,2021,4,April,2,Monday,False,17
2021-04-26,JUNCTION,CHICKEN INN,1460.592,1666.25,205.65800000000013,14.08045504836396,195.0,8.544871794871796,2021,4,April,2,Monday,False,17
2021-04-26,JUNCTION,PIZZA INN,3712.102699999998,3295.75,-416.3526999999981,-11.21608785231072,224.0,14.713169642857142,2021,4,April,2,Monday,False,17
2021-04-26,JUNCTION,CREAMY INN,450.7431,302.0,-148.74310000000003,-32.99952900000023,73.0,4.136986301369863,2021,4,April,2,Monday,False,17
2021-04-26,JUNCTION,GALITOS,1096.025,1100.0,3.975000000000136,0.3626742090737106,114.0,9.649122807017545,2021,4,April,2,Monday,False,17
2021-04-26,OASIS,CHICKEN INN,718.5026626215304,707.25,-11.252662621530362,-1.566126781002296,77.0,9.185064935064934,2021,4,April,2,Monday,False,17
2021-04-26,OASIS,PIZZA INN,2383.836221493625,1920.0,-463.8362214936256,-19.45755405977524,143.0,13.426573426573428,2021,4,April,2,Monday,False,17
2021-04-26,OASIS,CREAMY INN,193.18789120671292,112.5,-80.68789120671295,-41.76653655812005,44.0,2.5568181818181817,2021,4,April,2,Monday,False,17
2021-04-27,LA PIAZZA,CHICKEN INN,1080.5420894949643,868.0,-212.54208949496436,-19.669950070552517,166.0,5.228915662650603,2021,4,April,2,Tuesday,False,17
2021-04-27,LA PIAZZA,PIZZA INN,3931.212029276451,3457.0,-474.2120292764512,-12.062743646104762,282.0,12.25886524822695,2021,4,April,2,Tuesday,False,17
2021-04-27,LA PIAZZA,CREAMY INN,254.2606420249631,313.75,59.48935797503691,23.396998253939863,96.0,3.2682291666666665,2021,4,April,2,Tuesday,False,17
2021-04-27,LA PIAZZA,GALITOS,680.818252274785,433.5,-247.31825227478495,-36.32661895424109,71.0,6.105633802816901,2021,4,April,2,Tuesday,False,17
2021-04-27,CARREFOUR,CHICKEN INN,1531.9898351704503,1185.5,-346.48983517045053,-22.61698003576504,176.0,6.735795454545454,2021,4,April,2,Tuesday,False,17
2021-04-27,CARREFOUR,PIZZA INN,5589.580203401967,6441.75,852.1697965980329,15.245685106716596,421.0,15.301068883610451,2021,4,April,2,Tuesday,False,17
2021-04-27,CARREFOUR,CREAMY INN,751.3571073925608,623.5,-127.8571073925608,-17.016822777688777,165.0,3.778787878787879,2021,4,April,2,Tuesday,False,17
2021-04-27,CARREFOUR,GALITOS,743.5495499754604,755.75,12.200450024539576,1.6408388687670152,90.0,8.397222222222222,2021,4,April,2,Tuesday,False,17
2021-04-27,CITY MARKET,CHICKEN INN,862.1006668660069,492.5,-369.6006668660069,-42.87210079649,122.0,4.036885245901639,2021,4,April,2,Tuesday,False,17
2021-04-27,CITY MARKET,PIZZA INN,650.3906281603647,835.25,184.8593718396353,28.42282219879329,88.0,9.491477272727272,2021,4,April,2,Tuesday,False,17
2021-04-27,JUNCTION,CHICKEN INN,1397.96,1762.25,364.29,26.05868551317634,202.0,8.724009900990099,2021,4,April,2,Tuesday,False,17
2021-04-27,JUNCTION,PIZZA INN,3673.069899999999,5608.0,1934.9301000000012,52.67882595972383,362.0,15.49171270718232,2021,4,April,2,Tuesday,False,17
2021-04-27,JUNCTION,CREAMY INN,495.9411,392.0,-103.9411,-20.958355740228026,76.0,5.157894736842105,2021,4,April,2,Tuesday,False,17
2021-04-27,JUNCTION,GALITOS,972.3629999999996,1242.75,270.3870000000003,27.807207802024596,137.0,9.07116788321168,2021,4,April,2,Tuesday,False,17
2021-04-27,OASIS,CHICKEN INN,721.3368656028695,555.25,-166.08686560286947,-23.024868618639022,68.0,8.165441176470589,2021,4,April,2,Tuesday,False,17
2021-04-27,OASIS,PIZZA INN,2609.724405879327,2738.0,128.27559412067285,4.915292734807044,200.0,13.69,2021,4,April,2,Tuesday,False,17
2021-04-27,OASIS,CREAMY INN,223.778229905792,111.5,-112.27822990579196,-50.17388418572253,54.0,2.064814814814815,2021,4,April,2,Tuesday,False,17
2021-04-28,LA PIAZZA,CHICKEN INN,830.9781371250351,734.0,-96.97813712503512,-11.67035963913008,133.0,5.518796992481203,2021,4,April,2,Wednesday,False,17
2021-04-28,LA PIAZZA,PIZZA INN,1864.4791480483443,1203.0,-661.4791480483445,-35.47795901824657,106.0,11.349056603773583,2021,4,April,2,Wednesday,False,17
2021-04-28,LA PIAZZA,CREAMY INN,481.3363549336037,328.25,-153.08635493360373,-31.804444722385597,104.0,3.15625,2021,4,April,2,Wednesday,False,17
2021-04-28,LA PIAZZA,GALITOS,367.5209948566847,398.5,30.979005143315305,8.429179714044801,59.0,6.754237288135593,2021,4,April,2,Wednesday,False,17
2021-04-28,CARREFOUR,CHICKEN INN,1736.0873043729216,838.75,-897.3373043729216,-51.68733750386141,146.0,5.74486301369863,2021,4,April,2,Wednesday,False,17
2021-04-28,CARREFOUR,PIZZA INN,3339.645970151864,2210.0,-1129.6459701518634,-33.82532101450547,194.0,11.391752577319588,2021,4,April,2,Wednesday,False,17
2021-04-28,CARREFOUR,CREAMY INN,707.1606126532694,483.0,-224.16061265326937,-31.69868466121407,131.0,3.687022900763359,2021,4,April,2,Wednesday,False,17
2021-04-28,CARREFOUR,GALITOS,849.7736440419075,546.25,-303.52364404190746,-35.718175795404974,62.0,8.810483870967742,2021,4,April,2,Wednesday,False,17
2021-04-28,CITY MARKET,CHICKEN INN,946.0193676940364,479.25,-466.7693676940364,-49.340360634667256,123.0,3.8963414634146334,2021,4,April,2,Wednesday,False,17
2021-04-28,CITY MARKET,PIZZA INN,206.0327737006955,334.5,128.4672262993045,62.352811153204826,50.0,6.69,2021,4,April,2,Wednesday,False,17
2021-04-28,JUNCTION,CHICKEN INN,1365.72,1929.25,563.53,41.262484257388046,180.0,10.718055555555557,2021,4,April,2,Wednesday,False,17
2021-04-28,JUNCTION,PIZZA INN,3459.3691999999983,3066.25,-393.1191999999983,-11.363898366210767,228.0,13.448464912280702,2021,4,April,2,Wednesday,False,17
2021-04-28,JUNCTION,CREAMY INN,523.1064,289.5,-233.6064,-44.65753047563555,62.0,4.669354838709677,2021,4,April,2,Wednesday,False,17
2021-04-28,JUNCTION,GALITOS,999.3059999999998,845.0,-154.3059999999998,-15.441316273493788,97.0,8.711340206185566,2021,4,April,2,Wednesday,False,17
2021-04-28,OASIS,CHICKEN INN,802.3370985354594,525.0,-277.3370985354594,-34.56615667425759,58.0,9.051724137931034,2021,4,April,2,Wednesday,False,17
2021-04-28,OASIS,PIZZA INN,2413.767117060054,1556.75,-857.0171170600538,-35.50537709304337,115.0,13.53695652173913,2021,4,April,2,Wednesday,False,17
2021-04-28,OASIS,CREAMY INN,133.67422341628296,112.0,-21.67422341628296,-16.214213078901494,42.0,2.6666666666666665,2021,4,April,2,Wednesday,False,17
2021-04-29,LA PIAZZA,CHICKEN INN,1339.631736544939,643.25,-696.381736544939,-51.98307247788754,130.0,4.948076923076923,2021,4,April,2,Thursday,False,17
2021-04-29,LA PIAZZA,PIZZA INN,1788.6375795929214,2029.5,240.86242040707864,13.466250690198336,185.0,10.97027027027027,2021,4,April,2,Thursday,False,17
2021-04-29,LA PIAZZA,CREAMY INN,259.0451895494358,399.75,140.7048104505642,54.31670462412208,118.0,3.38771186440678,2021,4,April,2,Thursday,False,17
2021-04-29,LA PIAZZA,GALITOS,410.908178798854,443.75,32.84182120114605,7.992496352140666,80.0,5.546875,2021,4,April,2,Thursday,False,17
2021-04-29,CARREFOUR,CHICKEN INN,1571.8065074042072,1185.75,-386.0565074042072,-24.5613251749268,162.0,7.319444444444445,2021,4,April,2,Thursday,False,17
2021-04-29,CARREFOUR,PIZZA INN,3686.881880493093,3527.5,-159.38188049309247,-4.322945124343836,263.0,13.412547528517113,2021,4,April,2,Thursday,False,17
2021-04-29,CARREFOUR,CREAMY INN,578.0106743047926,506.75,-71.26067430479259,-12.328608704415709,142.0,3.568661971830986,2021,4,April,2,Thursday,False,17
2021-04-29,CARREFOUR,GALITOS,683.9692791894951,688.5,4.530720810504931,0.6624158347979963,79.0,8.715189873417721,2021,4,April,2,Thursday,False,17
2021-04-29,CITY MARKET,CHICKEN INN,807.1549489736975,571.5,-235.65494897369751,-29.19575098602,145.0,3.941379310344828,2021,4,April,2,Thursday,False,17
2021-04-29,CITY MARKET,PIZZA INN,458.7367074908311,475.63,16.893292509168873,3.682568286625836,67.0,7.098955223880597,2021,4,April,2,Thursday,False,17
2021-04-29,JUNCTION,CHICKEN INN,1557.3359999999998,1783.5,226.1640000000002,14.522492256006428,232.0,7.6875,2021,4,April,2,Thursday,False,17
2021-04-29,JUNCTION,PIZZA INN,3905.452799999998,5903.5,1998.0472000000016,51.16044930820832,423.0,13.956264775413713,2021,4,April,2,Thursday,False,17
2021-04-29,JUNCTION,CREAMY INN,476.4948,328.5,-147.9948,-31.059058776716974,75.0,4.38,2021,4,April,2,Thursday,False,17
2021-04-29,JUNCTION,GALITOS,1036.637,1098.0,61.363000000000056,5.919429848635546,125.0,8.784,2021,4,April,2,Thursday,False,17
2021-04-29,OASIS,CHICKEN INN,934.9488118952762,504.75,-430.1988118952762,-46.01308717888,62.0,8.141129032258064,2021,4,April,2,Thursday,False,17
2021-04-29,OASIS,PIZZA INN,2420.925879304822,2620.25,199.32412069517795,8.233383863549538,182.0,14.396978021978022,2021,4,April,2,Thursday,False,17
2021-04-29,OASIS,CREAMY INN,220.00252438401463,177.5,-42.50252438401464,-19.31910758888677,68.0,2.610294117647059,2021,4,April,2,Thursday,False,17
2021-04-30,LA PIAZZA,CHICKEN INN,1014.578965897465,1324.75,310.17103410253503,30.571403954562317,214.0,6.190420560747664,2021,4,April,2,Friday,False,17
2021-04-30,LA PIAZZA,PIZZA INN,1964.3453312184904,1977.75,13.404668781509372,0.6823987905015869,191.0,10.354712041884817,2021,4,April,2,Friday,False,17
2021-04-30,LA PIAZZA,CREAMY INN,489.3287240938025,513.25,23.92127590619748,4.888590170237351,99.0,5.184343434343434,2021,4,April,2,Friday,False,17
2021-04-30,LA PIAZZA,GALITOS,538.0379538437558,884.37,346.33204615624425,64.36944525605304,117.0,7.558717948717948,2021,4,April,2,Friday,False,17
2021-04-30,CARREFOUR,CHICKEN INN,1495.896719957491,1324.5,-171.3967199574913,-11.457791013965316,177.0,7.483050847457627,2021,4,April,2,Friday,False,17
2021-04-30,CARREFOUR,PIZZA INN,3852.6205215894615,4127.0,274.37947841053847,7.121892147772154,278.0,14.845323741007194,2021,4,April,2,Friday,False,17
2021-04-30,CARREFOUR,CREAMY INN,644.2970680014251,798.0,153.70293199857483,23.855910515835976,178.0,4.48314606741573,2021,4,April,2,Friday,False,17
2021-04-30,CARREFOUR,GALITOS,1123.4645415619148,1202.0,78.53545843808524,6.990470596330531,128.0,9.390625,2021,4,April,2,Friday,False,17
2021-04-30,CITY MARKET,CHICKEN INN,937.7980999473018,512.5,-425.2980999473018,-45.35071034705667,132.0,3.882575757575758,2021,4,April,2,Friday,False,17
2021-04-30,CITY MARKET,PIZZA INN,517.3822301379947,438.25,-79.13223013799472,-15.294732893491297,71.0,6.172535211267606,2021,4,April,2,Friday,False,17
2021-04-30,JUNCTION,CHICKEN INN,2113.008,2387.75,274.7420000000002,13.002411727736016,292.0,8.17722602739726,2021,4,April,2,Friday,False,17
2021-04-30,JUNCTION,PIZZA INN,5213.420199999998,5861.25,647.8298000000023,12.42619576300415,371.0,15.798517520215633,2021,4,April,2,Friday,False,17
2021-04-30,JUNCTION,CREAMY INN,691.6967999999999,762.0,70.30320000000006,10.163875270205104,121.0,6.297520661157025,2021,4,April,2,Friday,False,17
2021-04-30,JUNCTION,GALITOS,1277.8149999999998,2780.5,1502.6850000000002,117.59800910147402,228.0,12.195175438596491,2021,4,April,2,Friday,False,17
2021-04-30,OASIS,CHICKEN INN,929.2643025065674,596.75,-332.51430250656745,-35.78253265617264,73.0,8.174657534246576,2021,4,April,2,Friday,False,17
2021-04-30,OASIS,PIZZA INN,2313.2757945115245,2301.5,-11.77579451152451,-0.509052770078853,167.0,13.781437125748504,2021,4,April,2,Friday,False,17
2021-04-30,OASIS,CREAMY INN,216.6542572231932,102.5,-114.1542572231932,-52.68959801957347,45.0,2.2777777777777777,2021,4,April,2,Friday,False,17
2021-05-01,LA PIAZZA,CHICKEN INN,1046.91342478577,1186.25,139.33657521422992,13.309273901301092,210.0,5.648809523809524,2021,5,May,2,Saturday,True,17
2021-05-01,LA PIAZZA,PIZZA INN,1896.7717738240444,2353.25,456.4782261759556,24.066059632238137,201.0,11.707711442786067,2021,5,May,2,Saturday,True,17
2021-05-01,LA PIAZZA,CREAMY INN,389.32834057092185,375.0,-14.328340570921853,-3.680271657056966,112.0,3.3482142857142856,2021,5,May,2,Saturday,True,17
2021-05-01,LA PIAZZA,GALITOS,768.5506012872535,695.5,-73.05060128725347,-9.504982647193334,79.0,8.80379746835443,2021,5,May,2,Saturday,True,17
2021-05-01,CARREFOUR,CHICKEN INN,1816.2995364458068,1512.5,-303.7995364458068,-16.726290479613922,181.0,8.356353591160222,2021,5,May,2,Saturday,True,17
2021-05-01,CARREFOUR,PIZZA INN,4176.274213759334,4912.0,735.7257862406659,17.61679785816534,303.0,16.21122112211221,2021,5,May,2,Saturday,True,17
2021-05-01,CARREFOUR,CREAMY INN,798.3127769885949,780.25,-18.06277698859492,-2.26261905223809,175.0,4.458571428571428,2021,5,May,2,Saturday,True,17
2021-05-01,CARREFOUR,GALITOS,970.3373115046028,850.5,-119.83731150460278,-12.35006735119598,86.0,9.88953488372093,2021,5,May,2,Saturday,True,17
2021-05-01,CITY MARKET,CHICKEN INN,1435.5439574653246,678.0,-757.5439574653246,-52.7705162580243,158.0,4.291139240506329,2021,5,May,2,Saturday,True,17
2021-05-01,CITY MARKET,PIZZA INN,438.355553582048,490.5,52.144446417952,11.895468414133369,59.0,8.313559322033898,2021,5,May,2,Saturday,True,17
2021-05-01,JUNCTION,CHICKEN INN,1566.994499162117,3092.75,1525.755500837883,97.3682742124312,335.0,9.232089552238806,2021,5,May,2,Saturday,True,17
2021-05-01,JUNCTION,PIZZA INN,5798.1556,7583.25,1785.0944,30.78728001021566,412.0,18.405946601941743,2021,5,May,2,Saturday,True,17
2021-05-01,JUNCTION,CREAMY INN,999.7778999999996,977.5,-22.277899999999704,-2.228284902076722,144.0,6.788194444444445,2021,5,May,2,Saturday,True,17
2021-05-01,JUNCTION,GALITOS,1452.604999999999,1397.25,-55.354999999999336,-3.810740015351687,133.0,10.50563909774436,2021,5,May,2,Saturday,True,17
2021-05-01,OASIS,CHICKEN INN,773.7450865592015,1017.0,243.25491344079853,31.43863756505889,93.0,10.935483870967742,2021,5,May,2,Saturday,True,17
2021-05-01,OASIS,PIZZA INN,2201.2150807443795,3232.5,1031.2849192556205,46.85071114935636,208.0,15.540865384615383,2021,5,May,2,Saturday,True,17
2021-05-01,OASIS,CREAMY INN,98.9459751425952,171.0,72.05402485740481,72.82158243785534,76.0,2.25,2021,5,May,2,Saturday,True,17
2021-05-02,LA PIAZZA,CHICKEN INN,991.8251994074352,1397.5,405.6748005925648,40.901844481762986,207.0,6.751207729468599,2021,5,May,2,Sunday,True,17
2021-05-02,LA PIAZZA,PIZZA INN,1715.5712783385104,3132.5,1416.9287216614896,82.59223848942906,248.0,12.631048387096774,2021,5,May,2,Sunday,True,17
2021-05-02,LA PIAZZA,CREAMY INN,458.54330354803415,445.0,-13.543303548034146,-2.9535495215481724,105.0,4.238095238095238,2021,5,May,2,Sunday,True,17
2021-05-02,LA PIAZZA,GALITOS,706.8279778566914,719.0,12.172022143308595,1.722062867434551,76.0,9.460526315789474,2021,5,May,2,Sunday,True,17
2021-05-02,CARREFOUR,CHICKEN INN,2238.690488876613,2647.25,408.559511123387,18.249932858222145,294.0,9.004251700680273,2021,5,May,2,Sunday,True,17
2021-05-02,CARREFOUR,PIZZA INN,4019.3090594997934,7955.0,3935.690940500207,97.91958971649736,458.0,17.368995633187772,2021,5,May,2,Sunday,True,17
2021-05-02,CARREFOUR,CREAMY INN,915.5571181843374,1238.5,322.94288181566264,35.27282737488822,224.0,5.529017857142857,2021,5,May,2,Sunday,True,17
2021-05-02,CARREFOUR,GALITOS,1228.3978388183864,1489.0,260.6021611816136,21.214801340931256,136.0,10.948529411764708,2021,5,May,2,Sunday,True,17
2021-05-02,CITY MARKET,CHICKEN INN,673.7977200489537,465.75,-208.0477200489537,-30.876880977548915,122.0,3.817622950819672,2021,5,May,2,Sunday,True,17
2021-05-02,CITY MARKET,PIZZA INN,331.3608846580701,274.0,-57.36088465807012,-17.310698792122242,46.0,5.956521739130435,2021,5,May,2,Sunday,True,17
2021-05-02,JUNCTION,CHICKEN INN,1268.4343992667948,3641.5,2373.065600733205,187.08619082744292,378.0,9.633597883597885,2021,5,May,2,Sunday,True,17
2021-05-02,JUNCTION,PIZZA INN,7520.8465000000015,9766.0,2245.1534999999985,29.852404247314425,521.0,18.7447216890595,2021,5,May,2,Sunday,True,17
2021-05-02,JUNCTION,CREAMY INN,1067.5283999999997,787.0,-280.5283999999997,-26.278307911995576,148.0,5.317567567567568,2021,5,May,2,Sunday,True,17
2021-05-02,JUNCTION,GALITOS,1765.0919999999996,1854.0,88.90800000000036,5.037017900483395,167.0,11.10179640718563,2021,5,May,2,Sunday,True,17
2021-05-02,OASIS,CHICKEN INN,838.4070357555789,1390.5,552.0929642444211,65.85023034150359,141.0,9.861702127659576,2021,5,May,2,Sunday,True,17
2021-05-02,OASIS,PIZZA INN,2959.064662536299,4791.5,1832.4353374637008,61.92616743606639,310.0,15.456451612903226,2021,5,May,2,Sunday,True,17
2021-05-02,OASIS,CREAMY INN,342.5527970936241,381.5,38.94720290637588,11.369693441951696,131.0,2.9122137404580157,2021,5,May,2,Sunday,True,17
2021-05-03,LA PIAZZA,CHICKEN INN,1021.1123101875658,766.0,-255.11231018756573,-24.98376600128391,133.0,5.7593984962406015,2021,5,May,2,Monday,False,18
2021-05-03,LA PIAZZA,PIZZA INN,1348.6023113962187,1355.25,6.647688603781262,0.4929317225401205,112.0,12.100446428571429,2021,5,May,2,Monday,False,18
2021-05-03,LA PIAZZA,CREAMY INN,321.4650502714771,403.75,82.28494972852292,25.596857157265877,106.0,3.808962264150944,2021,5,May,2,Monday,False,18
2021-05-03,LA PIAZZA,GALITOS,499.4150953434146,677.5,178.08490465658537,35.658694804595,85.0,7.970588235294118,2021,5,May,2,Monday,False,18
2021-05-03,CARREFOUR,CHICKEN INN,1368.16034706536,1017.25,-350.91034706536,-25.64833484745017,128.0,7.947265625,2021,5,May,2,Monday,False,18
2021-05-03,CARREFOUR,PIZZA INN,2233.970510551549,2493.07,259.0994894484502,11.598160684067429,187.0,13.331925133689838,2021,5,May,2,Monday,False,18
2021-05-03,CARREFOUR,CREAMY INN,601.2021161987415,500.75,-100.45211619874146,-16.708543348762042,137.0,3.655109489051095,2021,5,May,2,Monday,False,18
2021-05-03,CARREFOUR,GALITOS,757.6132114745908,629.75,-127.8632114745908,-16.877109524756374,77.0,8.178571428571429,2021,5,May,2,Monday,False,18
2021-05-03,CITY MARKET,CHICKEN INN,1035.0283257168428,573.75,-461.2783257168428,-44.566734480176606,152.0,3.7746710526315783,2021,5,May,2,Monday,False,18
2021-05-03,CITY MARKET,PIZZA INN,357.962559361581,331.25,-26.712559361580983,-7.462389197692154,49.0,6.760204081632653,2021,5,May,2,Monday,False,18
2021-05-03,JUNCTION,CHICKEN INN,1340.7827770695765,1610.0,269.21722293042353,20.07910808034292,194.0,8.29896907216495,2021,5,May,2,Monday,False,18
2021-05-03,JUNCTION,PIZZA INN,4045.5499,3371.0,-674.5499000000004,-16.673874174682666,252.0,13.376984126984128,2021,5,May,2,Monday,False,18
2021-05-03,JUNCTION,CREAMY INN,365.1831,256.0,-109.18309999999995,-29.89817984457659,51.0,5.019607843137255,2021,5,May,2,Monday,False,18
2021-05-03,JUNCTION,GALITOS,1126.7899999999995,1170.0,43.21000000000026,3.8347873161813895,123.0,9.51219512195122,2021,5,May,2,Monday,False,18
2021-05-03,OASIS,CHICKEN INN,964.3033157275012,449.5,-514.8033157275013,-53.38603604604607,75.0,5.993333333333333,2021,5,May,2,Monday,False,18
2021-05-03,OASIS,PIZZA INN,1969.0857951889352,1409.0,-560.0857951889352,-28.44395082009083,124.0,11.362903225806452,2021,5,May,2,Monday,False,18
2021-05-03,OASIS,CREAMY INN,205.09944169594323,86.0,-119.09944169594324,-58.06912037942371,40.0,2.15,2021,5,May,2,Monday,False,18
2021-05-04,LA PIAZZA,CHICKEN INN,1235.9397891812523,984.0,-251.9397891812525,-20.384471103414334,176.0,5.590909090909091,2021,5,May,2,Tuesday,False,18
2021-05-04,LA PIAZZA,PIZZA INN,3260.399022401288,3908.75,648.3509775987122,19.885632805803045,317.0,12.330441640378549,2021,5,May,2,Tuesday,False,18
2021-05-04,LA PIAZZA,CREAMY INN,176.1602374222195,316.75,140.5897625777805,79.80788663494819,91.0,3.480769230769231,2021,5,May,2,Tuesday,False,18
2021-05-04,LA PIAZZA,GALITOS,880.5527807260922,526.75,-353.80278072609224,-40.179622218028896,87.0,6.054597701149425,2021,5,May,2,Tuesday,False,18
2021-05-04,CARREFOUR,CHICKEN INN,1651.5523122031211,851.25,-800.3023122031211,-48.45758177260168,133.0,6.400375939849624,2021,5,May,2,Tuesday,False,18
2021-05-04,CARREFOUR,PIZZA INN,6401.267104429786,6226.0,-175.26710442978583,-2.7380064223300105,420.0,14.823809523809524,2021,5,May,2,Tuesday,False,18
2021-05-04,CARREFOUR,CREAMY INN,663.9125079092911,620.5,-43.41250790929109,-6.538889897706588,169.0,3.671597633136095,2021,5,May,2,Tuesday,False,18
2021-05-04,CARREFOUR,GALITOS,1104.171314957656,712.75,-391.421314957656,-35.449328347446404,88.0,8.099431818181818,2021,5,May,2,Tuesday,False,18
2021-05-04,CITY MARKET,CHICKEN INN,771.153738118597,549.5,-221.65373811859692,-28.74313216186582,137.0,4.010948905109489,2021,5,May,2,Tuesday,False,18
2021-05-04,CITY MARKET,PIZZA INN,553.6135862132096,652.5,98.8864137867904,17.861991874727387,73.0,8.938356164383562,2021,5,May,2,Tuesday,False,18
2021-05-04,JUNCTION,CHICKEN INN,1876.382247436087,1761.0,-115.38224743608704,-6.149186691237716,234.0,7.5256410256410255,2021,5,May,2,Tuesday,False,18
2021-05-04,JUNCTION,PIZZA INN,3658.432600000001,5792.25,2133.817399999999,58.32600004712396,411.0,14.093065693430656,2021,5,May,2,Tuesday,False,18
2021-05-04,JUNCTION,CREAMY INN,279.39059999999995,365.5,86.10940000000005,30.820435619523373,70.0,5.221428571428572,2021,5,May,2,Tuesday,False,18
2021-05-04,JUNCTION,GALITOS,1283.1209999999996,1151.25,-131.87099999999964,-10.277362774048564,139.0,8.282374100719425,2021,5,May,2,Tuesday,False,18
2021-05-04,OASIS,CHICKEN INN,712.0624175092015,551.75,-160.3124175092015,-22.51381530146968,74.0,7.456081081081081,2021,5,May,2,Tuesday,False,18
2021-05-04,OASIS,PIZZA INN,2019.1526575439104,2519.0,499.8473424560898,24.755302209992493,200.0,12.595,2021,5,May,2,Tuesday,False,18
2021-05-04,OASIS,CREAMY INN,95.50724585799672,134.5,38.99275414200329,40.82701138715589,64.0,2.1015625,2021,5,May,2,Tuesday,False,18
2021-05-05,LA PIAZZA,CHICKEN INN,973.6837907055728,860.0,-113.68379070557285,-11.675637593103271,150.0,5.733333333333333,2021,5,May,2,Wednesday,False,18
2021-05-05,LA PIAZZA,PIZZA INN,1445.5545149151876,1409.5,-36.05451491518761,-2.4941650102558026,128.0,11.01171875,2021,5,May,2,Wednesday,False,18
2021-05-05,LA PIAZZA,CREAMY INN,359.8478933769667,262.5,-97.34789337696668,-27.052511677479163,78.0,3.3653846153846154,2021,5,May,2,Wednesday,False,18
2021-05-05,LA PIAZZA,GALITOS,343.40859041819795,529.25,185.84140958180205,54.11670376547282,85.0,6.226470588235294,2021,5,May,2,Wednesday,False,18
2021-05-05,CARREFOUR,CHICKEN INN,2086.1373714793704,1332.5,-753.6373714793704,-36.1259705033199,167.0,7.979041916167665,2021,5,May,2,Wednesday,False,18
2021-05-05,CARREFOUR,PIZZA INN,3567.7634182124684,2545.0,-1022.7634182124684,-28.66679480459768,192.0,13.255208333333334,2021,5,May,2,Wednesday,False,18
2021-05-05,CARREFOUR,CREAMY INN,666.4822468944034,614.0,-52.482246894403374,-7.874515358654197,159.0,3.861635220125786,2021,5,May,2,Wednesday,False,18
2021-05-05,CARREFOUR,GALITOS,816.2550916277302,730.75,-85.50509162773017,-10.475290445934087,80.0,9.134375,2021,5,May,2,Wednesday,False,18
2021-05-05,CITY MARKET,CHICKEN INN,790.7962511588934,465.75,-325.04625115889337,-41.10366616970499,142.0,3.2799295774647885,2021,5,May,2,Wednesday,False,18
2021-05-05,CITY MARKET,PIZZA INN,340.95909942564515,540.0,199.04090057435485,58.37676745088917,75.0,7.2,2021,5,May,2,Wednesday,False,18
2021-05-05,JUNCTION,CHICKEN INN,1181.5671293199175,1792.75,611.1828706800823,51.726461875413264,222.0,8.07545045045045,2021,5,May,2,Wednesday,False,18
2021-05-05,JUNCTION,PIZZA INN,7144.903600000002,3551.75,-3593.1536000000024,-50.28974218770427,229.0,15.509825327510915,2021,5,May,2,Wednesday,False,18
2021-05-05,JUNCTION,CREAMY INN,970.1295,1008.5,38.370500000000106,3.955193610749917,125.0,8.068,2021,5,May,2,Wednesday,False,18
2021-05-05,JUNCTION,GALITOS,1542.975,390.5,-1152.475,-74.69174808405839,71.0,5.5,2021,5,May,2,Wednesday,False,18
2021-05-05,OASIS,CHICKEN INN,594.2362264774667,519.5,-74.73622647746674,-12.576854649284956,64.0,8.1171875,2021,5,May,2,Wednesday,False,18
2021-05-05,OASIS,PIZZA INN,1736.6646454856846,2049.0,312.33535451431544,17.984782227599624,148.0,13.844594594594597,2021,5,May,2,Wednesday,False,18
2021-05-05,OASIS,CREAMY INN,125.25278648080833,95.0,-30.25278648080831,-24.153383993132763,49.0,1.9387755102040816,2021,5,May,2,Wednesday,False,18
2021-05-06,LA PIAZZA,CHICKEN INN,773.511724231822,728.75,-44.76172423182197,-5.786819104296712,135.0,5.398148148148148,2021,5,May,2,Thursday,False,18
2021-05-06,LA PIAZZA,PIZZA INN,1440.838388371924,1963.0,522.1616116280761,36.24012351712068,189.0,10.386243386243386,2021,5,May,2,Thursday,False,18
2021-05-06,LA PIAZZA,CREAMY INN,328.31663246517104,362.5,34.18336753482896,10.41170752701822,111.0,3.265765765765766,2021,5,May,2,Thursday,False,18
2021-05-06,LA PIAZZA,GALITOS,890.2667598621581,811.25,-79.0167598621581,-8.875627331564354,108.0,7.511574074074074,2021,5,May,2,Thursday,False,18
2021-05-06,CARREFOUR,CHICKEN INN,1497.6622227887976,1132.25,-365.4122227887976,-24.39884088872612,145.0,7.808620689655172,2021,5,May,2,Thursday,False,18
2021-05-06,CARREFOUR,PIZZA INN,3246.573813728504,3186.5,-60.073813728503865,-1.850375724539974,231.0,13.794372294372296,2021,5,May,2,Thursday,False,18
2021-05-06,CARREFOUR,CREAMY INN,473.6642182728622,638.5,164.83578172713783,34.80013380115224,176.0,3.627840909090909,2021,5,May,2,Thursday,False,18
2021-05-06,CARREFOUR,GALITOS,830.6663110162141,650.0,-180.66631101621408,-21.74956521291828,83.0,7.831325301204819,2021,5,May,2,Thursday,False,18
2021-05-06,CITY MARKET,CHICKEN INN,907.3592498289152,426.25,-481.1092498289152,-53.02301705962985,133.0,3.204887218045113,2021,5,May,2,Thursday,False,18
2021-05-06,CITY MARKET,PIZZA INN,322.49365975689983,436.25,113.75634024310015,35.27397727101093,50.0,8.725,2021,5,May,2,Thursday,False,18
2021-05-06,JUNCTION,CHICKEN INN,2140.552259583318,2074.5,-66.05225958331812,-3.0857578593374733,274.0,7.571167883211679,2021,5,May,2,Thursday,False,18
2021-05-06,JUNCTION,PIZZA INN,4139.465300000001,5834.5,1695.0346999999992,40.94815579200529,414.0,14.092995169082126,2021,5,May,2,Thursday,False,18
2021-05-06,JUNCTION,CREAMY INN,471.7610999999999,327.0,-144.76109999999989,-30.68525573643099,74.0,4.418918918918919,2021,5,May,2,Thursday,False,18
2021-05-06,JUNCTION,GALITOS,1202.5159999999998,1260.75,58.23400000000015,4.842679847918877,137.0,9.202554744525548,2021,5,May,2,Thursday,False,18
2021-05-06,OASIS,CHICKEN INN,627.8471345365991,569.25,-58.59713453659913,-9.333025718091148,86.0,6.619186046511628,2021,5,May,2,Thursday,False,18
2021-05-06,OASIS,PIZZA INN,2072.0165513153643,2398.25,326.23344868463573,15.744731791719287,180.0,13.323611111111113,2021,5,May,2,Thursday,False,18
2021-05-06,OASIS,CREAMY INN,149.67521675594423,157.5,7.824783244055766,5.227841598395421,51.0,3.088235294117647,2021,5,May,2,Thursday,False,18
2021-05-07,LA PIAZZA,CHICKEN INN,691.1995286708234,755.5,64.30047132917662,9.302736570556757,149.0,5.070469798657718,2021,5,May,2,Friday,False,18
2021-05-07,LA PIAZZA,PIZZA INN,1476.0611868743583,1597.75,121.68881312564169,8.244157776638279,152.0,10.511513157894736,2021,5,May,2,Friday,False,18
2021-05-07,LA PIAZZA,CREAMY INN,351.6213338042661,273.75,-77.8713338042661,-22.14636209975076,50.0,5.475,2021,5,May,2,Friday,False,18
2021-05-07,LA PIAZZA,GALITOS,738.8258251308923,737.25,-1.5758251308923263,-0.2132877705801836,96.0,7.6796875,2021,5,May,2,Friday,False,18
2021-05-07,CARREFOUR,CHICKEN INN,1841.379287386907,1237.25,-604.129287386907,-32.80851976152203,150.0,8.248333333333333,2021,5,May,2,Friday,False,18
2021-05-07,CARREFOUR,PIZZA INN,3853.416091849478,2588.5,-1264.916091849478,-32.8258371714634,171.0,15.137426900584796,2021,5,May,2,Friday,False,18
2021-05-07,CARREFOUR,CREAMY INN,914.2722486917814,703.25,-211.02224869178144,-23.08089838598186,180.0,3.906944444444445,2021,5,May,2,Friday,False,18
2021-05-07,CARREFOUR,GALITOS,2166.740430548557,1169.25,-997.4904305485566,-46.03645256649504,115.0,10.167391304347824,2021,5,May,2,Friday,False,18
2021-05-07,CITY MARKET,CHICKEN INN,668.67295500592,535.25,-133.42295500592002,-19.9533948557466,125.0,4.282,2021,5,May,2,Friday,False,18
2021-05-07,CITY MARKET,PIZZA INN,199.33775835175672,366.0,166.66224164824328,83.60796420422601,53.0,6.90566037735849,2021,5,May,2,Friday,False,18
2021-05-07,JUNCTION,CHICKEN INN,1697.2338833530089,1863.25,166.01611664699135,9.781569781002396,230.0,8.101086956521739,2021,5,May,2,Friday,False,18
2021-05-07,JUNCTION,PIZZA INN,4663.760000000001,4878.5,214.73999999999887,4.604439336500995,314.0,15.536624203821656,2021,5,May,2,Friday,False,18
2021-05-07,JUNCTION,CREAMY INN,540.1346999999998,516.0,-24.13469999999984,-4.468274302687801,85.0,6.070588235294117,2021,5,May,2,Friday,False,18
2021-05-07,JUNCTION,GALITOS,1065.064,2419.0,1353.936,127.12250155859182,208.0,11.629807692307692,2021,5,May,2,Friday,False,18
2021-05-07,OASIS,CHICKEN INN,897.5298378836914,579.75,-317.77983788369136,-35.406047183121245,70.0,8.282142857142857,2021,5,May,2,Friday,False,18
2021-05-07,OASIS,PIZZA INN,1831.8731627014,2244.75,412.8768372986001,22.538505705806884,40.0,56.11875,2021,5,May,2,Friday,False,18
2021-05-07,OASIS,CREAMY INN,130.74623635960958,140.5,9.753763640390416,7.460072207021915,160.0,0.878125,2021,5,May,2,Friday,False,18
2021-05-08,LA PIAZZA,CHICKEN INN,912.3350007556152,1264.0,351.6649992443847,38.545599911559705,187.0,6.759358288770054,2021,5,May,2,Saturday,True,18
2021-05-08,LA PIAZZA,PIZZA INN,1451.4681919157713,2505.0,1053.5318080842287,72.58387155516566,227.0,11.0352422907489,2021,5,May,2,Saturday,True,18
2021-05-08,LA PIAZZA,CREAMY INN,418.8553971675553,563.25,144.39460283244472,34.47361638620174,120.0,4.69375,2021,5,May,2,Saturday,True,18
2021-05-08,LA PIAZZA,GALITOS,515.3654490848346,781.0,265.6345509151654,51.54294906398336,87.0,8.977011494252874,2021,5,May,2,Saturday,True,18
2021-05-08,CARREFOUR,CHICKEN INN,1823.5376263313813,2010.75,187.2123736686185,10.266438759766915,189.0,10.63888888888889,2021,5,May,2,Saturday,True,18
2021-05-08,CARREFOUR,PIZZA INN,4349.849832542296,3774.32,-575.5298325422959,-13.231027614714783,272.0,13.876176470588236,2021,5,May,2,Saturday,True,18
2021-05-08,CARREFOUR,CREAMY INN,694.734774940949,669.25,-25.484774940949023,-3.6682739744984234,167.0,4.00748502994012,2021,5,May,2,Saturday,True,18
2021-05-08,CARREFOUR,GALITOS,1058.7986330339131,846.75,-212.04863303391332,-20.02728624859505,97.0,8.72938144329897,2021,5,May,2,Saturday,True,18
2021-05-08,CITY MARKET,CHICKEN INN,664.6805743066727,546.25,-118.43057430667272,-17.817667445781378,141.0,3.874113475177305,2021,5,May,2,Saturday,True,18
2021-05-08,CITY MARKET,PIZZA INN,341.984074347017,462.0,120.015925652983,35.09401011791001,83.0,5.566265060240964,2021,5,May,2,Saturday,True,18
2021-05-08,JUNCTION,CHICKEN INN,2264.6395708317964,4068.25,1803.610429168204,79.64227298676681,389.0,10.458226221079691,2021,5,May,2,Saturday,True,18
2021-05-08,JUNCTION,PIZZA INN,6717.162700000002,8758.5,2041.3372999999983,30.389874284271805,508.0,17.241141732283463,2021,5,May,2,Saturday,True,18
2021-05-08,JUNCTION,CREAMY INN,865.9694999999997,1121.0,255.0305000000003,29.450286644044667,137.0,8.182481751824817,2021,5,May,2,Saturday,True,18
2021-05-08,JUNCTION,GALITOS,1287.7899999999995,1515.0,227.21000000000024,17.643404592363684,134.0,11.305970149253731,2021,5,May,2,Saturday,True,18
2021-05-08,OASIS,CHICKEN INN,519.8699230178888,805.0,285.1300769821112,54.846426838257344,106.0,7.59433962264151,2021,5,May,2,Saturday,True,18
2021-05-08,OASIS,PIZZA INN,2178.072686024555,3334.5,1156.427313975445,53.09406437147744,222.0,15.02027027027027,2021,5,May,2,Saturday,True,18
2021-05-08,OASIS,CREAMY INN,120.21712409190712,191.5,71.28287590809288,59.29510994922524,67.0,2.8582089552238807,2021,5,May,2,Saturday,True,18
2021-05-09,LA PIAZZA,CHICKEN INN,1192.756122192898,1605.0,412.24387780710185,34.562294012726255,234.0,6.858974358974359,2021,5,May,2,Sunday,True,18
2021-05-09,LA PIAZZA,PIZZA INN,2246.6170038147498,3929.5,1682.8829961852502,74.90742718174567,274.0,14.341240875912408,2021,5,May,2,Sunday,True,18
2021-05-09,LA PIAZZA,CREAMY INN,549.2452011597921,511.0,-38.24520115979215,-6.963229005739725,120.0,4.258333333333334,2021,5,May,2,Sunday,True,18
2021-05-09,LA PIAZZA,GALITOS,785.5112088588245,1029.25,243.7387911411755,31.02932057395776,113.0,9.108407079646016,2021,5,May,2,Sunday,True,18
2021-05-09,CARREFOUR,CHICKEN INN,2382.991261754634,3049.25,666.2587382453662,27.958924941872827,325.0,9.382307692307691,2021,5,May,2,Sunday,True,18
2021-05-09,CARREFOUR,PIZZA INN,4900.5103895765615,7970.75,3070.2396104234385,62.6514253893609,463.0,17.215442764578835,2021,5,May,2,Sunday,True,18
2021-05-09,CARREFOUR,CREAMY INN,937.2100892918452,1424.25,487.0399107081548,51.966993982764485,276.0,5.1603260869565215,2021,5,May,2,Sunday,True,18
2021-05-09,CARREFOUR,GALITOS,1106.8722856354975,1557.25,450.3777143645025,40.68922135004252,139.0,11.203237410071942,2021,5,May,2,Sunday,True,18
2021-05-09,CITY MARKET,CHICKEN INN,502.6334711612273,522.5,19.86652883877275,3.95248824016343,111.0,4.707207207207207,2021,5,May,2,Sunday,True,18
2021-05-09,CITY MARKET,PIZZA INN,277.6649116454277,301.5,23.83508835457229,8.584119690646833,36.0,8.375,2021,5,May,2,Sunday,True,18
2021-05-09,JUNCTION,CHICKEN INN,1646.1716779309772,4799.0,3152.8283220690228,191.52487947257825,505.0,9.502970297029703,2021,5,May,2,Sunday,True,18
2021-05-09,JUNCTION,PIZZA INN,8016.962700000002,11034.75,3017.787299999998,37.642526389701146,582.0,18.960051546391757,2021,5,May,2,Sunday,True,18
2021-05-09,JUNCTION,CREAMY INN,1123.3284,1074.0,-49.328399999999874,-4.391271510628582,179.0,6.0,2021,5,May,2,Sunday,True,18
2021-05-09,JUNCTION,GALITOS,2142.1959999999995,2125.25,-16.945999999999458,-0.791057400910069,210.0,10.120238095238095,2021,5,May,2,Sunday,True,18
2021-05-09,OASIS,CHICKEN INN,823.1924594740783,1557.0,733.8075405259217,89.14167423189676,165.0,9.436363636363636,2021,5,May,2,Sunday,True,18
2021-05-09,OASIS,PIZZA INN,2633.928001879847,4715.5,2081.571998120153,79.02919125483024,310.0,15.211290322580645,2021,5,May,2,Sunday,True,18
2021-05-09,OASIS,CREAMY INN,242.27604436411,409.0,166.72395563588998,68.81569990689013,167.0,2.4491017964071857,2021,5,May,2,Sunday,True,18
2021-05-10,LA PIAZZA,CHICKEN INN,1203.6646816737566,1214.0,10.335318326243396,0.8586542816784831,187.0,6.491978609625669,2021,5,May,2,Monday,False,19
2021-05-10,LA PIAZZA,PIZZA INN,1169.1919686561644,1616.5,447.3080313438357,38.25787752014399,155.0,10.429032258064517,2021,5,May,2,Monday,False,19
2021-05-10,LA PIAZZA,CREAMY INN,377.2798099786097,359.25,-18.029809978609705,-4.778896061157348,110.0,3.265909090909091,2021,5,May,2,Monday,False,19
2021-05-10,LA PIAZZA,GALITOS,464.6973339111155,416.75,-47.94733391111549,-10.31797051805048,66.0,6.3143939393939394,2021,5,May,2,Monday,False,19
2021-05-10,CARREFOUR,CHICKEN INN,1297.7157525102114,1120.75,-176.96575251021136,-13.636711442232327,135.0,8.301851851851852,2021,5,May,2,Monday,False,19
2021-05-10,CARREFOUR,PIZZA INN,2527.1564158502297,2428.25,-98.90641585022968,-3.913743337368925,182.0,13.342032967032967,2021,5,May,2,Monday,False,19
2021-05-10,CARREFOUR,CREAMY INN,483.00872367327,544.25,61.24127632672997,12.679124273572432,155.0,3.511290322580645,2021,5,May,2,Monday,False,19
2021-05-10,CARREFOUR,GALITOS,580.0742395364624,566.75,-13.324239536462414,-2.29698866598693,71.0,7.982394366197183,2021,5,May,2,Monday,False,19
2021-05-10,CITY MARKET,CHICKEN INN,789.4461005951479,495.25,-294.19610059514787,-37.2661414596081,150.0,3.3016666666666667,2021,5,May,2,Monday,False,19
2021-05-10,CITY MARKET,PIZZA INN,386.6539116179663,350.25,-36.40391161796629,-9.415115307028165,60.0,5.8375,2021,5,May,2,Monday,False,19
2021-05-10,JUNCTION,CHICKEN INN,2580.856120071845,1669.5,-911.356120071845,-35.312163006067735,217.0,7.693548387096774,2021,5,May,2,Monday,False,19
2021-05-10,JUNCTION,PIZZA INN,3073.9494000000004,3700.5,626.5505999999996,20.382593155241903,269.0,13.75650557620818,2021,5,May,2,Monday,False,19
2021-05-10,JUNCTION,CREAMY INN,315.0188999999999,365.5,50.48110000000008,16.02478454467338,79.0,4.6265822784810124,2021,5,May,2,Monday,False,19
2021-05-10,JUNCTION,GALITOS,1111.0889999999995,1354.5,243.41100000000029,21.907425957776592,137.0,9.886861313868613,2021,5,May,2,Monday,False,19
2021-05-10,OASIS,CHICKEN INN,599.9923114204679,505.25,-94.7423114204679,-15.790587582058787,67.0,7.541044776119403,2021,5,May,2,Monday,False,19
2021-05-10,OASIS,PIZZA INN,1608.3052254816132,1800.75,192.4447745183868,11.965687325349482,140.0,12.8625,2021,5,May,2,Monday,False,19
2021-05-10,OASIS,CREAMY INN,60.14050070803962,119.0,58.85949929196038,97.86998544907694,53.0,2.2452830188679247,2021,5,May,2,Monday,False,19
2021-05-11,LA PIAZZA,CHICKEN INN,884.3284600014983,1180.0,295.67153999850166,33.43458379683955,175.0,6.742857142857143,2021,5,May,2,Tuesday,False,19
2021-05-11,LA PIAZZA,PIZZA INN,3125.001745438022,3599.25,474.2482545619778,15.175935669613644,308.0,11.685876623376624,2021,5,May,2,Tuesday,False,19
2021-05-11,LA PIAZZA,CREAMY INN,434.8191175848355,362.75,-72.06911758483551,-16.574505275926477,106.0,3.422169811320755,2021,5,May,2,Tuesday,False,19
2021-05-11,LA PIAZZA,GALITOS,500.5224889649261,576.25,75.72751103507386,15.129692012775958,81.0,7.114197530864198,2021,5,May,2,Tuesday,False,19
2021-05-11,CARREFOUR,CHICKEN INN,1367.9298346486216,1419.75,51.82016535137837,3.788218082449334,180.0,7.8875,2021,5,May,2,Tuesday,False,19
2021-05-11,CARREFOUR,PIZZA INN,6144.664066274889,6955.22,810.5559337251116,13.19121639495093,433.0,16.06286374133949,2021,5,May,2,Tuesday,False,19
2021-05-11,CARREFOUR,CREAMY INN,516.7803502219316,566.5,49.7196497780684,9.621041078035624,147.0,3.85374149659864,2021,5,May,2,Tuesday,False,19
2021-05-11,CARREFOUR,GALITOS,887.8942602104831,820.5,-67.39426021048314,-7.590347548198671,97.0,8.458762886597938,2021,5,May,2,Tuesday,False,19
2021-05-11,CITY MARKET,CHICKEN INN,657.8862682439539,462.5,-195.38626824395385,-29.699095067827404,124.0,3.72983870967742,2021,5,May,2,Tuesday,False,19
2021-05-11,CITY MARKET,PIZZA INN,489.5725174825352,616.5,126.92748251746484,25.926186210399937,68.0,9.066176470588236,2021,5,May,2,Tuesday,False,19
2021-05-11,JUNCTION,CHICKEN INN,2149.349723890969,1994.5,-154.84972389096947,-7.204491766497864,259.0,7.7007722007722,2021,5,May,2,Tuesday,False,19
2021-05-11,JUNCTION,PIZZA INN,3362.146100000001,5493.0,2130.853899999999,63.377790156114834,387.0,14.193798449612403,2021,5,May,2,Tuesday,False,19
2021-05-11,JUNCTION,CREAMY INN,302.9568,407.0,104.04320000000008,34.342586137693594,93.0,4.376344086021505,2021,5,May,2,Tuesday,False,19
2021-05-11,JUNCTION,GALITOS,1201.4799999999996,1144.0,-57.47999999999956,-4.784099610480373,132.0,8.666666666666666,2021,5,May,2,Tuesday,False,19
2021-05-11,OASIS,CHICKEN INN,887.9267212953677,674.0,-213.92672129536768,-24.092835159108272,72.0,9.36111111111111,2021,5,May,2,Tuesday,False,19
2021-05-11,OASIS,PIZZA INN,2210.104776246319,2790.5,580.395223753681,26.260982284262308,199.0,14.022613065326633,2021,5,May,2,Tuesday,False,19
2021-05-11,OASIS,CREAMY INN,105.34435378050134,131.0,25.655646219498664,24.35407812454338,58.0,2.2586206896551726,2021,5,May,2,Tuesday,False,19
2021-05-12,LA PIAZZA,CHICKEN INN,732.0117696850782,1096.25,364.2382303149218,49.7585210237292,186.0,5.893817204301075,2021,5,May,2,Wednesday,False,19
2021-05-12,LA PIAZZA,PIZZA INN,1215.4766765375616,1476.5,261.0233234624384,21.474975908710665,138.0,10.69927536231884,2021,5,May,2,Wednesday,False,19
2021-05-12,LA PIAZZA,CREAMY INN,406.5971242631913,298.5,-108.09712426319128,-26.585806394739716,97.0,3.077319587628866,2021,5,May,2,Wednesday,False,19
2021-05-12,LA PIAZZA,GALITOS,471.3805515567288,519.25,47.86944844327121,10.15515983533536,76.0,6.832236842105263,2021,5,May,2,Wednesday,False,19
2021-05-12,CARREFOUR,CHICKEN INN,1380.0547877690435,1268.5,-111.55478776904351,-8.083359353390582,168.0,7.550595238095238,2021,5,May,2,Wednesday,False,19
2021-05-12,CARREFOUR,PIZZA INN,3105.086026337486,3015.7200000000003,-89.36602633748589,-2.87805315471066,249.0,12.11132530120482,2021,5,May,2,Wednesday,False,19
2021-05-12,CARREFOUR,CREAMY INN,527.555733011777,613.5,85.94426698822303,16.291030806844525,169.0,3.6301775147929,2021,5,May,2,Wednesday,False,19
2021-05-12,CARREFOUR,GALITOS,597.4220847625995,789.5,192.07791523740048,32.151123993637995,85.0,9.288235294117648,2021,5,May,2,Wednesday,False,19
2021-05-12,CITY MARKET,CHICKEN INN,851.6982040074101,385.75,-465.9482040074101,-54.70813508999206,110.0,3.506818181818182,2021,5,May,2,Wednesday,False,19
2021-05-12,CITY MARKET,PIZZA INN,419.858331745198,379.5,-40.35833174519803,-9.612368909637484,66.0,5.75,2021,5,May,2,Wednesday,False,19
2021-05-12,JUNCTION,CHICKEN INN,1966.879240418988,1316.0,-650.8792404189878,-33.09197774034854,196.0,6.714285714285714,2021,5,May,2,Wednesday,False,19
2021-05-12,JUNCTION,PIZZA INN,3538.6182000000013,2929.5,-609.1182000000013,-17.213447893304824,232.0,12.627155172413794,2021,5,May,2,Wednesday,False,19
2021-05-12,JUNCTION,CREAMY INN,392.57159999999993,314.5,-78.07159999999993,-19.887225667878152,67.0,4.6940298507462686,2021,5,May,2,Wednesday,False,19
2021-05-12,JUNCTION,GALITOS,1166.8789999999997,1455.75,288.8710000000003,24.755865860984763,168.0,8.665178571428571,2021,5,May,2,Wednesday,False,19
2021-05-12,OASIS,CHICKEN INN,512.277097402121,547.0,34.722902597879056,6.77814853991466,62.0,8.82258064516129,2021,5,May,2,Wednesday,False,19
2021-05-12,OASIS,PIZZA INN,1313.5224361970384,1991.75,678.2275638029616,51.63425801591883,142.0,14.026408450704226,2021,5,May,2,Wednesday,False,19
2021-05-12,OASIS,CREAMY INN,118.51372878065092,120.5,1.986271219349092,1.6759840735627751,46.0,2.619565217391304,2021,5,May,2,Wednesday,False,19
2021-05-13,LA PIAZZA,CHICKEN INN,1032.1868694866112,860.25,-171.93686948661116,-16.657533104652753,149.0,5.773489932885906,2021,5,May,2,Thursday,False,19
2021-05-13,LA PIAZZA,PIZZA INN,1555.704465226691,1927.5,371.7955347733093,23.89885374013713,181.0,10.649171270718233,2021,5,May,2,Thursday,False,19
2021-05-13,LA PIAZZA,CREAMY INN,280.89156524011264,301.25,20.35843475988736,7.2477914181881875,102.0,2.95343137254902,2021,5,May,2,Thursday,False,19
2021-05-13,LA PIAZZA,GALITOS,620.6649829197879,559.75,-60.91498291978792,-9.814470704183467,78.0,7.176282051282051,2021,5,May,2,Thursday,False,19
2021-05-13,CARREFOUR,CHICKEN INN,1289.0715368825342,1366.25,77.17846311746575,5.987135772473316,170.0,8.036764705882353,2021,5,May,2,Thursday,False,19
2021-05-13,CARREFOUR,PIZZA INN,2609.561254093102,4206.0,1596.438745906898,61.176519363279205,279.0,15.075268817204302,2021,5,May,2,Thursday,False,19
2021-05-13,CARREFOUR,CREAMY INN,521.4088005530712,773.75,252.34119944692884,48.396037653999,174.0,4.44683908045977,2021,5,May,2,Thursday,False,19
2021-05-13,CARREFOUR,GALITOS,674.3363034611374,674.5,0.1636965388626095,0.0242752077891122,85.0,7.935294117647059,2021,5,May,2,Thursday,False,19
2021-05-13,CITY MARKET,CHICKEN INN,912.0630001800282,619.75,-292.3130001800282,-32.049650092409166,147.0,4.215986394557823,2021,5,May,2,Thursday,False,19
2021-05-13,CITY MARKET,PIZZA INN,312.8239351110895,485.25,172.4260648889105,55.11920461830354,59.0,8.224576271186441,2021,5,May,2,Thursday,False,19
2021-05-13,JUNCTION,CHICKEN INN,1747.434798563102,1754.25,6.815201436897951,0.3900117728284925,277.0,6.3330324909747295,2021,5,May,2,Thursday,False,19
2021-05-13,JUNCTION,PIZZA INN,3360.5553000000004,5680.5,2319.9447,69.03456401982135,422.0,13.460900473933648,2021,5,May,2,Thursday,False,19
2021-05-13,JUNCTION,CREAMY INN,349.2335999999999,516.0,166.7664000000001,47.75210632653907,106.0,4.867924528301887,2021,5,May,2,Thursday,False,19
2021-05-13,JUNCTION,GALITOS,1336.7899999999995,1114.5,-222.2899999999995,-16.628640250151452,147.0,7.581632653061225,2021,5,May,2,Thursday,False,19
2021-05-13,OASIS,CHICKEN INN,744.4440109448287,512.0,-232.44401094482876,-31.223840547768923,63.0,8.126984126984127,2021,5,May,2,Thursday,False,19
2021-05-13,OASIS,PIZZA INN,1876.0540980756105,2458.0,581.9459019243898,31.01967595291251,193.0,12.735751295336788,2021,5,May,2,Thursday,False,19
2021-05-13,OASIS,CREAMY INN,112.90317047420076,118.5,5.596829525799237,4.957194295157685,48.0,2.46875,2021,5,May,2,Thursday,False,19
2021-05-14,LA PIAZZA,CHICKEN INN,1130.6010474117463,845.5,-285.1010474117463,-25.216768378591212,151.0,5.599337748344371,2021,5,May,2,Friday,False,19
2021-05-14,LA PIAZZA,PIZZA INN,1685.212756951379,1366.0,-319.2127569513791,-18.94198555254521,136.0,10.044117647058824,2021,5,May,2,Friday,False,19
2021-05-14,LA PIAZZA,CREAMY INN,425.6603699585711,319.5,-106.1603699585711,-24.94015826958557,97.0,3.2938144329896906,2021,5,May,2,Friday,False,19
2021-05-14,LA PIAZZA,GALITOS,1258.8151282844944,688.0,-570.8151282844944,-45.34542963925114,84.0,8.19047619047619,2021,5,May,2,Friday,False,19
2021-05-14,CARREFOUR,CHICKEN INN,2089.52590400542,1342.75,-746.7759040054198,-35.73901154199248,170.0,7.898529411764706,2021,5,May,2,Friday,False,19
2021-05-14,CARREFOUR,PIZZA INN,3146.2012841008527,2733.35,-412.8512841008528,-13.122214595333524,203.0,13.464778325123152,2021,5,May,2,Friday,False,19
2021-05-14,CARREFOUR,CREAMY INN,595.201191636917,594.5,-0.701191636916974,-0.1178074988372525,155.0,3.835483870967742,2021,5,May,2,Friday,False,19
2021-05-14,CARREFOUR,GALITOS,1583.4757826946434,1073.0,-510.4757826946434,-32.23767538938632,111.0,9.666666666666666,2021,5,May,2,Friday,False,19
2021-05-14,CITY MARKET,CHICKEN INN,964.1526799942068,380.88,-583.2726799942067,-60.495883286629606,120.0,3.174,2021,5,May,2,Friday,False,19
2021-05-14,CITY MARKET,PIZZA INN,302.161017712012,391.0,88.83898228798802,29.40120567526681,54.0,7.24074074074074,2021,5,May,2,Friday,False,19
2021-05-14,JUNCTION,CHICKEN INN,2954.6560720528832,2165.5,-789.1560720528832,-26.708897848289357,263.0,8.23384030418251,2021,5,May,2,Friday,False,19
2021-05-14,JUNCTION,PIZZA INN,4565.9355000000005,5115.25,549.3144999999995,12.030710902508355,348.0,14.698994252873565,2021,5,May,2,Friday,False,19
2021-05-14,JUNCTION,CREAMY INN,631.0514999999998,405.5,-225.5514999999998,-35.74217001306548,89.0,4.556179775280899,2021,5,May,2,Friday,False,19
2021-05-14,JUNCTION,GALITOS,1153.7259999999997,2747.0,1593.2740000000003,138.098127284988,228.0,12.048245614035087,2021,5,May,2,Friday,False,19
2021-05-14,OASIS,CHICKEN INN,843.0784313248989,409.0,-434.0784313248989,-51.48731306561171,63.0,6.492063492063492,2021,5,May,2,Friday,False,19
2021-05-14,OASIS,PIZZA INN,1795.18340712089,2233.5,438.31659287911,24.41625692062745,153.0,14.598039215686274,2021,5,May,2,Friday,False,19
2021-05-14,OASIS,CREAMY INN,120.23841653329784,117.5,-2.738416533297837,-2.277488852774007,40.0,2.9375,2021,5,May,2,Friday,False,19
2021-05-15,LA PIAZZA,CHICKEN INN,1079.496817669899,1311.5,232.00318233010103,21.49178937191139,196.0,6.691326530612245,2021,5,May,2,Saturday,True,19
2021-05-15,LA PIAZZA,PIZZA INN,1564.1984313569658,2477.75,913.5515686430342,58.40381567513237,222.0,11.161036036036036,2021,5,May,2,Saturday,True,19
2021-05-15,LA PIAZZA,CREAMY INN,615.7335140802303,424.0,-191.7335140802303,-31.1390414352608,117.0,3.623931623931624,2021,5,May,2,Saturday,True,19
2021-05-15,LA PIAZZA,GALITOS,630.9035169292013,731.0,100.09648307079874,15.865576967774514,100.0,7.31,2021,5,May,2,Saturday,True,19
2021-05-15,CARREFOUR,CHICKEN INN,1486.8050879604352,1652.25,165.44491203956477,11.12754545833027,194.0,8.516752577319588,2021,5,May,2,Saturday,True,19
2021-05-15,CARREFOUR,PIZZA INN,3867.6856513276175,4655.25,787.5643486723816,20.362677313293105,337.0,13.81379821958457,2021,5,May,2,Saturday,True,19
2021-05-15,CARREFOUR,CREAMY INN,733.4998715629536,949.0,215.50012843704644,29.379709089499254,196.0,4.841836734693878,2021,5,May,2,Saturday,True,19
2021-05-15,CARREFOUR,GALITOS,920.342162984554,880.75,-39.592162984553966,-4.301896031380498,86.0,10.241279069767442,2021,5,May,2,Saturday,True,19
2021-05-15,CITY MARKET,CHICKEN INN,720.5448686001395,754.75,34.205131399860534,4.747120254469871,180.0,4.193055555555556,2021,5,May,2,Saturday,True,19
2021-05-15,CITY MARKET,PIZZA INN,421.2170194316677,410.25,-10.967019431667724,-2.60365059476113,75.0,5.47,2021,5,May,2,Saturday,True,19
2021-05-15,JUNCTION,CHICKEN INN,1426.2965909691227,2894.0,1467.7034090308773,102.90310012124615,357.0,8.106442577030812,2021,5,May,2,Saturday,True,19
2021-05-15,JUNCTION,PIZZA INN,6707.288100000001,7114.0,406.7118999999993,6.063730884021506,427.0,16.660421545667447,2021,5,May,2,Saturday,True,19
2021-05-15,JUNCTION,CREAMY INN,780.1304999999999,828.5,48.36950000000013,6.200180610808081,133.0,6.2293233082706765,2021,5,May,2,Saturday,True,19
2021-05-15,JUNCTION,GALITOS,1246.8469999999998,1452.5,205.65300000000025,16.49384407228796,149.0,9.748322147651006,2021,5,May,2,Saturday,True,19
2021-05-15,OASIS,CHICKEN INN,793.1537950856022,834.25,41.096204914397845,5.181366485167292,101.0,8.259900990099009,2021,5,May,2,Saturday,True,19
2021-05-15,OASIS,PIZZA INN,2299.9624507522485,2843.75,543.7875492477515,23.643322919028307,205.0,13.871951219512194,2021,5,May,2,Saturday,True,19
2021-05-15,OASIS,CREAMY INN,107.09033397453896,194.0,86.90966602546105,81.15547202058787,70.0,2.771428571428572,2021,5,May,2,Saturday,True,19
2021-05-16,LA PIAZZA,CHICKEN INN,934.2232624965548,2056.75,1122.5267375034452,120.1561535198429,263.0,7.820342205323194,2021,5,May,2,Sunday,True,19
2021-05-16,LA PIAZZA,PIZZA INN,1617.693133744294,3831.5,2213.806866255706,136.84961752490435,287.0,13.350174216027874,2021,5,May,2,Sunday,True,19
2021-05-16,LA PIAZZA,CREAMY INN,613.2865204396254,594.75,-18.53652043962541,-3.022489459957113,122.0,4.875,2021,5,May,2,Sunday,True,19
2021-05-16,LA PIAZZA,GALITOS,480.5894037777191,792.75,312.1605962222809,64.95369930516833,104.0,7.622596153846154,2021,5,May,2,Sunday,True,19
2021-05-16,CARREFOUR,CHICKEN INN,2792.2430064313708,3365.5,573.2569935686292,20.530340383994048,326.0,10.32361963190184,2021,5,May,2,Sunday,True,19
2021-05-16,CARREFOUR,PIZZA INN,4777.401197115505,8101.719999999999,3324.3188028844943,69.58425021728651,492.0,16.46691056910569,2021,5,May,2,Sunday,True,19
2021-05-16,CARREFOUR,CREAMY INN,872.9666146640411,1658.75,785.7833853359589,90.01299386899984,289.0,5.739619377162629,2021,5,May,2,Sunday,True,19
2021-05-16,CARREFOUR,GALITOS,1269.075544865881,1374.5,105.42445513411894,8.307185144384801,142.0,9.679577464788732,2021,5,May,2,Sunday,True,19
2021-05-16,CITY MARKET,CHICKEN INN,489.78526418364976,454.25,-35.53526418364976,-7.255274256337256,112.0,4.055803571428571,2021,5,May,2,Sunday,True,19
2021-05-16,CITY MARKET,PIZZA INN,381.80713098202193,406.5,24.69286901797807,6.467367163747598,56.0,7.258928571428571,2021,5,May,2,Sunday,True,19
2021-05-16,JUNCTION,CHICKEN INN,2051.224160459476,4246.25,2195.025839540524,107.01052970480008,506.0,8.391798418972332,2021,5,May,2,Sunday,True,19
2021-05-16,JUNCTION,PIZZA INN,7192.462700000001,9970.25,2777.787299999999,38.62080925355371,567.0,17.5842151675485,2021,5,May,2,Sunday,True,19
2021-05-16,JUNCTION,CREAMY INN,903.5693999999996,1227.0,323.43060000000025,35.79477127047467,215.0,5.706976744186046,2021,5,May,2,Sunday,True,19
2021-05-16,JUNCTION,GALITOS,1569.2739999999997,2773.25,1203.9760000000003,76.72184717264166,252.0,11.004960317460318,2021,5,May,2,Sunday,True,19
2021-05-16,OASIS,CHICKEN INN,792.7777694360594,1534.75,741.9722305639406,93.59145263265148,177.0,8.67090395480226,2021,5,May,2,Sunday,True,19
2021-05-16,OASIS,PIZZA INN,3299.2809708294203,4650.25,1350.9690291705797,40.94737735631391,319.0,14.577586206896552,2021,5,May,2,Sunday,True,19
2021-05-16,OASIS,CREAMY INN,178.46259751617418,329.5,151.03740248382582,84.63252501417682,108.0,3.050925925925926,2021,5,May,2,Sunday,True,19
2021-05-17,LA PIAZZA,CHICKEN INN,1100.22308068353,1191.0,90.77691931646996,8.250773948504465,188.0,6.335106382978723,2021,5,May,2,Monday,False,20
2021-05-17,LA PIAZZA,PIZZA INN,1334.3304729563963,1814.75,480.4195270436037,36.004538364410344,167.0,10.866766467065869,2021,5,May,2,Monday,False,20
2021-05-17,LA PIAZZA,CREAMY INN,406.5971242631913,443.75,37.15287573680871,9.137515619210223,96.0,4.622395833333333,2021,5,May,2,Monday,False,20
2021-05-17,LA PIAZZA,GALITOS,641.6277498954179,429.5,-212.12774989541788,-33.060875239575225,61.0,7.040983606557377,2021,5,May,2,Monday,False,20
2021-05-17,CARREFOUR,CHICKEN INN,1169.5508488038545,1749.5,579.9491511961455,49.58733960043569,215.0,8.137209302325582,2021,5,May,2,Monday,False,20
2021-05-17,CARREFOUR,PIZZA INN,2872.7138457257483,4099.57,1226.8561542742514,42.707217640199886,283.0,14.486113074204946,2021,5,May,2,Monday,False,20
2021-05-17,CARREFOUR,CREAMY INN,455.7052469564533,957.5,501.7947530435467,110.11388532278576,199.0,4.811557788944723,2021,5,May,2,Monday,False,20
2021-05-17,CARREFOUR,GALITOS,753.0632541582266,596.75,-156.31325415822664,-20.75698864538988,64.0,9.32421875,2021,5,May,2,Monday,False,20
2021-05-17,CITY MARKET,CHICKEN INN,817.9589576617717,551.75,-266.2089576617717,-32.54551529367197,133.0,4.148496240601504,2021,5,May,2,Monday,False,20
2021-05-17,CITY MARKET,PIZZA INN,430.4417937240143,417.0,-13.441793724014246,-3.122790100775554,66.0,6.318181818181818,2021,5,May,2,Monday,False,20
2021-05-17,JUNCTION,CHICKEN INN,1845.62188272402,2894.5,1048.8781172759802,56.83060691325914,311.0,9.307073954983922,2021,5,May,2,Monday,False,20
2021-05-17,JUNCTION,PIZZA INN,3327.5753000000004,6769.0,3441.4247,103.42139214700865,399.0,16.964912280701753,2021,5,May,2,Monday,False,20
2021-05-17,JUNCTION,CREAMY INN,385.8663,702.5,316.63370000000003,82.05787859680932,148.0,4.746621621621622,2021,5,May,2,Monday,False,20
2021-05-17,JUNCTION,GALITOS,1105.1529999999998,1467.5,362.3470000000002,32.787043965858146,188.0,7.805851063829787,2021,5,May,2,Monday,False,20
2021-05-17,OASIS,CHICKEN INN,704.4840544184161,625.0,-79.48405441841612,-11.28259098554528,81.0,7.716049382716049,2021,5,May,2,Monday,False,20
2021-05-17,OASIS,PIZZA INN,1526.85080623128,2251.5,724.6491937687201,47.46037994094321,160.0,14.071875,2021,5,May,2,Monday,False,20
2021-05-17,OASIS,CREAMY INN,103.93905264871496,140.0,36.06094735128505,34.69431982717893,52.0,2.6923076923076925,2021,5,May,2,Monday,False,20
2021-05-18,LA PIAZZA,CHICKEN INN,1221.9009474145826,928.75,-293.15094741458256,-23.99138391985537,174.0,5.337643678160919,2021,5,May,2,Tuesday,False,20
2021-05-18,LA PIAZZA,PIZZA INN,2743.2547589347723,3649.0,905.7452410652276,33.01717560555461,309.0,11.80906148867314,2021,5,May,2,Tuesday,False,20
2021-05-18,LA PIAZZA,CREAMY INN,237.96430537349957,374.5,136.53569462650046,57.37654410488133,111.0,3.373873873873874,2021,5,May,2,Tuesday,False,20
2021-05-18,LA PIAZZA,GALITOS,708.0907951443801,615.0,-93.09079514438008,-13.14673143369966,75.0,8.2,2021,5,May,2,Tuesday,False,20
2021-05-18,CARREFOUR,CHICKEN INN,1556.5581452653698,1170.75,-385.8081452653698,-24.78597708918836,161.0,7.271739130434782,2021,5,May,2,Tuesday,False,20
2021-05-18,CARREFOUR,PIZZA INN,4883.638440978935,5982.0,1098.3615590210647,22.490640375926272,389.0,15.37789203084833,2021,5,May,2,Tuesday,False,20
2021-05-18,CARREFOUR,CREAMY INN,663.5620889567758,707.5,43.937911043224176,6.621522201833667,172.0,4.113372093023256,2021,5,May,2,Tuesday,False,20
2021-05-18,CARREFOUR,GALITOS,842.8297427264943,797.75,-45.07974272649426,-5.348617928534949,81.0,9.848765432098766,2021,5,May,2,Tuesday,False,20
2021-05-18,CITY MARKET,CHICKEN INN,752.6290916740898,517.0,-235.62909167408972,-31.307465294754245,131.0,3.946564885496183,2021,5,May,2,Tuesday,False,20
2021-05-18,CITY MARKET,PIZZA INN,557.8803422812458,684.5,126.61965771875418,22.69656199051392,84.0,8.148809523809524,2021,5,May,2,Tuesday,False,20
2021-05-18,JUNCTION,CHICKEN INN,2308.626892370052,1460.75,-847.8768923700522,-36.72645827579423,244.0,5.986680327868853,2021,5,May,2,Tuesday,False,20
2021-05-18,JUNCTION,PIZZA INN,3567.0683000000004,5232.0,1664.9316999999996,46.675072075294985,377.0,13.877984084880636,2021,5,May,2,Tuesday,False,20
2021-05-18,JUNCTION,CREAMY INN,476.8946999999999,430.5,-46.39469999999989,-9.728499813480816,103.0,4.179611650485437,2021,5,May,2,Tuesday,False,20
2021-05-18,JUNCTION,GALITOS,1132.0889999999995,1053.5,-78.58899999999971,-6.9419453770860535,143.0,7.3671328671328675,2021,5,May,2,Tuesday,False,20
2021-05-18,OASIS,CHICKEN INN,618.084930173469,536.25,-81.83493017346905,-13.240078535890143,65.0,8.25,2021,5,May,2,Tuesday,False,20
2021-05-18,OASIS,PIZZA INN,1936.5429427085091,2769.5,832.9570572914906,43.01257869998436,198.0,13.987373737373735,2021,5,May,2,Tuesday,False,20
2021-05-18,OASIS,CREAMY INN,76.20564773732477,103.0,26.794352262675236,35.16058593850338,35.0,2.942857142857143,2021,5,May,2,Tuesday,False,20
2021-05-19,LA PIAZZA,CHICKEN INN,1335.4922515739556,878.0,-457.4922515739556,-34.256451210014454,138.0,6.36231884057971,2021,5,May,2,Wednesday,False,20
2021-05-19,LA PIAZZA,PIZZA INN,1589.6926756287946,1359.0,-230.69267562879463,-14.51177823018813,121.0,11.231404958677686,2021,5,May,2,Wednesday,False,20
2021-05-19,LA PIAZZA,CREAMY INN,430.53105253844194,295.0,-135.53105253844194,-31.479971476933223,97.0,3.0412371134020617,2021,5,May,2,Wednesday,False,20
2021-05-19,LA PIAZZA,GALITOS,330.78041754131243,438.0,107.21958245868755,32.414126342680646,68.0,6.441176470588236,2021,5,May,2,Wednesday,False,20
2021-05-19,CARREFOUR,CHICKEN INN,1755.5364633936565,1260.0,-495.5364633936565,-28.22706755037869,163.0,7.730061349693251,2021,5,May,2,Wednesday,False,20
2021-05-19,CARREFOUR,PIZZA INN,2970.1975989145435,2568.75,-401.4475989145435,-13.515854940467673,177.0,14.51271186440678,2021,5,May,2,Wednesday,False,20
2021-05-19,CARREFOUR,CREAMY INN,460.027080704142,661.25,201.22291929585805,43.74153777813592,174.0,3.800287356321839,2021,5,May,2,Wednesday,False,20
2021-05-19,CARREFOUR,GALITOS,1268.0060329867356,568.75,-699.2560329867356,-55.14611246286163,66.0,8.617424242424242,2021,5,May,2,Wednesday,False,20
2021-05-19,CITY MARKET,CHICKEN INN,727.8037425987708,632.0,-95.80374259877078,-13.16340340002706,148.0,4.27027027027027,2021,5,May,2,Wednesday,False,20
2021-05-19,CITY MARKET,PIZZA INN,522.149239789702,528.0,5.850760210297949,1.120514934131546,69.0,7.6521739130434785,2021,5,May,2,Wednesday,False,20
2021-05-19,JUNCTION,CHICKEN INN,2121.788437108957,1558.25,-563.5384371089572,-26.55959601122186,236.0,6.602754237288136,2021,5,May,2,Wednesday,False,20
2021-05-19,JUNCTION,PIZZA INN,3699.5218,3434.0,-265.52180000000044,-7.177192468496886,247.0,13.902834008097166,2021,5,May,2,Wednesday,False,20
2021-05-19,JUNCTION,CREAMY INN,388.6841999999999,331.0,-57.68419999999992,-14.840891397180522,71.0,4.661971830985915,2021,5,May,2,Wednesday,False,20
2021-05-19,JUNCTION,GALITOS,1275.9109999999996,1191.0,-84.9109999999996,-6.654931260879453,145.0,8.213793103448277,2021,5,May,2,Wednesday,False,20
2021-05-19,OASIS,CHICKEN INN,500.4756770164704,331.0,-169.47567701647034,-33.862919777996126,39.0,8.487179487179487,2021,5,May,2,Wednesday,False,20
2021-05-19,OASIS,PIZZA INN,1816.2097867691173,1494.5,-321.7097867691173,-17.713250369683976,40.0,37.3625,2021,5,May,2,Wednesday,False,20
2021-05-19,OASIS,CREAMY INN,196.6782811259203,149.0,-47.67828112592031,-24.241762157457032,114.0,1.3070175438596492,2021,5,May,2,Wednesday,False,20
2021-05-20,LA PIAZZA,CHICKEN INN,904.2721524436764,704.75,-199.5221524436763,-22.064391997972518,121.0,5.824380165289257,2021,5,May,2,Thursday,False,20
2021-05-20,LA PIAZZA,PIZZA INN,1568.445414422103,1906.5,338.05458557789666,21.55348107555617,191.0,9.981675392670155,2021,5,May,2,Thursday,False,20
2021-05-20,LA PIAZZA,CREAMY INN,390.0507863124338,299.25,-90.80078631243384,-23.27922144981953,92.0,3.252717391304348,2021,5,May,2,Thursday,False,20
2021-05-20,LA PIAZZA,GALITOS,609.9407499535712,592.75,-17.190749953571185,-2.818429487598549,82.0,7.228658536585366,2021,5,May,2,Thursday,False,20
2021-05-20,CARREFOUR,CHICKEN INN,1513.498425818702,1068.0,-445.4984258187019,-29.435010847647025,143.0,7.468531468531468,2021,5,May,2,Thursday,False,20
2021-05-20,CARREFOUR,PIZZA INN,2880.271980632582,3730.48,850.2080193674174,29.51832414037128,232.0,16.07965517241379,2021,5,May,2,Thursday,False,20
2021-05-20,CARREFOUR,CREAMY INN,470.68565717648215,613.25,142.56434282351785,30.288652447734087,175.0,3.5042857142857144,2021,5,May,2,Thursday,False,20
2021-05-20,CARREFOUR,GALITOS,997.927092522556,592.25,-405.6770925225559,-40.65197703943352,70.0,8.460714285714285,2021,5,May,2,Thursday,False,20
2021-05-20,CITY MARKET,CHICKEN INN,620.0675347110847,377.25,-242.8175347110847,-39.159852938313165,107.0,3.5257009345794392,2021,5,May,2,Thursday,False,20
2021-05-20,CITY MARKET,PIZZA INN,403.132965780177,627.25,224.11703421982295,55.59382467918314,74.0,8.47635135135135,2021,5,May,2,Thursday,False,20
2021-05-20,JUNCTION,CHICKEN INN,1006.9712992142254,1910.25,903.2787007857746,89.70252692312425,260.0,7.347115384615384,2021,5,May,2,Thursday,False,20
2021-05-20,JUNCTION,PIZZA INN,3804.6310000000008,5269.75,1465.1189999999992,38.50883305108955,376.0,14.01529255319149,2021,5,May,2,Thursday,False,20
2021-05-20,JUNCTION,CREAMY INN,436.9325999999999,491.5,54.56740000000008,12.488745403753368,86.0,5.715116279069767,2021,5,May,2,Thursday,False,20
2021-05-20,JUNCTION,GALITOS,1444.5479999999995,1168.25,-276.29799999999955,-19.12695182160784,134.0,8.718283582089553,2021,5,May,2,Thursday,False,20
2021-05-20,OASIS,CHICKEN INN,637.1176130503271,578.75,-58.36761305032712,-9.161199102765432,74.0,7.820945945945946,2021,5,May,2,Thursday,False,20
2021-05-20,OASIS,PIZZA INN,1961.886479543041,2995.25,1033.363520456959,52.67193240954736,220.0,13.614772727272728,2021,5,May,2,Thursday,False,20
2021-05-20,OASIS,CREAMY INN,94.69813308515002,150.0,55.30186691484998,58.39805401984432,54.0,2.7777777777777777,2021,5,May,2,Thursday,False,20
2021-05-21,LA PIAZZA,CHICKEN INN,875.5541838973296,784.5,-91.0541838973296,-10.399605823596511,146.0,5.373287671232877,2021,5,May,2,Friday,False,20
2021-05-21,LA PIAZZA,PIZZA INN,1465.1721198294415,1688.5,223.32788017055827,15.242433100389292,158.0,10.686708860759492,2021,5,May,2,Friday,False,20
2021-05-21,LA PIAZZA,CREAMY INN,485.1106630746026,393.25,-91.8606630746026,-18.93602224539761,118.0,3.332627118644068,2021,5,May,2,Friday,False,20
2021-05-21,LA PIAZZA,GALITOS,1109.4335571300744,884.75,-224.6835571300744,-20.252096728649036,95.0,9.31315789473684,2021,5,May,2,Friday,False,20
2021-05-21,CARREFOUR,CHICKEN INN,1520.7595669459504,1610.5,89.74043305404962,5.901027026531874,197.0,8.1751269035533,2021,5,May,2,Friday,False,20
2021-05-21,CARREFOUR,PIZZA INN,3104.762284150373,3556.3,451.5377158496272,14.543390911268803,224.0,15.876339285714286,2021,5,May,2,Friday,False,20
2021-05-21,CARREFOUR,CREAMY INN,605.1735309939148,752.0,146.82646900608518,24.2618788638926,186.0,4.043010752688172,2021,5,May,2,Friday,False,20
2021-05-21,CARREFOUR,GALITOS,1532.157339815652,1035.0,-497.157339815652,-32.44819098510271,116.0,8.922413793103448,2021,5,May,2,Friday,False,20
2021-05-21,CITY MARKET,CHICKEN INN,814.5182513864204,633.25,-181.2682513864204,-22.254658023669485,146.0,4.337328767123288,2021,5,May,2,Friday,False,20
2021-05-21,CITY MARKET,PIZZA INN,415.5518479670312,374.25,-41.301847967031165,-9.93903604786952,46.0,8.13586956521739,2021,5,May,2,Friday,False,20
2021-05-21,JUNCTION,CHICKEN INN,1939.5025158252483,1968.25,28.747484174751666,1.482209171691626,250.0,7.873,2021,5,May,2,Friday,False,20
2021-05-21,JUNCTION,PIZZA INN,6201.054800000002,4026.0,-2175.0548000000017,-35.0755616608968,303.0,13.287128712871286,2021,5,May,2,Friday,False,20
2021-05-21,JUNCTION,CREAMY INN,874.7765999999998,508.0,-366.7765999999998,-41.92803053945429,107.0,4.747663551401869,2021,5,May,2,Friday,False,20
2021-05-21,JUNCTION,GALITOS,1349.9359999999997,3014.0,1664.0640000000003,123.26984390371103,257.0,11.727626459143968,2021,5,May,2,Friday,False,20
2021-05-21,OASIS,CHICKEN INN,616.5663650503154,459.5,-157.06636505031543,-25.474364797291187,67.0,6.858208955223881,2021,5,May,2,Friday,False,20
2021-05-21,OASIS,PIZZA INN,1893.784845054856,2445.0,551.2151549451441,29.106535327099287,167.0,14.640718562874252,2021,5,May,2,Friday,False,20
2021-05-21,OASIS,CREAMY INN,78.44135408334854,95.5,17.058645916651457,21.747005920532228,39.0,2.448717948717949,2021,5,May,2,Friday,False,20
2021-05-22,LA PIAZZA,CHICKEN INN,1337.3656780934946,1429.75,92.38432190650542,6.907932768112124,207.0,6.907004830917875,2021,5,May,2,Saturday,True,20
2021-05-22,LA PIAZZA,PIZZA INN,1883.4752599834828,2371.75,488.2747400165172,25.924138765740896,219.0,10.829908675799087,2021,5,May,2,Saturday,True,20
2021-05-22,LA PIAZZA,CREAMY INN,473.458312405055,420.75,-52.70831240505498,-11.132619498707154,113.0,3.723451327433629,2021,5,May,2,Saturday,True,20
2021-05-22,LA PIAZZA,GALITOS,805.7551413783856,422.0,-383.7551413783856,-47.62676918473087,70.0,6.0285714285714285,2021,5,May,2,Saturday,True,20
2021-05-22,CARREFOUR,CHICKEN INN,1683.9623579964912,1728.5,44.53764200350884,2.64481220687723,201.0,8.599502487562189,2021,5,May,2,Saturday,True,20
2021-05-22,CARREFOUR,PIZZA INN,3789.999978043049,4526.5,736.5000219569511,19.432718370020677,289.0,15.662629757785467,2021,5,May,2,Saturday,True,20
2021-05-22,CARREFOUR,CREAMY INN,712.8543549439274,919.5,206.64564505607257,28.988480412990835,181.0,5.080110497237569,2021,5,May,2,Saturday,True,20
2021-05-22,CARREFOUR,GALITOS,1030.3024860166847,1062.25,31.947513983315275,3.100789759988788,109.0,9.745412844036696,2021,5,May,2,Saturday,True,20
2021-05-22,CITY MARKET,CHICKEN INN,899.3309351864289,623.75,-275.58093518642886,-30.642883993454724,156.0,3.998397435897436,2021,5,May,2,Saturday,True,20
2021-05-22,CITY MARKET,PIZZA INN,414.21699690664,517.75,103.53300309336004,24.99487077221393,67.0,7.727611940298507,2021,5,May,2,Saturday,True,20
2021-05-22,JUNCTION,CHICKEN INN,2693.9312207534035,3295.0,601.0687792465965,22.311957135954547,364.0,9.052197802197805,2021,5,May,2,Saturday,True,20
2021-05-22,JUNCTION,PIZZA INN,7414.806100000001,7036.25,-378.5561000000007,-5.105407948563896,422.0,16.673578199052134,2021,5,May,2,Saturday,True,20
2021-05-22,JUNCTION,CREAMY INN,841.1105999999997,885.0,43.88940000000025,5.218029590876665,128.0,6.9140625,2021,5,May,2,Saturday,True,20
2021-05-22,JUNCTION,GALITOS,1700.9999999999995,1814.5,113.50000000000044,6.672545561434479,172.0,10.549418604651162,2021,5,May,2,Saturday,True,20
2021-05-22,OASIS,CHICKEN INN,793.9203089096703,784.75,-9.170308909670323,-1.155066674420303,96.0,8.174479166666666,2021,5,May,2,Saturday,True,20
2021-05-22,OASIS,PIZZA INN,2297.785630649858,2789.75,491.9643693501421,21.41036843419571,206.0,13.54247572815534,2021,5,May,2,Saturday,True,20
2021-05-22,OASIS,CREAMY INN,141.20082508244457,170.5,29.299174917555437,20.75000262955134,67.0,2.544776119402985,2021,5,May,2,Saturday,True,20
2021-05-23,LA PIAZZA,CHICKEN INN,1499.0020724881265,1694.75,195.7479275118737,13.058549491326623,213.0,7.956572769953052,2021,5,May,2,Sunday,True,20
2021-05-23,LA PIAZZA,PIZZA INN,2352.927385134224,2997.0,644.0726148657759,27.373246575097102,239.0,12.539748953974897,2021,5,May,2,Sunday,True,20
2021-05-23,LA PIAZZA,CREAMY INN,394.9447735936438,386.0,-8.944773593643788,-2.2648162962771625,106.0,3.641509433962264,2021,5,May,2,Sunday,True,20
2021-05-23,LA PIAZZA,GALITOS,727.0136265014362,958.5,231.4863734985638,31.84072004434521,115.0,8.334782608695653,2021,5,May,2,Sunday,True,20
2021-05-23,CARREFOUR,CHICKEN INN,1769.4824646063084,2801.25,1031.7675353936916,58.3090002885815,312.0,8.978365384615385,2021,5,May,2,Sunday,True,20
2021-05-23,CARREFOUR,PIZZA INN,5425.209313528871,7273.75,1848.5406864711292,34.07316805015089,433.0,16.798498845265588,2021,5,May,2,Sunday,True,20
2021-05-23,CARREFOUR,CREAMY INN,1023.2087405549738,1100.0,76.79125944502618,7.5049456089845075,250.0,4.4,2021,5,May,2,Sunday,True,20
2021-05-23,CARREFOUR,GALITOS,1035.2693716927156,1348.0,312.7306283072844,30.20765772254565,128.0,10.53125,2021,5,May,2,Sunday,True,20
2021-05-23,CITY MARKET,CHICKEN INN,633.0464014206375,436.25,-196.7964014206375,-31.087200081858303,105.0,4.154761904761905,2021,5,May,2,Sunday,True,20
2021-05-23,CITY MARKET,PIZZA INN,322.4539320467691,328.0,5.5460679532308745,1.7199566828127455,37.0,8.864864864864865,2021,5,May,2,Sunday,True,20
2021-05-23,JUNCTION,CHICKEN INN,2669.6920533602947,3863.25,1193.5579466397053,44.70770121735182,414.0,9.331521739130435,2021,5,May,2,Sunday,True,20
2021-05-23,JUNCTION,PIZZA INN,7905.383600000001,9022.0,1116.616399999999,14.124759233694856,480.0,18.79583333333333,2021,5,May,2,Sunday,True,20
2021-05-23,JUNCTION,CREAMY INN,1266.381,933.5,-332.88099999999986,-26.286007133714094,158.0,5.908227848101266,2021,5,May,2,Sunday,True,20
2021-05-23,JUNCTION,GALITOS,2166.395,1908.75,-257.645,-11.892798866319392,186.0,10.262096774193548,2021,5,May,2,Sunday,True,20
2021-05-23,OASIS,CHICKEN INN,1019.2319856107132,1439.75,420.5180143892867,41.25832198420623,163.0,8.832822085889571,2021,5,May,2,Sunday,True,20
2021-05-23,OASIS,PIZZA INN,3181.3800161217496,4458.5,1277.1199838782504,40.143584777876335,307.0,14.522801302931596,2021,5,May,2,Sunday,True,20
2021-05-23,OASIS,CREAMY INN,332.5559958606892,288.0,-44.55599586068922,-13.39804316123476,103.0,2.796116504854369,2021,5,May,2,Sunday,True,20
2021-05-24,LA PIAZZA,CHICKEN INN,898.0115878720534,915.0,16.988412127946617,1.891780947749539,168.0,5.446428571428571,2021,5,May,2,Monday,False,21
2021-05-24,LA PIAZZA,PIZZA INN,1788.2020962809647,1431.75,-356.4520962809647,-19.93354649467755,148.0,9.673986486486486,2021,5,May,2,Monday,False,21
2021-05-24,LA PIAZZA,CREAMY INN,309.09025386041765,293.1,-15.990253860417624,-5.173328392178512,95.0,3.085263157894737,2021,5,May,2,Monday,False,21
2021-05-24,LA PIAZZA,GALITOS,633.4485794628505,512.75,-120.69857946285047,-19.054203194393462,74.0,6.929054054054054,2021,5,May,2,Monday,False,21
2021-05-24,CARREFOUR,CHICKEN INN,1478.921563307994,1176.75,-302.1715633079941,-20.43188569325533,146.0,8.059931506849315,2021,5,May,2,Monday,False,21
2021-05-24,CARREFOUR,PIZZA INN,2539.0477154153464,2495.0,-44.04771541534637,-1.7348124317601057,189.0,13.2010582010582,2021,5,May,2,Monday,False,21
2021-05-24,CARREFOUR,CREAMY INN,789.9757260766685,688.5,-101.47572607666848,-12.845423312009476,165.0,4.172727272727273,2021,5,May,2,Monday,False,21
2021-05-24,CARREFOUR,GALITOS,696.1253420837257,593.75,-102.37534208372574,-14.706452400839712,68.0,8.731617647058824,2021,5,May,2,Monday,False,21
2021-05-24,CITY MARKET,CHICKEN INN,911.94685819605,557.75,-354.19685819605013,-38.83963796933275,139.0,4.012589928057554,2021,5,May,2,Monday,False,21
2021-05-24,CITY MARKET,PIZZA INN,398.3497494804418,305.25,-93.0997494804418,-23.371358862876058,49.0,6.229591836734694,2021,5,May,2,Monday,False,21
2021-05-24,JUNCTION,CHICKEN INN,3095.477021704726,1638.75,-1456.7270217047262,-47.05985576667226,229.0,7.156113537117904,2021,5,May,2,Monday,False,21
2021-05-24,JUNCTION,PIZZA INN,3517.2782000000007,3400.75,-116.52820000000064,-3.3130219838737984,237.0,14.34915611814346,2021,5,May,2,Monday,False,21
2021-05-24,JUNCTION,CREAMY INN,489.57059999999984,387.0,-102.57059999999984,-20.95113554612958,77.0,5.025974025974026,2021,5,May,2,Monday,False,21
2021-05-24,JUNCTION,GALITOS,1100.4839999999997,1166.0,65.5160000000003,5.953380512574497,134.0,8.701492537313433,2021,5,May,2,Monday,False,21
2021-05-24,OASIS,CHICKEN INN,698.380868875837,522.75,-175.630868875837,-25.148293245567395,63.0,8.297619047619047,2021,5,May,2,Monday,False,21
2021-05-24,OASIS,PIZZA INN,2107.636138353917,1363.5,-744.136138353917,-35.30667010364959,114.0,11.960526315789474,2021,5,May,2,Monday,False,21
2021-05-24,OASIS,CREAMY INN,148.4828400380649,92.0,-56.48284003806489,-38.0399782382833,42.0,2.1904761904761907,2021,5,May,2,Monday,False,21
2021-05-25,LA PIAZZA,CHICKEN INN,1368.5736439126458,760.0,-608.5736439126458,-44.467730810070336,153.0,4.967320261437909,2021,5,May,2,Tuesday,False,21
2021-05-25,LA PIAZZA,PIZZA INN,3473.871650829466,4062.5,588.628349170534,16.94444724317853,328.0,12.385670731707316,2021,5,May,2,Tuesday,False,21
2021-05-25,LA PIAZZA,CREAMY INN,416.4084035269504,325.75,-90.65840352695034,-21.771511515877187,101.0,3.2252475247524752,2021,5,May,2,Tuesday,False,21
2021-05-25,LA PIAZZA,GALITOS,514.8408942114871,533.5,18.659105788512875,3.624247024333708,82.0,6.5060975609756095,2021,5,May,2,Tuesday,False,21
2021-05-25,CARREFOUR,CHICKEN INN,1619.0500614430557,1260.5,-358.5500614430557,-22.145705681483427,169.0,7.458579881656805,2021,5,May,2,Tuesday,False,21
2021-05-25,CARREFOUR,PIZZA INN,6824.024594309204,6348.75,-475.2745943092041,-6.96472569435861,408.0,15.560661764705882,2021,5,May,2,Tuesday,False,21
2021-05-25,CARREFOUR,CREAMY INN,763.0810714711197,675.75,-87.33107147111969,-11.444533842617387,171.0,3.951754385964912,2021,5,May,2,Tuesday,False,21
2021-05-25,CARREFOUR,GALITOS,907.979330754433,931.25,23.270669245566975,2.562907376562367,94.0,9.90691489361702,2021,5,May,2,Tuesday,False,21
2021-05-25,CITY MARKET,CHICKEN INN,917.6813686549688,563.25,-354.4313686549689,-38.62248714654122,145.0,3.8844827586206896,2021,5,May,2,Tuesday,False,21
2021-05-25,CITY MARKET,PIZZA INN,674.1156765816224,746.5,72.38432341837756,10.737670986295957,87.0,8.580459770114942,2021,5,May,2,Tuesday,False,21
2021-05-25,JUNCTION,CHICKEN INN,2405.76812413076,1639.5,-766.26812413076,-31.851287596871963,231.0,7.097402597402597,2021,5,May,2,Tuesday,False,21
2021-05-25,JUNCTION,PIZZA INN,3487.4119000000005,6190.0,2702.5880999999995,77.49552325608566,437.0,14.164759725400458,2021,5,May,2,Tuesday,False,21
2021-05-25,JUNCTION,CREAMY INN,361.5188999999999,436.5,74.98110000000008,20.740575389004587,82.0,5.323170731707317,2021,5,May,2,Tuesday,False,21
2021-05-25,JUNCTION,GALITOS,1299.669,1535.25,235.58100000000013,18.126230601791697,163.0,9.418711656441715,2021,5,May,2,Tuesday,False,21
2021-05-25,OASIS,CHICKEN INN,728.8389464888029,450.0,-278.8389464888029,-38.257964648035816,58.0,7.758620689655173,2021,5,May,2,Tuesday,False,21
2021-05-25,OASIS,PIZZA INN,1754.893993717433,2716.75,961.856006282567,54.80992069754852,212.0,12.81485849056604,2021,5,May,2,Tuesday,False,21
2021-05-25,OASIS,CREAMY INN,144.5650308221756,210.0,65.4349691778244,45.263345364837,52.0,4.038461538461538,2021,5,May,2,Tuesday,False,21
2021-05-26,LA PIAZZA,CHICKEN INN,848.0930711172557,926.5,78.4069288827443,9.245085421987124,152.0,6.095394736842105,2021,5,May,2,Wednesday,False,21
2021-05-26,LA PIAZZA,PIZZA INN,1667.0519659955146,1679.5,12.448034004485407,0.7467094162869605,132.0,12.723484848484848,2021,5,May,2,Wednesday,False,21
2021-05-26,LA PIAZZA,CREAMY INN,492.4749486977566,255.55,-236.92494869775655,-48.10903566247447,81.0,3.1549382716049386,2021,5,May,2,Wednesday,False,21
2021-05-26,LA PIAZZA,GALITOS,604.8311969280006,480.75,-124.08119692800062,-20.515012710690467,67.0,7.175373134328358,2021,5,May,2,Wednesday,False,21
2021-05-26,CARREFOUR,CHICKEN INN,1679.0985460033182,1219.75,-459.34854600331823,-27.35685449175599,154.0,7.920454545454546,2021,5,May,2,Wednesday,False,21
2021-05-26,CARREFOUR,PIZZA INN,2611.1675134060865,2469.07,-142.09751340608682,-5.441914878173805,194.0,12.727164948453607,2021,5,May,2,Wednesday,False,21
2021-05-26,CARREFOUR,CREAMY INN,464.9183452496679,521.25,56.33165475033212,12.116462025193092,141.0,3.6968085106382977,2021,5,May,2,Wednesday,False,21
2021-05-26,CARREFOUR,GALITOS,762.8338796304189,743.5,-19.33387963041889,-2.5344809855306707,85.0,8.74705882352941,2021,5,May,2,Wednesday,False,21
2021-05-26,CITY MARKET,CHICKEN INN,782.811489760399,483.0,-299.811489760399,-38.2993215712974,129.0,3.744186046511628,2021,5,May,2,Wednesday,False,21
2021-05-26,CITY MARKET,PIZZA INN,398.7390810397225,318.0,-80.73908103972252,-20.248599868664307,52.0,6.115384615384615,2021,5,May,2,Wednesday,False,21
2021-05-26,JUNCTION,CHICKEN INN,3919.5471923410014,1906.5,-2013.0471923410012,-51.35917731197625,252.0,7.565476190476191,2021,5,May,2,Wednesday,False,21
2021-05-26,JUNCTION,PIZZA INN,3387.0460000000007,3388.75,1.7039999999992688,0.0503093255892972,256.0,13.2373046875,2021,5,May,2,Wednesday,False,21
2021-05-26,JUNCTION,CREAMY INN,441.0989999999999,451.0,9.901000000000124,2.244620822083053,86.0,5.244186046511628,2021,5,May,2,Wednesday,False,21
2021-05-26,JUNCTION,GALITOS,954.7579999999998,1294.75,339.9920000000002,35.610280301395775,155.0,8.353225806451613,2021,5,May,2,Wednesday,False,21
2021-05-26,OASIS,CHICKEN INN,754.7124036823433,505.0,-249.71240368234328,-33.08709416513666,70.0,7.214285714285714,2021,5,May,2,Wednesday,False,21
2021-05-26,OASIS,PIZZA INN,1806.809329008516,1832.0,25.19067099148424,1.394207489802346,139.0,13.179856115107912,2021,5,May,2,Wednesday,False,21
2021-05-26,OASIS,CREAMY INN,102.25694977884945,107.5,5.243050221150554,5.127328981051821,33.0,3.257575757575758,2021,5,May,2,Wednesday,False,21
2021-05-27,LA PIAZZA,CHICKEN INN,956.0640957180126,719.54,-236.52409571801263,-24.73935552829028,139.0,5.176546762589928,2021,5,May,2,Thursday,False,21
2021-05-27,LA PIAZZA,PIZZA INN,1464.4560587312503,2177.0,712.5439412687497,48.65587717845703,212.0,10.2688679245283,2021,5,May,2,Thursday,False,21
2021-05-27,LA PIAZZA,CREAMY INN,543.9783386571567,328.5,-215.47833865715663,-39.61156600262392,100.0,3.285,2021,5,May,2,Thursday,False,21
2021-05-27,LA PIAZZA,GALITOS,290.91424716689846,362.75,71.83575283310154,24.69310236012234,60.0,6.045833333333333,2021,5,May,2,Thursday,False,21
2021-05-27,CARREFOUR,CHICKEN INN,1577.7883388469445,1234.0,-343.7883388469445,-21.78925590857052,161.0,7.664596273291925,2021,5,May,2,Thursday,False,21
2021-05-27,CARREFOUR,PIZZA INN,3134.5092104970363,3452.75,318.2407895029637,10.152810795298334,237.0,14.568565400843882,2021,5,May,2,Thursday,False,21
2021-05-27,CARREFOUR,CREAMY INN,607.860076296532,669.5,61.63992370346796,10.14047905218868,175.0,3.8257142857142856,2021,5,May,2,Thursday,False,21
2021-05-27,CARREFOUR,GALITOS,808.1159249542341,728.0,-80.11592495423406,-9.913914882790024,83.0,8.771084337349398,2021,5,May,2,Thursday,False,21
2021-05-27,CITY MARKET,CHICKEN INN,857.6940339302796,528.0,-329.6940339302796,-38.43958578323046,148.0,3.5675675675675675,2021,5,May,2,Thursday,False,21
2021-05-27,CITY MARKET,PIZZA INN,444.9503534637427,653.0,208.04964653625728,46.75794612065871,73.0,8.945205479452055,2021,5,May,2,Thursday,False,21
2021-05-27,JUNCTION,CHICKEN INN,2770.032363051057,1581.25,-1188.782363051057,-42.91582939275376,253.0,6.25,2021,5,May,2,Thursday,False,21
2021-05-27,JUNCTION,PIZZA INN,3304.2953,5289.25,1984.9547,60.07195240691713,384.0,13.774088541666666,2021,5,May,2,Thursday,False,21
2021-05-27,JUNCTION,CREAMY INN,381.4115999999999,455.5,74.08840000000009,19.424789387632707,97.0,4.695876288659794,2021,5,May,2,Thursday,False,21
2021-05-27,JUNCTION,GALITOS,1261.0639999999996,1205.0,-56.06399999999962,-4.445769604080335,156.0,7.7243589743589745,2021,5,May,2,Thursday,False,21
2021-05-27,OASIS,CHICKEN INN,637.1176130503271,538.75,-98.36761305032712,-15.43947475872981,72.0,7.482638888888889,2021,5,May,2,Thursday,False,21
2021-05-27,OASIS,PIZZA INN,1613.765517246827,2447.75,833.9844827531731,51.67940904921532,188.0,13.01994680851064,2021,5,May,2,Thursday,False,21
2021-05-27,OASIS,CREAMY INN,113.4674201710544,130.0,16.532579828945615,14.570331998403086,48.0,2.708333333333333,2021,5,May,2,Thursday,False,21
2021-05-28,LA PIAZZA,CHICKEN INN,1039.680575564766,958.25,-81.43057556476606,-7.832268629288574,165.0,5.807575757575758,2021,5,May,2,Friday,False,21
2021-05-28,LA PIAZZA,PIZZA INN,1649.11340089771,1585.75,-63.36340089771011,-3.842270693041343,144.0,11.01215277777778,2021,5,May,2,Friday,False,21
2021-05-28,LA PIAZZA,CREAMY INN,308.4843316256012,356.0,47.51566837439884,15.402943846129366,103.0,3.4563106796116503,2021,5,May,2,Friday,False,21
2021-05-28,LA PIAZZA,GALITOS,844.6110579226488,1022.0,177.3889420773512,21.002441350181428,109.0,9.376146788990823,2021,5,May,2,Friday,False,21
2021-05-28,CARREFOUR,CHICKEN INN,1293.9122976340334,1119.0,-174.9122976340334,-13.518095310931583,155.0,7.219354838709678,2021,5,May,2,Friday,False,21
2021-05-28,CARREFOUR,PIZZA INN,3015.222666168431,3149.25,134.0273338315692,4.445022761847413,216.0,14.57986111111111,2021,5,May,2,Friday,False,21
2021-05-28,CARREFOUR,CREAMY INN,576.3515721495318,647.0,70.64842785046824,12.25787024176605,180.0,3.594444444444445,2021,5,May,2,Friday,False,21
2021-05-28,CARREFOUR,GALITOS,1365.204722749064,1229.25,-135.95472274906388,-9.958559363558068,117.0,10.506410256410255,2021,5,May,2,Friday,False,21
2021-05-28,CITY MARKET,CHICKEN INN,966.9546053576782,374.0,-592.9546053576782,-61.3218657910361,109.0,3.4311926605504586,2021,5,May,2,Friday,False,21
2021-05-28,CITY MARKET,PIZZA INN,437.69607359387845,355.5,-82.19607359387845,-18.779257697921476,45.0,7.9,2021,5,May,2,Friday,False,21
2021-05-28,JUNCTION,CHICKEN INN,1576.899336599403,2028.0,451.1006634005973,28.60681420371448,277.0,7.32129963898917,2021,5,May,2,Friday,False,21
2021-05-28,JUNCTION,PIZZA INN,4682.636200000001,4661.0,-21.636200000000827,-0.462051696435457,334.0,13.955089820359282,2021,5,May,2,Friday,False,21
2021-05-28,JUNCTION,CREAMY INN,651.0557999999997,448.5,-202.55579999999972,-31.11189547808342,106.0,4.231132075471698,2021,5,May,2,Friday,False,21
2021-05-28,JUNCTION,GALITOS,1702.0639999999996,2959.0,1256.9360000000004,73.84775190592133,251.0,11.788844621513944,2021,5,May,2,Friday,False,21
2021-05-28,OASIS,CHICKEN INN,805.3312411207959,471.25,-334.0812411207959,-41.4837055937192,69.0,6.829710144927536,2021,5,May,2,Friday,False,21
2021-05-28,OASIS,PIZZA INN,2575.3849182323247,2056.25,-519.1349182323247,-20.157566139225704,158.0,13.014240506329116,2021,5,May,2,Friday,False,21
2021-05-28,OASIS,CREAMY INN,144.28822908409646,74.0,-70.28822908409646,-48.71376517008183,42.0,1.761904761904762,2021,5,May,2,Friday,False,21
2021-05-29,LA PIAZZA,CHICKEN INN,1166.3621511011688,1145.75,-20.61215110116882,-1.7672170759063792,197.0,5.815989847715736,2021,5,May,2,Saturday,True,21
2021-05-29,LA PIAZZA,PIZZA INN,1838.276989630377,765.75,-1072.526989630377,-58.34414485305778,200.0,3.82875,2021,5,May,2,Saturday,True,21
2021-05-29,LA PIAZZA,CREAMY INN,486.9517344803911,2495.25,2008.298265519609,412.4224483279833,116.0,21.510775862068964,2021,5,May,2,Saturday,True,21
2021-05-29,LA PIAZZA,GALITOS,1027.6418528044003,428.25,-599.3918528044005,-58.32692111251405,92.0,4.654891304347826,2021,5,May,2,Saturday,True,21
2021-05-29,CARREFOUR,CHICKEN INN,1682.1413099042609,1783.75,101.60869009573936,6.040437238980976,228.0,7.823464912280702,2021,5,May,2,Saturday,True,21
2021-05-29,CARREFOUR,PIZZA INN,3574.487294406357,4622.0,1047.5127055936432,29.30525749057424,297.0,15.562289562289562,2021,5,May,2,Saturday,True,21
2021-05-29,CARREFOUR,CREAMY INN,743.107191177748,885.75,142.64280882225205,19.19545531461995,207.0,4.278985507246377,2021,5,May,2,Saturday,True,21
2021-05-29,CARREFOUR,GALITOS,1476.8871411798184,1042.5,-434.3871411798184,-29.41234499697832,115.0,9.065217391304348,2021,5,May,2,Saturday,True,21
2021-05-29,CITY MARKET,CHICKEN INN,641.4521775110526,688.0,46.54782248894742,7.256631767867898,172.0,4.0,2021,5,May,2,Saturday,True,21
2021-05-29,CITY MARKET,PIZZA INN,472.1797259873185,767.75,295.5702740126815,62.59698537345074,91.0,8.436813186813186,2021,5,May,2,Saturday,True,21
2021-05-29,JUNCTION,CHICKEN INN,2752.252872247482,2956.75,204.49712775251737,7.430172198731346,324.0,9.125771604938272,2021,5,May,2,Saturday,True,21
2021-05-29,JUNCTION,PIZZA INN,4082.5166,6659.75,2577.2334,63.12854674001815,424.0,15.70695754716981,2021,5,May,2,Saturday,True,21
2021-05-29,JUNCTION,CREAMY INN,422.3315999999999,652.5,230.16840000000013,54.49945019506004,107.0,6.098130841121495,2021,5,May,2,Saturday,True,21
2021-05-29,JUNCTION,GALITOS,1312.1849999999995,1440.25,128.0650000000005,9.759675655490692,165.0,8.728787878787879,2021,5,May,2,Saturday,True,21
2021-05-29,OASIS,CHICKEN INN,583.823208490128,783.25,199.42679150987203,34.158763921980025,99.0,7.911616161616162,2021,5,May,2,Saturday,True,21
2021-05-29,OASIS,PIZZA INN,2405.2524420734467,3126.5,721.2475579265533,29.986355914674892,228.0,13.712719298245617,2021,5,May,2,Saturday,True,21
2021-05-29,OASIS,CREAMY INN,129.43675121408137,244.5,115.06324878591865,88.89534672854255,66.0,3.704545454545455,2021,5,May,2,Saturday,True,21
2021-05-30,LA PIAZZA,CHICKEN INN,1025.950019174729,1702.5,676.549980825271,65.94375634102386,221.0,7.703619909502263,2021,5,May,2,Sunday,True,21
2021-05-30,LA PIAZZA,PIZZA INN,2129.417555450358,3457.25,1327.832444549642,62.35660268466293,284.0,12.173415492957746,2021,5,May,2,Sunday,True,21
2021-05-30,LA PIAZZA,CREAMY INN,533.5611371585811,461.5,-72.06113715858112,-13.505694500602964,108.0,4.273148148148148,2021,5,May,2,Sunday,True,21
2021-05-30,LA PIAZZA,GALITOS,508.1965324824181,938.5,430.3034675175819,84.67264926339672,96.0,9.776041666666666,2021,5,May,2,Sunday,True,21
2021-05-30,CARREFOUR,CHICKEN INN,2498.6393412321145,3037.75,539.1106587678855,21.576169472383413,311.0,9.767684887459808,2021,5,May,2,Sunday,True,21
2021-05-30,CARREFOUR,PIZZA INN,4248.294398769424,8122.0,3873.705601230576,91.18260736244284,497.0,16.3420523138833,2021,5,May,2,Sunday,True,21
2021-05-30,CARREFOUR,CREAMY INN,808.0369029208944,1106.0,297.96309707910564,36.874936776034325,219.0,5.050228310502283,2021,5,May,2,Sunday,True,21
2021-05-30,CARREFOUR,GALITOS,1333.7900772141677,1444.25,110.45992278583252,8.281657261729345,141.0,10.24290780141844,2021,5,May,2,Sunday,True,21
2021-05-30,CITY MARKET,CHICKEN INN,995.6126399042748,470.5,-525.1126399042747,-52.74266505442948,161.0,2.922360248447205,2021,5,May,2,Sunday,True,21
2021-05-30,CITY MARKET,PIZZA INN,433.88221342133215,325.25,-108.63221342133215,-25.037258975131603,52.0,6.2548076923076925,2021,5,May,2,Sunday,True,21
2021-05-30,JUNCTION,CHICKEN INN,2645.391365237762,4174.75,1529.358634762238,57.8121882024357,462.0,9.03625541125541,2021,5,May,2,Sunday,True,21
2021-05-30,JUNCTION,PIZZA INN,4156.8865000000005,9819.0,5662.1135,136.21044259928672,546.0,17.983516483516482,2021,5,May,2,Sunday,True,21
2021-05-30,JUNCTION,CREAMY INN,474.9323999999999,1029.0,554.0676000000001,116.66241342978498,158.0,6.512658227848101,2021,5,May,2,Sunday,True,21
2021-05-30,JUNCTION,GALITOS,1003.9749999999998,2135.0,1131.025,112.65469757713092,207.0,10.31400966183575,2021,5,May,2,Sunday,True,21
2021-05-30,OASIS,CHICKEN INN,688.4885017878651,1509.75,821.2614982121349,119.28470788974477,153.0,9.867647058823527,2021,5,May,2,Sunday,True,21
2021-05-30,OASIS,PIZZA INN,2280.699416997019,4621.75,2341.050583002981,102.64616922143234,323.0,14.308823529411764,2021,5,May,2,Sunday,True,21
2021-05-30,OASIS,CREAMY INN,154.93444977944776,348.5,193.56555022055224,124.93383524199857,63.0,5.531746031746032,2021,5,May,2,Sunday,True,21
2021-05-31,LA PIAZZA,CHICKEN INN,1195.6966904007816,1114.5,-81.19669040078156,-6.790743091675325,214.0,5.207943925233645,2021,5,May,2,Monday,False,22
2021-05-31,LA PIAZZA,PIZZA INN,2004.909345532009,1373.25,-631.659345532009,-31.5056312615669,139.0,9.879496402877695,2021,5,May,2,Monday,False,22
2021-05-31,LA PIAZZA,CREAMY INN,515.1504231006961,361.25,-153.90042310069612,-29.874851344267128,103.0,3.5072815533980584,2021,5,May,2,Monday,False,22
2021-05-31,LA PIAZZA,GALITOS,799.6159065643919,535.0,-264.61590656439193,-33.09287676646323,75.0,7.133333333333334,2021,5,May,2,Monday,False,22
2021-05-31,CARREFOUR,CHICKEN INN,2206.4879042583075,1242.5,-963.9879042583076,-43.68879169461588,162.0,7.669753086419753,2021,5,May,2,Monday,False,22
2021-05-31,CARREFOUR,PIZZA INN,5391.614835804594,2307.0,-3084.614835804594,-57.2113351888623,197.0,11.710659898477155,2021,5,May,2,Monday,False,22
2021-05-31,CARREFOUR,CREAMY INN,1117.340031674395,653.5,-463.8400316743951,-41.51288045943413,185.0,3.5324324324324325,2021,5,May,2,Monday,False,22
2021-05-31,CARREFOUR,GALITOS,1373.8514543821543,590.5,-783.3514543821543,-57.01864287318031,77.0,7.668831168831168,2021,5,May,2,Monday,False,22
2021-05-31,CITY MARKET,CHICKEN INN,582.2342834302183,501.5,-80.73428343021828,-13.866288146856338,136.0,3.6875,2021,5,May,2,Monday,False,22
2021-05-31,CITY MARKET,PIZZA INN,382.4745565122176,501.0,118.5254434877824,30.98910541098864,74.0,6.77027027027027,2021,5,May,2,Monday,False,22
2021-05-31,JUNCTION,CHICKEN INN,3094.7387729516363,1849.0,-1245.7387729516363,-40.25343863719719,244.0,7.577868852459017,2021,5,May,2,Monday,False,22
2021-05-31,JUNCTION,PIZZA INN,4304.6854,3215.0,-1089.6854000000003,-25.31393815678145,234.0,13.739316239316238,2021,5,May,2,Monday,False,22
2021-05-31,JUNCTION,CREAMY INN,423.80099999999993,351.5,-72.30099999999993,-17.060129636315143,59.0,5.957627118644068,2021,5,May,2,Monday,False,22
2021-05-31,JUNCTION,GALITOS,1394.2739999999994,1261.5,-132.77399999999943,-9.522805417012687,167.0,7.553892215568863,2021,5,May,2,Monday,False,22
2021-05-31,OASIS,CHICKEN INN,1136.8267762427297,487.0,-649.8267762427295,-57.16145940812901,62.0,7.854838709677419,2021,5,May,2,Monday,False,22
2021-05-31,OASIS,PIZZA INN,3437.6002548773886,2038.0,-1399.6002548773886,-40.7144563388831,142.0,14.352112676056338,2021,5,May,2,Monday,False,22
2021-05-31,OASIS,CREAMY INN,262.23770816789374,56.0,-206.23770816789371,-78.6453289302899,32.0,1.75,2021,5,May,2,Monday,False,22
2021-06-01,LA PIAZZA,CHICKEN INN,1039.9249914662637,960.75,-79.17499146626369,-7.613529063728844,183.0,5.25,2021,6,June,2,Tuesday,False,22
2021-06-01,LA PIAZZA,PIZZA INN,3331.721419021425,4092.75,761.0285809785751,22.84190318655454,330.0,12.402272727272727,2021,6,June,2,Tuesday,False,22
2021-06-01,LA PIAZZA,CREAMY INN,518.5178693527191,348.75,-169.76786935271912,-32.74098722280204,96.0,3.6328125,2021,6,June,2,Tuesday,False,22
2021-06-01,LA PIAZZA,GALITOS,965.1203363780036,508.25,-456.8703363780037,-47.3381731953334,95.0,5.35,2021,6,June,2,Tuesday,False,22
2021-06-01,CARREFOUR,CHICKEN INN,1763.1206431488397,1182.0,-581.1206431488397,-32.9597776196976,176.0,6.715909090909091,2021,6,June,2,Tuesday,False,22
2021-06-01,CARREFOUR,PIZZA INN,5806.353356818758,6597.25,790.8966431812423,13.621228240483225,447.0,14.758948545861298,2021,6,June,2,Tuesday,False,22
2021-06-01,CARREFOUR,CREAMY INN,519.647941366851,682.5,162.852058633149,31.33892115588732,184.0,3.709239130434783,2021,6,June,2,Tuesday,False,22
2021-06-01,CARREFOUR,GALITOS,803.2521468254629,960.5,157.2478531745371,19.576399987973534,102.0,9.416666666666666,2021,6,June,2,Tuesday,False,22
2021-06-01,CITY MARKET,CHICKEN INN,986.7963708139148,505.75,-481.0463708139147,-48.74829144508762,157.0,3.2213375796178343,2021,6,June,2,Tuesday,False,22
2021-06-01,CITY MARKET,PIZZA INN,658.1058348266532,763.25,105.14416517334678,15.97678665180685,89.0,8.575842696629213,2021,6,June,2,Tuesday,False,22
2021-06-01,JUNCTION,CHICKEN INN,2138.460466385298,2093.75,-44.71046638529788,-2.090778253239036,260.0,8.052884615384615,2021,6,June,2,Tuesday,False,22
2021-06-01,JUNCTION,PIZZA INN,4342.523484024123,6349.5,2006.9765159758767,46.21682584698553,453.0,14.016556291390728,2021,6,June,2,Tuesday,False,22
2021-06-01,JUNCTION,CREAMY INN,555.9959690550481,567.5,11.504030944951865,2.0690853145039387,106.0,5.35377358490566,2021,6,June,2,Tuesday,False,22
2021-06-01,JUNCTION,GALITOS,1365.695606800316,1247.25,-118.445606800316,-8.672914096708698,151.0,8.259933774834437,2021,6,June,2,Tuesday,False,22
2021-06-01,OASIS,CHICKEN INN,504.43313460197743,588.0,83.56686539802257,16.566490118449682,84.0,7.0,2021,6,June,2,Tuesday,False,22
2021-06-01,OASIS,PIZZA INN,2205.959241760153,2702.0,496.04075823984704,22.486397248393946,198.0,13.646464646464649,2021,6,June,2,Tuesday,False,22
2021-06-01,OASIS,CREAMY INN,114.23184029138756,105.0,-9.231840291387556,-8.081669933565436,48.0,2.1875,2021,6,June,2,Tuesday,False,22
2021-06-02,LA PIAZZA,CHICKEN INN,1076.968134649267,1018.25,-58.718134649267085,-5.452170102357731,163.0,6.246932515337424,2021,6,June,2,Wednesday,False,22
2021-06-02,LA PIAZZA,PIZZA INN,1800.992198061762,2174.6,373.6078019382378,20.74455415966358,152.0,14.30657894736842,2021,6,June,2,Wednesday,False,22
2021-06-02,LA PIAZZA,CREAMY INN,610.6343679154533,338.5,-272.13436791545325,-44.56584532646748,107.0,3.163551401869159,2021,6,June,2,Wednesday,False,22
2021-06-02,LA PIAZZA,GALITOS,675.849991697772,564.25,-111.599991697772,-16.512538739170026,93.0,6.067204301075269,2021,6,June,2,Wednesday,False,22
2021-06-02,CARREFOUR,CHICKEN INN,1530.8027113625856,1128.0,-402.8027113625856,-26.313169448468383,163.0,6.920245398773006,2021,6,June,2,Wednesday,False,22
2021-06-02,CARREFOUR,PIZZA INN,3179.8388920447114,2798.5,-381.3388920447114,-11.992396627349304,213.0,13.13849765258216,2021,6,June,2,Wednesday,False,22
2021-06-02,CARREFOUR,CREAMY INN,603.5464399702433,657.0,53.45356002975666,8.856577802429268,185.0,3.5513513513513515,2021,6,June,2,Wednesday,False,22
2021-06-02,CARREFOUR,GALITOS,1121.0880355668485,734.75,-386.3380355668485,-34.46098997671551,84.0,8.74702380952381,2021,6,June,2,Wednesday,False,22
2021-06-02,CITY MARKET,CHICKEN INN,698.0341312168644,458.0,-240.03413121686435,-34.38716253006414,137.0,3.343065693430657,2021,6,June,2,Wednesday,False,22
2021-06-02,CITY MARKET,PIZZA INN,459.13519437874186,450.01,-9.125194378741869,-1.9874743845522915,67.0,6.7165671641791045,2021,6,June,2,Wednesday,False,22
2021-06-02,JUNCTION,CHICKEN INN,2118.6817270275938,2012.0,-106.68172702759377,-5.035288012667338,282.0,7.134751773049645,2021,6,June,2,Wednesday,False,22
2021-06-02,JUNCTION,PIZZA INN,3803.8112438142166,3964.0,160.1887561857834,4.211269853263183,297.0,13.346801346801346,2021,6,June,2,Wednesday,False,22
2021-06-02,JUNCTION,CREAMY INN,633.0173646912527,434.0,-199.01736469125277,-31.439479513855247,114.0,3.807017543859649,2021,6,June,2,Wednesday,False,22
2021-06-02,JUNCTION,GALITOS,906.5709439701108,1345.25,438.6790560298893,48.38882813834725,165.0,8.153030303030302,2021,6,June,2,Wednesday,False,22
2021-06-02,OASIS,CHICKEN INN,739.7165718950731,725.75,-13.966571895073116,-1.8880977425302616,90.0,8.063888888888888,2021,6,June,2,Wednesday,False,22
2021-06-02,OASIS,PIZZA INN,1641.6493430603011,2372.25,730.6006569396989,44.50406294304852,179.0,13.252793296089385,2021,6,June,2,Wednesday,False,22
2021-06-02,OASIS,CREAMY INN,175.305366367728,125.5,-49.805366367728,-28.410634197731373,59.0,2.1271186440677967,2021,6,June,2,Wednesday,False,22
2021-06-03,LA PIAZZA,CHICKEN INN,944.1756226756193,1033.75,89.57437732438075,9.48704617797095,168.0,6.153273809523809,2021,6,June,2,Thursday,False,22
2021-06-03,LA PIAZZA,PIZZA INN,1755.5995848444168,3383.5,1627.9004151555832,92.72617909053844,263.0,12.865019011406844,2021,6,June,2,Thursday,False,22
2021-06-03,LA PIAZZA,CREAMY INN,381.6433543873536,363.5,-18.14335438735361,-4.754007682507368,112.0,3.2455357142857144,2021,6,June,2,Thursday,False,22
2021-06-03,LA PIAZZA,GALITOS,682.0155363073021,655.0,-27.015536307302117,-3.961132095842677,91.0,7.197802197802198,2021,6,June,2,Thursday,False,22
2021-06-03,CARREFOUR,CHICKEN INN,1548.8242319940805,1339.0,-209.82423199408024,-13.547323683329498,181.0,7.397790055248619,2021,6,June,2,Thursday,False,22
2021-06-03,CARREFOUR,PIZZA INN,3163.904423296816,5232.82,2068.9155767031843,65.39121603892688,365.0,14.33649315068493,2021,6,June,2,Thursday,False,22
2021-06-03,CARREFOUR,CREAMY INN,505.67443244163707,785.75,280.07556755836293,55.38653916236671,209.0,3.7595693779904304,2021,6,June,2,Thursday,False,22
2021-06-03,CARREFOUR,GALITOS,1023.5681576739876,1152.5,128.93184232601232,12.596312356863864,119.0,9.684873949579831,2021,6,June,2,Thursday,False,22
2021-06-03,CITY MARKET,CHICKEN INN,822.8556646815282,492.25,-330.6056646815282,-40.17784392472807,144.0,3.4184027777777777,2021,6,June,2,Thursday,False,22
2021-06-03,CITY MARKET,PIZZA INN,401.7992703751846,671.5,269.7007296248154,67.12325021719907,77.0,8.720779220779221,2021,6,June,2,Thursday,False,22
2021-06-03,JUNCTION,CHICKEN INN,1919.800190422255,2271.5,351.6998095777453,18.3196048907772,325.0,6.989230769230769,2021,6,June,2,Thursday,False,22
2021-06-03,JUNCTION,PIZZA INN,3884.3084751099495,7692.75,3808.4415248900505,98.04683508773716,515.0,14.937378640776698,2021,6,June,2,Thursday,False,22
2021-06-03,JUNCTION,CREAMY INN,259.2601565808108,562.0,302.73984341918924,116.77067830699468,130.0,4.323076923076923,2021,6,June,2,Thursday,False,22
2021-06-03,JUNCTION,GALITOS,1320.489693860408,1334.5,14.010306139591876,1.0609932212824174,166.0,8.039156626506024,2021,6,June,2,Thursday,False,22
2021-06-03,OASIS,CHICKEN INN,725.6944327711155,804.5,78.80556722888446,10.859331926794564,103.0,7.810679611650485,2021,6,June,2,Thursday,False,22
2021-06-03,OASIS,PIZZA INN,1784.6667821193396,2704.0,919.3332178806604,51.51287775911465,213.0,12.694835680751174,2021,6,June,2,Thursday,False,22
2021-06-03,OASIS,CREAMY INN,140.95086043572718,176.0,35.04913956427282,24.86621185278612,71.0,2.4788732394366195,2021,6,June,2,Thursday,False,22
2021-06-04,LA PIAZZA,CHICKEN INN,1008.024707716657,1260.5,252.47529228334304,25.046538080920797,223.0,5.6524663677130045,2021,6,June,2,Friday,False,22
2021-06-04,LA PIAZZA,PIZZA INN,1787.636953100079,1893.0,105.36304689992107,5.89398461008556,193.0,9.808290155440414,2021,6,June,2,Friday,False,22
2021-06-04,LA PIAZZA,CREAMY INN,474.4349738678928,472.25,-2.1849738678927797,-0.4605423268186777,117.0,4.036324786324786,2021,6,June,2,Friday,False,22
2021-06-04,LA PIAZZA,GALITOS,1106.6727364133544,1122.0,15.327263586645586,1.384986101340142,127.0,8.834645669291339,2021,6,June,2,Friday,False,22
2021-06-04,CARREFOUR,CHICKEN INN,2035.679033661621,1345.25,-690.4290336616207,-33.916399503301406,196.0,6.863520408163265,2021,6,June,2,Friday,False,22
2021-06-04,CARREFOUR,PIZZA INN,3644.277254533769,3934.5,290.22274546623066,7.96379433274926,258.0,15.25,2021,6,June,2,Friday,False,22
2021-06-04,CARREFOUR,CREAMY INN,852.5994633834626,743.0,-109.59946338346263,-12.854742243037224,178.0,4.174157303370786,2021,6,June,2,Friday,False,22
2021-06-04,CARREFOUR,GALITOS,1762.528086788199,1143.5,-619.0280867881991,-35.12160126289023,119.0,9.609243697478991,2021,6,June,2,Friday,False,22
2021-06-04,CITY MARKET,CHICKEN INN,881.5418579614602,644.75,-236.7918579614602,-26.861102036497105,173.0,3.726878612716763,2021,6,June,2,Friday,False,22
2021-06-04,CITY MARKET,PIZZA INN,503.80347881948273,458.51,-45.29347881948274,-8.990306880296831,71.0,6.457887323943662,2021,6,June,2,Friday,False,22
2021-06-04,JUNCTION,CHICKEN INN,2272.4509049277017,2511.0,238.54909507229831,10.49743669071204,308.0,8.152597402597403,2021,6,June,2,Friday,False,22
2021-06-04,JUNCTION,PIZZA INN,4515.342609414823,6076.75,1561.4073905851774,34.58004243862975,376.0,16.16156914893617,2021,6,June,2,Friday,False,22
2021-06-04,JUNCTION,CREAMY INN,552.2840945665564,793.5,241.2159054334436,43.67605509674413,149.0,5.325503355704698,2021,6,June,2,Friday,False,22
2021-06-04,JUNCTION,GALITOS,1784.137198154487,3203.5,1419.362801845513,79.55457704226467,261.0,12.273946360153255,2021,6,June,2,Friday,False,22
2021-06-04,OASIS,CHICKEN INN,778.3651740773248,686.5,-91.8651740773248,-11.802323271492964,76.0,9.032894736842104,2021,6,June,2,Friday,False,22
2021-06-04,OASIS,PIZZA INN,2285.127367595732,2130.0,-155.12736759573136,-6.788565477597282,151.0,14.105960264900665,2021,6,June,2,Friday,False,22
2021-06-04,OASIS,CREAMY INN,145.23999356475258,158.0,12.76000643524742,8.785463371394743,66.0,2.393939393939394,2021,6,June,2,Friday,False,22
2021-06-05,LA PIAZZA,CHICKEN INN,1330.3995143695258,1561.0,230.60048563047417,17.33317572201275,247.0,6.319838056680162,2021,6,June,2,Saturday,True,22
2021-06-05,LA PIAZZA,PIZZA INN,2679.1915063588926,2428.75,-250.44150635889264,-9.34765229601861,220.0,11.039772727272728,2021,6,June,2,Saturday,True,22
2021-06-05,LA PIAZZA,CREAMY INN,602.7329527292903,483.5,-119.23295272929032,-19.782053094887324,107.0,4.518691588785047,2021,6,June,2,Saturday,True,22
2021-06-05,LA PIAZZA,GALITOS,854.9059113579889,647.5,-207.40591135798888,-24.26067109870976,71.0,9.119718309859154,2021,6,June,2,Saturday,True,22
2021-06-05,CARREFOUR,CHICKEN INN,2071.6992628731773,1855.5,-216.1992628731773,-10.435842052351608,206.0,9.00728155339806,2021,6,June,2,Saturday,True,22
2021-06-05,CARREFOUR,PIZZA INN,5241.951903692701,4816.32,-425.6319036927016,-8.119721651640194,333.0,14.463423423423423,2021,6,June,2,Saturday,True,22
2021-06-05,CARREFOUR,CREAMY INN,1017.7539881932898,841.0,-176.75398819328984,-17.367064167153238,196.0,4.290816326530612,2021,6,June,2,Saturday,True,22
2021-06-05,CARREFOUR,GALITOS,1874.268361744919,1049.75,-824.518361744919,-43.99147841226447,102.0,10.291666666666666,2021,6,June,2,Saturday,True,22
2021-06-05,CITY MARKET,CHICKEN INN,936.7190718610872,666.5,-270.21907186108706,-28.847397259053547,182.0,3.662087912087912,2021,6,June,2,Saturday,True,22
2021-06-05,CITY MARKET,PIZZA INN,468.5562669020059,536.0,67.44373309799408,14.393945372648126,86.0,6.232558139534884,2021,6,June,2,Saturday,True,22
2021-06-05,JUNCTION,CHICKEN INN,2139.5546094135966,3255.75,1116.1953905864034,52.16952096830691,365.0,8.919863013698631,2021,6,June,2,Saturday,True,22
2021-06-05,JUNCTION,PIZZA INN,5851.268393300542,7682.5,1831.231606699458,31.296318739987072,482.0,15.938796680497925,2021,6,June,2,Saturday,True,22
2021-06-05,JUNCTION,CREAMY INN,614.2438456436884,901.5,287.25615435631164,46.765817255407015,134.0,6.727611940298507,2021,6,June,2,Saturday,True,22
2021-06-05,JUNCTION,GALITOS,1312.7941128621758,1463.8,151.00588713782415,11.502632869719276,174.0,8.412643678160919,2021,6,June,2,Saturday,True,22
2021-06-05,OASIS,CHICKEN INN,877.5337965563975,1051.25,173.71620344360247,19.79595590794297,128.0,8.212890625,2021,6,June,2,Saturday,True,22
2021-06-05,OASIS,PIZZA INN,2383.142655505728,3287.75,904.6073444942726,37.9585897807828,234.0,14.050213675213676,2021,6,June,2,Saturday,True,22
2021-06-05,OASIS,CREAMY INN,157.58938170436207,280.0,122.41061829563792,77.67694559858128,88.0,3.1818181818181817,2021,6,June,2,Saturday,True,22
2021-06-06,LA PIAZZA,CHICKEN INN,1230.9628124002195,1927.75,696.7871875997803,56.605055862015405,246.0,7.836382113821138,2021,6,June,2,Sunday,True,22
2021-06-06,LA PIAZZA,PIZZA INN,2290.4562185378154,3100.5,810.0437814621846,35.36604519685172,244.0,12.706967213114757,2021,6,June,2,Sunday,True,22
2021-06-06,LA PIAZZA,CREAMY INN,793.5671321621858,588.25,-205.31713216218577,-25.87268598218909,128.0,4.595703125,2021,6,June,2,Sunday,True,22
2021-06-06,LA PIAZZA,GALITOS,572.9066572172721,1057.25,484.3433427827279,84.54140594827176,101.0,10.467821782178218,2021,6,June,2,Sunday,True,22
2021-06-06,CARREFOUR,CHICKEN INN,3011.7839023970905,3215.75,203.96609760290949,6.772268669095817,285.0,11.283333333333331,2021,6,June,2,Sunday,True,22
2021-06-06,CARREFOUR,PIZZA INN,6177.0867627677735,6671.45,494.3632372322263,8.003177812103718,420.0,15.88440476190476,2021,6,June,2,Sunday,True,22
2021-06-06,CARREFOUR,CREAMY INN,1140.5858708627206,1188.25,47.66412913727936,4.178916323172317,241.0,4.930497925311204,2021,6,June,2,Sunday,True,22
2021-06-06,CARREFOUR,GALITOS,1559.5970120684487,1790.5,230.90298793155125,14.805298172847309,153.0,11.702614379084968,2021,6,June,2,Sunday,True,22
2021-06-06,CITY MARKET,CHICKEN INN,829.9033605555306,480.5,-349.40336055553064,-42.10169245749804,114.0,4.214912280701754,2021,6,June,2,Sunday,True,22
2021-06-06,CITY MARKET,PIZZA INN,409.2052323221746,539.25,130.0447676778254,31.779839895947088,58.0,9.297413793103448,2021,6,June,2,Sunday,True,22
2021-06-06,JUNCTION,CHICKEN INN,1840.5589857189425,4753.0,2912.441014281057,158.2367659433325,472.0,10.069915254237287,2021,6,June,2,Sunday,True,22
2021-06-06,JUNCTION,PIZZA INN,6160.6866201764005,9860.5,3699.8133798236,60.05521150364344,530.0,18.604716981132075,2021,6,June,2,Sunday,True,22
2021-06-06,JUNCTION,CREAMY INN,683.7701101012077,1009.5,325.7298898987923,47.63733966823728,169.0,5.9733727810650885,2021,6,June,2,Sunday,True,22
2021-06-06,JUNCTION,GALITOS,2134.691164152907,2224.0,89.30883584709318,4.183688832690368,213.0,10.44131455399061,2021,6,June,2,Sunday,True,22
2021-06-06,OASIS,CHICKEN INN,1138.1324581437184,1414.5,276.3675418562816,24.28254636609117,170.0,8.320588235294117,2021,6,June,2,Sunday,True,22
2021-06-06,OASIS,PIZZA INN,3815.752988429516,4707.5,891.7470115704841,23.370145139754147,312.0,15.088141025641026,2021,6,June,2,Sunday,True,22
2021-06-06,OASIS,CREAMY INN,316.53595287708725,364.0,47.464047122912746,14.994836034105518,129.0,2.8217054263565893,2021,6,June,2,Sunday,True,22
2021-06-07,LA PIAZZA,CHICKEN INN,1137.6150619298878,892.25,-245.36506192988784,-21.56837318184258,160.0,5.5765625,2021,6,June,2,Monday,False,23
2021-06-07,LA PIAZZA,PIZZA INN,1799.533648042205,1550.0,-249.53364804220496,-13.866573059841588,154.0,10.064935064935066,2021,6,June,2,Monday,False,23
2021-06-07,LA PIAZZA,CREAMY INN,360.5895835432109,410.25,49.66041645678917,13.772005272259388,108.0,3.798611111111111,2021,6,June,2,Monday,False,23
2021-06-07,LA PIAZZA,GALITOS,429.1219048232983,578.67,149.54809517670168,34.84979291334053,81.0,7.144074074074074,2021,6,June,2,Monday,False,23
2021-06-07,CARREFOUR,CHICKEN INN,1643.0608164607945,1411.0,-232.06081646079429,-14.1236900141445,204.0,6.916666666666667,2021,6,June,2,Monday,False,23
2021-06-07,CARREFOUR,PIZZA INN,3007.8365822135997,2530.0,-477.8365822135993,-15.886387745904011,205.0,12.341463414634148,2021,6,June,2,Monday,False,23
2021-06-07,CARREFOUR,CREAMY INN,619.8033897167411,732.25,112.4466102832589,18.142303212418472,176.0,4.160511363636363,2021,6,June,2,Monday,False,23
2021-06-07,CARREFOUR,GALITOS,1193.2916009403875,481.5,-711.7916009403875,-59.64942687767615,62.0,7.766129032258065,2021,6,June,2,Monday,False,23
2021-06-07,CITY MARKET,CHICKEN INN,914.029654342674,524.75,-389.2796543426741,-42.58939001520965,139.0,3.775179856115108,2021,6,June,2,Monday,False,23
2021-06-07,CITY MARKET,PIZZA INN,504.9143731115313,323.75,-181.1643731115313,-35.88021707425501,56.0,5.78125,2021,6,June,2,Monday,False,23
2021-06-07,JUNCTION,CHICKEN INN,1644.5390539568457,1350.75,-293.78905395684546,-17.86452278223335,188.0,7.184840425531915,2021,6,June,2,Monday,False,23
2021-06-07,JUNCTION,PIZZA INN,3731.147385350784,3009.0,-722.1473853507837,-19.35456605617017,219.0,13.73972602739726,2021,6,June,2,Monday,False,23
2021-06-07,JUNCTION,CREAMY INN,394.4580466039537,348.5,-45.95804660395373,-11.650933983886205,90.0,3.8722222222222222,2021,6,June,2,Monday,False,23
2021-06-07,JUNCTION,GALITOS,1149.3642742944548,910.75,-238.61427429445484,-20.76054386159948,108.0,8.43287037037037,2021,6,June,2,Monday,False,23
2021-06-07,OASIS,CHICKEN INN,589.2417350866359,518.25,-70.99173508663591,-12.04798147507288,73.0,7.099315068493151,2021,6,June,2,Monday,False,23
2021-06-07,OASIS,PIZZA INN,1815.2541817284543,1647.0,-168.25418172845457,-9.268904786008852,126.0,13.071428571428571,2021,6,June,2,Monday,False,23
2021-06-07,OASIS,CREAMY INN,151.04171953638118,87.0,-64.04171953638118,-42.400020161949726,37.0,2.3513513513513518,2021,6,June,2,Monday,False,23
2021-06-08,LA PIAZZA,CHICKEN INN,801.1701681479151,682.25,-118.92016814791508,-14.843309558420753,139.0,4.908273381294964,2021,6,June,2,Tuesday,False,23
2021-06-08,LA PIAZZA,PIZZA INN,3518.466553699322,4121.5,603.033446300678,17.139098442378188,317.0,13.001577287066246,2021,6,June,2,Tuesday,False,23
2021-06-08,LA PIAZZA,CREAMY INN,531.0201085713312,375.25,-155.7701085713312,-29.334126157749225,109.0,3.442660550458716,2021,6,June,2,Tuesday,False,23
2021-06-08,LA PIAZZA,GALITOS,762.0187927406192,457.75,-304.26879274061923,-39.92930300922226,59.0,7.758474576271187,2021,6,June,2,Tuesday,False,23
2021-06-08,CARREFOUR,CHICKEN INN,1735.518060915791,1372.75,-362.768060915791,-20.90258056573419,182.0,7.542582417582418,2021,6,June,2,Tuesday,False,23
2021-06-08,CARREFOUR,PIZZA INN,6538.130983687827,6797.5,259.3690163121728,3.9670208039465726,444.0,15.309684684684685,2021,6,June,2,Tuesday,False,23
2021-06-08,CARREFOUR,CREAMY INN,622.4458621136984,767.25,144.80413788630165,23.263732109098857,197.0,3.894670050761421,2021,6,June,2,Tuesday,False,23
2021-06-08,CARREFOUR,GALITOS,843.6300629955197,928.5,84.86993700448033,10.060089217675388,99.0,9.37878787878788,2021,6,June,2,Tuesday,False,23
2021-06-08,CITY MARKET,CHICKEN INN,879.9806595083583,447.25,-432.7306595083583,-49.17501934077996,136.0,3.2886029411764706,2021,6,June,2,Tuesday,False,23
2021-06-08,CITY MARKET,PIZZA INN,727.0243388519565,764.25,37.22566114804352,5.120277156996769,83.0,9.207831325301203,2021,6,June,2,Tuesday,False,23
2021-06-08,JUNCTION,CHICKEN INN,1774.1108379618895,1757.0,-17.1108379618895,-0.9644740111923644,242.0,7.260330578512397,2021,6,June,2,Tuesday,False,23
2021-06-08,JUNCTION,PIZZA INN,5425.655136078895,6178.0,752.3448639211047,13.86643354676652,408.0,15.142156862745098,2021,6,June,2,Tuesday,False,23
2021-06-08,JUNCTION,CREAMY INN,405.7364344728327,443.5,37.76356552716732,9.307412970253202,112.0,3.959821428571429,2021,6,June,2,Tuesday,False,23
2021-06-08,JUNCTION,GALITOS,1377.3514867917906,1161.5,-215.85148679179065,-15.671489003476143,141.0,8.23758865248227,2021,6,June,2,Tuesday,False,23
2021-06-08,OASIS,CHICKEN INN,736.2987567054523,560.0,-176.29875670545232,-23.94391612099089,59.0,9.491525423728811,2021,6,June,2,Tuesday,False,23
2021-06-08,OASIS,PIZZA INN,2264.9743395281494,2903.75,638.7756604718506,28.20233542270168,202.0,14.375,2021,6,June,2,Tuesday,False,23
2021-06-08,OASIS,CREAMY INN,172.5806272060524,71.5,-101.0806272060524,-58.570089147588575,31.0,2.306451612903226,2021,6,June,2,Tuesday,False,23
2021-06-09,LA PIAZZA,CHICKEN INN,1099.1891688048863,736.75,-362.43916880488655,-32.97332061586407,151.0,4.879139072847682,2021,6,June,2,Wednesday,False,23
2021-06-09,LA PIAZZA,PIZZA INN,2074.2737395521617,1504.0,-570.2737395521617,-27.492694367103372,140.0,10.742857142857142,2021,6,June,2,Wednesday,False,23
2021-06-09,LA PIAZZA,CREAMY INN,407.9730701817508,412.5,4.526929818249244,1.1096148616457724,119.0,3.466386554621849,2021,6,June,2,Wednesday,False,23
2021-06-09,LA PIAZZA,GALITOS,607.6037910198693,469.0,-138.60379101986928,-22.811541512474992,59.0,7.9491525423728815,2021,6,June,2,Wednesday,False,23
2021-06-09,CARREFOUR,CHICKEN INN,1824.371001244489,1203.5,-620.871001244489,-34.03205821737814,170.0,7.079411764705882,2021,6,June,2,Wednesday,False,23
2021-06-09,CARREFOUR,PIZZA INN,2934.717931265596,2458.25,-476.4679312655953,-16.235561386988863,180.0,13.656944444444443,2021,6,June,2,Wednesday,False,23
2021-06-09,CARREFOUR,CREAMY INN,524.1861004833646,630.25,106.0638995166354,20.23401601431845,167.0,3.773952095808384,2021,6,June,2,Wednesday,False,23
2021-06-09,CARREFOUR,GALITOS,1237.0343434579493,711.5,-525.5343434579493,-42.483407694962985,78.0,9.121794871794872,2021,6,June,2,Wednesday,False,23
2021-06-09,CITY MARKET,CHICKEN INN,955.4980589683972,454.25,-501.2480589683973,-52.45934874107117,131.0,3.467557251908397,2021,6,June,2,Wednesday,False,23
2021-06-09,CITY MARKET,PIZZA INN,524.6951807769219,351.51,-173.18518077692192,-33.00681750506737,57.0,6.166842105263158,2021,6,June,2,Wednesday,False,23
2021-06-09,JUNCTION,CHICKEN INN,2166.150701486084,1558.75,-607.400701486084,-28.04055604577178,191.0,8.160994764397905,2021,6,June,2,Wednesday,False,23
2021-06-09,JUNCTION,PIZZA INN,4829.983084845549,3221.25,-1608.7330848455483,-33.30721985120559,241.0,13.366182572614107,2021,6,June,2,Wednesday,False,23
2021-06-09,JUNCTION,CREAMY INN,268.611225003742,281.5,12.888774996258007,4.798300963066028,61.0,4.614754098360656,2021,6,June,2,Wednesday,False,23
2021-06-09,JUNCTION,GALITOS,1377.3514867917906,1090.25,-287.10148679179065,-20.8444605131639,134.0,8.136194029850746,2021,6,June,2,Wednesday,False,23
2021-06-09,OASIS,CHICKEN INN,588.215090980248,628.0,39.78490901975204,6.763666833751465,67.0,9.373134328358208,2021,6,June,2,Wednesday,False,23
2021-06-09,OASIS,PIZZA INN,1990.717368156111,1594.0,-396.717368156111,-19.928362232734617,116.0,13.741379310344827,2021,6,June,2,Wednesday,False,23
2021-06-09,OASIS,CREAMY INN,65.15545470637913,92.0,26.844545293620868,41.20076425618532,37.0,2.4864864864864864,2021,6,June,2,Wednesday,False,23
2021-06-10,LA PIAZZA,CHICKEN INN,1209.1299185791963,849.75,-359.3799185791963,-29.72219221913641,149.0,5.703020134228188,2021,6,June,2,Thursday,False,23
2021-06-10,LA PIAZZA,PIZZA INN,1290.8801825262406,2668.5,1377.6198174737594,106.71941796935562,221.0,12.074660633484164,2021,6,June,2,Thursday,False,23
2021-06-10,LA PIAZZA,CREAMY INN,326.38345704108804,303.25,-23.13345704108804,-7.08781543366513,100.0,3.0325,2021,6,June,2,Thursday,False,23
2021-06-10,LA PIAZZA,GALITOS,720.050568398507,556.5,-163.55056839850704,-22.7137614462643,74.0,7.52027027027027,2021,6,June,2,Thursday,False,23
2021-06-10,CARREFOUR,CHICKEN INN,1665.279754555827,1080.0,-585.2797545558267,-35.1460319477634,148.0,7.297297297297297,2021,6,June,2,Thursday,False,23
2021-06-10,CARREFOUR,PIZZA INN,2938.251785221782,4219.32,1281.0682147782177,43.59967451467136,286.0,14.752867132867133,2021,6,June,2,Thursday,False,23
2021-06-10,CARREFOUR,CREAMY INN,477.698692065155,593.75,116.051307934845,24.29382995233664,157.0,3.781847133757962,2021,6,June,2,Thursday,False,23
2021-06-10,CARREFOUR,GALITOS,826.9661610840676,770.25,-56.71616108406761,-6.858341217942769,87.0,8.85344827586207,2021,6,June,2,Thursday,False,23
2021-06-10,CITY MARKET,CHICKEN INN,782.9484585089067,512.0,-270.9484585089067,-34.60616794940972,125.0,4.096,2021,6,June,2,Thursday,False,23
2021-06-10,CITY MARKET,PIZZA INN,332.6826999257176,791.25,458.5673000742824,137.8392384625569,93.0,8.508064516129032,2021,6,June,2,Thursday,False,23
2021-06-10,JUNCTION,CHICKEN INN,1963.0188400400464,1845.25,-117.76884004004636,-5.999373905022932,244.0,7.5625,2021,6,June,2,Thursday,False,23
2021-06-10,JUNCTION,PIZZA INN,4405.749993313402,6128.75,1723.0000066865978,39.10798409582004,406.0,15.095443349753694,2021,6,June,2,Thursday,False,23
2021-06-10,JUNCTION,CREAMY INN,879.1431961589386,454.5,-424.6431961589386,-48.30193738793017,87.0,5.224137931034483,2021,6,June,2,Thursday,False,23
2021-06-10,JUNCTION,GALITOS,1293.4651535712944,1413.0,119.53484642870558,9.241443118793455,144.0,9.8125,2021,6,June,2,Thursday,False,23
2021-06-10,OASIS,CHICKEN INN,571.1130195371265,401.0,-170.11301953712655,-29.78622684438171,59.0,6.796610169491525,2021,6,June,2,Thursday,False,23
2021-06-10,OASIS,PIZZA INN,1692.8041320617515,2583.0,890.1958679382483,52.58705665220901,190.0,13.594736842105265,2021,6,June,2,Thursday,False,23
2021-06-10,OASIS,CREAMY INN,87.51282014704795,62.5,-25.012820147047947,-28.58189246446276,33.0,1.893939393939394,2021,6,June,2,Thursday,False,23
2021-06-11,LA PIAZZA,CHICKEN INN,983.7659368044086,958.75,-25.015936804408625,-2.54287487180828,168.0,5.706845238095238,2021,6,June,2,Friday,False,23
2021-06-11,LA PIAZZA,PIZZA INN,1428.8209652453934,1545.5,116.67903475460662,8.166106012768894,144.0,10.73263888888889,2021,6,June,2,Friday,False,23
2021-06-11,LA PIAZZA,CREAMY INN,390.8700069306893,335.0,-55.87000693068933,-14.293756476586456,101.0,3.3168316831683167,2021,6,June,2,Friday,False,23
2021-06-11,LA PIAZZA,GALITOS,829.1594474885371,809.25,-19.90944748853713,-2.401160301416257,105.0,7.707142857142857,2021,6,June,2,Friday,False,23
2021-06-11,CARREFOUR,CHICKEN INN,1559.614332321545,1581.75,22.13566767845532,1.4193039407060044,187.0,8.45855614973262,2021,6,June,2,Friday,False,23
2021-06-11,CARREFOUR,PIZZA INN,3330.265417176052,3119.36,-210.9054171760522,-6.332991241127339,235.0,13.27387234042553,2021,6,June,2,Friday,False,23
2021-06-11,CARREFOUR,CREAMY INN,499.6139794442677,657.5,157.88602055573227,31.60160184696044,185.0,3.554054054054054,2021,6,June,2,Friday,False,23
2021-06-11,CARREFOUR,GALITOS,1286.5854171706085,1235.25,-51.33541717060848,-3.9900512228331215,123.0,10.042682926829269,2021,6,June,2,Friday,False,23
2021-06-11,CITY MARKET,CHICKEN INN,649.1314482430371,415.0,-234.13144824303708,-36.06841863489218,119.0,3.4873949579831933,2021,6,June,2,Friday,False,23
2021-06-11,CITY MARKET,PIZZA INN,490.4038546456264,308.26,-182.14385464562645,-37.14160337855551,44.0,7.005909090909091,2021,6,June,2,Friday,False,23
2021-06-11,JUNCTION,CHICKEN INN,2692.812239915161,1685.0,-1007.8122399151612,-37.42601229214975,215.0,7.837209302325581,2021,6,June,2,Friday,False,23
2021-06-11,JUNCTION,PIZZA INN,5363.808792479115,4094.75,-1269.0587924791153,-23.65965756010041,280.0,14.624107142857143,2021,6,June,2,Friday,False,23
2021-06-11,JUNCTION,CREAMY INN,302.44638861037856,440.5,138.05361138962144,45.64564715879833,90.0,4.894444444444445,2021,6,June,2,Friday,False,23
2021-06-11,JUNCTION,GALITOS,1346.5466611000363,2312.25,965.7033388999636,71.7170349010446,185.0,12.498648648648649,2021,6,June,2,Friday,False,23
2021-06-11,OASIS,CHICKEN INN,810.5030332557741,542.75,-267.7530332557741,-33.03541409095234,75.0,7.236666666666666,2021,6,June,2,Friday,False,23
2021-06-11,OASIS,PIZZA INN,2704.385689824116,1999.0,-705.3856898241161,-26.08302848511197,153.0,13.065359477124185,2021,6,June,2,Friday,False,23
2021-06-11,OASIS,CREAMY INN,105.50853088404595,89.5,-16.008530884045967,-15.172736033676143,29.0,3.086206896551724,2021,6,June,2,Friday,False,23
2021-06-12,LA PIAZZA,CHICKEN INN,1104.40480455102,1196.5,92.09519544898012,8.338898479024646,193.0,6.199481865284974,2021,6,June,2,Saturday,True,23
2021-06-12,LA PIAZZA,PIZZA INN,2095.7207663614754,2713.0,617.2792336385246,29.4542690775654,230.0,11.795652173913044,2021,6,June,2,Saturday,True,23
2021-06-12,LA PIAZZA,CREAMY INN,504.0402763375663,464.0,-40.0402763375663,-7.943864452361836,122.0,3.80327868852459,2021,6,June,2,Saturday,True,23
2021-06-12,LA PIAZZA,GALITOS,748.0293846265816,691.0,-57.029384626581646,-7.623949780402126,86.0,8.034883720930232,2021,6,June,2,Saturday,True,23
2021-06-12,CARREFOUR,CHICKEN INN,2340.0374238709883,1733.25,-606.7874238709883,-25.930671778198107,204.0,8.496323529411764,2021,6,June,2,Saturday,True,23
2021-06-12,CARREFOUR,PIZZA INN,4230.897011260721,4415.5,184.6029887392788,4.363211589597896,313.0,14.10702875399361,2021,6,June,2,Saturday,True,23
2021-06-12,CARREFOUR,CREAMY INN,502.64420594295234,843.25,340.60579405704766,67.76280120807854,201.0,4.195273631840796,2021,6,June,2,Saturday,True,23
2021-06-12,CARREFOUR,GALITOS,1357.8075748594588,1008.75,-349.0575748594588,-25.707440532992194,100.0,10.0875,2021,6,June,2,Saturday,True,23
2021-06-12,CITY MARKET,CHICKEN INN,1061.9271877998524,650.75,-411.1771877998524,-38.71990401260443,159.0,4.0927672955974845,2021,6,June,2,Saturday,True,23
2021-06-12,CITY MARKET,PIZZA INN,509.2373881084952,512.01,2.7726118915048232,0.5444635363093384,78.0,6.564230769230769,2021,6,June,2,Saturday,True,23
2021-06-12,JUNCTION,CHICKEN INN,2321.1823521111514,2660.25,339.06764788884857,14.607540315842108,302.0,8.808774834437086,2021,6,June,2,Saturday,True,23
2021-06-12,JUNCTION,PIZZA INN,5440.165526706347,6494.75,1054.584473293653,19.385154148648358,389.0,16.696015424164525,2021,6,June,2,Saturday,True,23
2021-06-12,JUNCTION,CREAMY INN,693.1925607258405,581.5,-111.69256072584052,-16.11277544711205,100.0,5.815,2021,6,June,2,Saturday,True,23
2021-06-12,JUNCTION,GALITOS,1126.277531299758,1429.75,303.472468700242,26.94473256072379,153.0,9.344771241830063,2021,6,June,2,Saturday,True,23
2021-06-12,OASIS,CHICKEN INN,1072.8171001854143,955.5,-117.31710018541436,-10.935424143140382,108.0,8.847222222222221,2021,6,June,2,Saturday,True,23
2021-06-12,OASIS,PIZZA INN,2597.128888731728,3211.0,613.8711112682727,23.63652855011167,228.0,14.083333333333334,2021,6,June,2,Saturday,True,23
2021-06-12,OASIS,CREAMY INN,161.67131033440077,108.0,-53.67131033440077,-33.19779509635141,37.0,2.918918918918919,2021,6,June,2,Saturday,True,23
2021-06-13,LA PIAZZA,CHICKEN INN,1007.5152735274996,1890.5,882.9847264725003,87.63983531296805,211.0,8.959715639810426,2021,6,June,2,Sunday,True,23
2021-06-13,LA PIAZZA,PIZZA INN,1879.5509704194703,3208.5,1328.9490295805297,70.70566590082632,241.0,13.313278008298756,2021,6,June,2,Sunday,True,23
2021-06-13,LA PIAZZA,CREAMY INN,346.1119905280579,578.0,231.8880094719421,66.99797054651415,126.0,4.587301587301587,2021,6,June,2,Sunday,True,23
2021-06-13,LA PIAZZA,GALITOS,816.2968458031379,834.0,17.7031541968621,2.168715252040981,79.0,10.556962025316457,2021,6,June,2,Sunday,True,23
2021-06-13,CARREFOUR,CHICKEN INN,2163.540581939503,3094.25,930.7094180604968,43.01788585939829,283.0,10.933745583038869,2021,6,June,2,Sunday,True,23
2021-06-13,CARREFOUR,PIZZA INN,4869.804956161211,7356.76,2486.9550438387896,51.06888399487804,444.0,16.56927927927928,2021,6,June,2,Sunday,True,23
2021-06-13,CARREFOUR,CREAMY INN,880.9485965986453,1207.0,326.0514034013547,37.011399377925535,211.0,5.720379146919432,2021,6,June,2,Sunday,True,23
2021-06-13,CARREFOUR,GALITOS,1170.2585634425875,1456.5,286.2414365574125,24.459674596643566,140.0,10.403571428571428,2021,6,June,2,Sunday,True,23
2021-06-13,CITY MARKET,CHICKEN INN,649.9194817479362,675.25,25.330518252063825,3.897485606053578,135.0,5.001851851851852,2021,6,June,2,Sunday,True,23
2021-06-13,CITY MARKET,PIZZA INN,451.2211489958538,428.25,-22.97114899585381,-5.090884823766292,47.0,9.111702127659576,2021,6,June,2,Sunday,True,23
2021-06-13,JUNCTION,CHICKEN INN,1392.0445089648786,3734.5,2342.4554910351217,168.27446794621292,409.0,9.13080684596577,2021,6,June,2,Sunday,True,23
2021-06-13,JUNCTION,PIZZA INN,5135.260814652907,10309.0,5173.739185347093,100.749297301208,557.0,18.508078994614003,2021,6,June,2,Sunday,True,23
2021-06-13,JUNCTION,CREAMY INN,602.9654577748096,833.5,230.5345422251904,38.23345753104293,158.0,5.275316455696203,2021,6,June,2,Sunday,True,23
2021-06-13,JUNCTION,GALITOS,1928.6431080101809,1892.25,-36.39310801018064,-1.886979911370338,189.0,10.011904761904765,2021,6,June,2,Sunday,True,23
2021-06-13,OASIS,CHICKEN INN,928.8400108857618,1397.25,468.4099891142382,50.42956630039573,142.0,9.839788732394366,2021,6,June,2,Sunday,True,23
2021-06-13,OASIS,PIZZA INN,3344.6241621841964,4464.5,1119.8758378158036,33.48286036074296,309.0,14.44822006472492,2021,6,June,2,Sunday,True,23
2021-06-13,OASIS,CREAMY INN,217.5647239360728,236.5,18.935276063927205,8.703284117645364,104.0,2.2740384615384617,2021,6,June,2,Sunday,True,23
2021-06-14,LA PIAZZA,CHICKEN INN,1505.3295114177488,966.25,-539.0795114177488,-35.81139593217921,185.0,5.222972972972973,2021,6,June,2,Monday,False,24
2021-06-14,LA PIAZZA,PIZZA INN,1585.3804560402834,1207.25,-378.1304560402834,-23.85108600270744,120.0,10.060416666666669,2021,6,June,2,Monday,False,24
2021-06-14,LA PIAZZA,CREAMY INN,529.6948712141584,362.25,-167.4448712141584,-31.611571173106483,114.0,3.1776315789473686,2021,6,June,2,Monday,False,24
2021-06-14,LA PIAZZA,GALITOS,694.3253650277088,387.25,-307.0753650277088,-44.22643626384789,52.0,7.447115384615385,2021,6,June,2,Monday,False,24
2021-06-14,CARREFOUR,CHICKEN INN,1551.8126107317078,967.0,-584.8126107317078,-37.685775117909245,136.0,7.110294117647059,2021,6,June,2,Monday,False,24
2021-06-14,CARREFOUR,PIZZA INN,2577.901484714944,2470.25,-107.65148471494376,-4.175934780798946,204.0,12.10906862745098,2021,6,June,2,Monday,False,24
2021-06-14,CARREFOUR,CREAMY INN,665.6445412987384,727.75,62.10545870126157,9.330123639275651,172.0,4.231104651162791,2021,6,June,2,Monday,False,24
2021-06-14,CARREFOUR,GALITOS,638.5559143520609,408.25,-230.30591435206088,-36.06667938950201,52.0,7.850961538461538,2021,6,June,2,Monday,False,24
2021-06-14,CITY MARKET,CHICKEN INN,1037.27512079754,520.5,-516.77512079754,-49.82044883137677,137.0,3.7992700729927007,2021,6,June,2,Monday,False,24
2021-06-14,CITY MARKET,PIZZA INN,453.2448711557872,368.26,-84.98487115578718,-18.75032163939845,56.0,6.576071428571429,2021,6,June,2,Monday,False,24
2021-06-14,JUNCTION,CHICKEN INN,2032.1181805195145,1062.25,-969.8681805195145,-47.726957507538565,155.0,6.853225806451613,2021,6,June,2,Monday,False,24
2021-06-14,JUNCTION,PIZZA INN,4134.230370235719,3051.75,-1082.4803702357194,-26.183358770449946,221.0,13.808823529411764,2021,6,June,2,Monday,False,24
2021-06-14,JUNCTION,CREAMY INN,657.5014598749581,296.5,-361.0014598749581,-54.90504309201266,57.0,5.201754385964913,2021,6,June,2,Monday,False,24
2021-06-14,JUNCTION,GALITOS,1524.782617494766,984.75,-540.0326174947659,-35.417023469354945,100.0,9.8475,2021,6,June,2,Monday,False,24
2021-06-14,OASIS,CHICKEN INN,708.2544784575374,555.0,-153.2544784575374,-21.63833524798892,65.0,8.538461538461538,2021,6,June,2,Monday,False,24
2021-06-14,OASIS,PIZZA INN,1953.839210253003,2065.0,111.1607897469969,5.689351977566397,168.0,12.291666666666666,2021,6,June,2,Monday,False,24
2021-06-14,OASIS,CREAMY INN,124.3226993920416,99.0,-25.3226993920416,-20.36852442544584,45.0,2.2,2021,6,June,2,Monday,False,24
2021-06-15,LA PIAZZA,CHICKEN INN,817.1324394081745,869.0,51.86756059182551,6.347509668003353,155.0,5.606451612903226,2021,6,June,2,Tuesday,False,24
2021-06-15,LA PIAZZA,PIZZA INN,3007.213064235452,4292.75,1285.5369357645482,42.748448756536,331.0,12.969033232628398,2021,6,June,2,Tuesday,False,24
2021-06-15,LA PIAZZA,CREAMY INN,413.8991315713729,296.5,-117.39913157137288,-28.364188908941586,111.0,2.671171171171171,2021,6,June,2,Tuesday,False,24
2021-06-15,LA PIAZZA,GALITOS,585.2164859376787,648.5,63.28351406232128,10.81369298079899,75.0,8.646666666666667,2021,6,June,2,Tuesday,False,24
2021-06-15,CARREFOUR,CHICKEN INN,1703.695249167772,1160.75,-542.9452491677721,-31.868683641219995,154.0,7.537337662337662,2021,6,June,2,Tuesday,False,24
2021-06-15,CARREFOUR,PIZZA INN,5776.720385098881,6996.5,1219.7796149011192,21.11543459931963,426.0,16.423708920187792,2021,6,June,2,Tuesday,False,24
2021-06-15,CARREFOUR,CREAMY INN,501.1362733251236,760.0,258.86372667487643,51.65535612843828,173.0,4.393063583815029,2021,6,June,2,Tuesday,False,24
2021-06-15,CARREFOUR,GALITOS,821.0576862476754,902.75,81.6923137523246,9.94964362682816,103.0,8.764563106796116,2021,6,June,2,Tuesday,False,24
2021-06-15,CITY MARKET,CHICKEN INN,737.5547549153845,506.25,-231.30475491538448,-31.361028231988115,132.0,3.835227272727273,2021,6,June,2,Tuesday,False,24
2021-06-15,CITY MARKET,PIZZA INN,572.9114376852905,711.25,138.33856231470952,24.146587625066957,88.0,8.082386363636363,2021,6,June,2,Tuesday,False,24
2021-06-15,JUNCTION,CHICKEN INN,2095.2418167675064,1435.0,-660.2418167675064,-31.51148528460133,208.0,6.899038461538462,2021,6,June,2,Tuesday,False,24
2021-06-15,JUNCTION,PIZZA INN,3489.282673709665,6235.25,2745.9673262903348,78.69718744715321,398.0,15.66645728643216,2021,6,June,2,Tuesday,False,24
2021-06-15,JUNCTION,CREAMY INN,477.1186361745977,403.0,-74.11863617459773,-15.534634481868071,85.0,4.741176470588235,2021,6,June,2,Tuesday,False,24
2021-06-15,JUNCTION,GALITOS,1240.7661749225813,1103.25,-137.51617492258129,-11.083166006774944,115.0,9.593478260869563,2021,6,June,2,Tuesday,False,24
2021-06-15,OASIS,CHICKEN INN,853.9469730995089,522.75,-331.1969730995089,-38.78425517422791,75.0,6.97,2021,6,June,2,Tuesday,False,24
2021-06-15,OASIS,PIZZA INN,2174.568232309091,2951.75,777.181767690909,35.73958987093495,208.0,14.19110576923077,2021,6,June,2,Tuesday,False,24
2021-06-15,OASIS,CREAMY INN,158.3974792504103,129.5,-28.8974792504103,-18.243648438827947,48.0,2.6979166666666665,2021,6,June,2,Tuesday,False,24
2021-06-16,LA PIAZZA,CHICKEN INN,808.2052117124672,692.25,-115.9552117124672,-14.34724869773795,119.0,5.817226890756302,2021,6,June,2,Wednesday,False,24
2021-06-16,LA PIAZZA,PIZZA INN,1528.6999339759311,1430.0,-98.69993397593112,-6.456462238421547,138.0,10.36231884057971,2021,6,June,2,Wednesday,False,24
2021-06-16,LA PIAZZA,CREAMY INN,286.2262646709059,363.75,77.52373532909411,27.0847734460108,107.0,3.399532710280374,2021,6,June,2,Wednesday,False,24
2021-06-16,LA PIAZZA,GALITOS,417.9388825315298,563.5,145.56111746847017,34.82832623439597,72.0,7.826388888888889,2021,6,June,2,Wednesday,False,24
2021-06-16,CARREFOUR,CHICKEN INN,2087.302706052851,1226.0,-861.3027060528511,-41.26390980834778,160.0,7.6625,2021,6,June,2,Wednesday,False,24
2021-06-16,CARREFOUR,PIZZA INN,2463.224711242187,2517.5,54.27528875781309,2.203424174420629,204.0,12.340686274509803,2021,6,June,2,Wednesday,False,24
2021-06-16,CARREFOUR,CREAMY INN,486.3872561964546,703.33,216.94274380354543,44.60288402702744,163.0,4.314907975460123,2021,6,June,2,Wednesday,False,24
2021-06-16,CARREFOUR,GALITOS,1014.6954310552698,619.0,-395.69543105526975,-38.99647312334419,60.0,10.316666666666666,2021,6,June,2,Wednesday,False,24
2021-06-16,CITY MARKET,CHICKEN INN,960.5831053585003,484.0,-476.58310535850046,-49.613937898755175,123.0,3.934959349593496,2021,6,June,2,Wednesday,False,24
2021-06-16,CITY MARKET,PIZZA INN,492.2208987977368,435.89,-56.33089879773678,-11.444231428475826,71.0,6.139295774647887,2021,6,June,2,Wednesday,False,24
2021-06-16,JUNCTION,CHICKEN INN,2602.4612752322023,1548.75,-1053.7112752322023,-40.4890280312888,226.0,6.852876106194691,2021,6,June,2,Wednesday,False,24
2021-06-16,JUNCTION,PIZZA INN,4395.34279797906,4376.25,-19.09279797906038,-0.4343870058972209,277.0,15.798736462093864,2021,6,June,2,Wednesday,False,24
2021-06-16,JUNCTION,CREAMY INN,469.6235049959124,444.5,-25.123504995912413,-5.349711998791689,82.0,5.420731707317073,2021,6,June,2,Wednesday,False,24
2021-06-16,JUNCTION,GALITOS,1244.9064875064255,1289.75,44.84351249357451,3.602159113444499,134.0,9.625,2021,6,June,2,Wednesday,False,24
2021-06-16,OASIS,CHICKEN INN,631.9969136944395,472.25,-159.7469136944395,-25.27653382998554,67.0,7.048507462686567,2021,6,June,2,Wednesday,False,24
2021-06-16,OASIS,PIZZA INN,2069.232560995107,2088.25,19.01743900489282,0.9190575947513224,152.0,13.738486842105264,2021,6,June,2,Wednesday,False,24
2021-06-16,OASIS,CREAMY INN,138.77521319636642,71.0,-67.77521319636642,-48.83812579733871,31.0,2.290322580645161,2021,6,June,2,Wednesday,False,24
2021-06-17,LA PIAZZA,CHICKEN INN,960.938433375983,682.25,-278.688433375983,-29.00169497819862,113.0,6.037610619469026,2021,6,June,2,Thursday,False,24
2021-06-17,LA PIAZZA,PIZZA INN,1632.3204005827242,2555.0,922.6795994172758,56.5256428264872,247.0,10.34412955465587,2021,6,June,2,Thursday,False,24
2021-06-17,LA PIAZZA,CREAMY INN,344.1366367315173,339.5,-4.636636731517285,-1.3473243580091758,83.0,4.090361445783133,2021,6,June,2,Thursday,False,24
2021-06-17,LA PIAZZA,GALITOS,270.24219838530246,519.25,249.00780161469757,92.14245706352284,68.0,7.636029411764706,2021,6,June,2,Thursday,False,24
2021-06-17,CARREFOUR,CHICKEN INN,1968.429106039284,1240.0,-728.4291060392841,-37.005605322762726,154.0,8.051948051948052,2021,6,June,2,Thursday,False,24
2021-06-17,CARREFOUR,PIZZA INN,3100.6291619140443,4282.75,1182.1208380859557,38.12519254499376,287.0,14.92247386759582,2021,6,June,2,Thursday,False,24
2021-06-17,CARREFOUR,CREAMY INN,475.4296125068983,587.0,111.57038749310176,23.467277712215058,158.0,3.715189873417721,2021,6,June,2,Thursday,False,24
2021-06-17,CARREFOUR,GALITOS,1299.2235447020105,756.25,-542.9735447020103,-41.792157086142296,70.0,10.803571428571429,2021,6,June,2,Thursday,False,24
2021-06-17,CITY MARKET,CHICKEN INN,505.5309276710629,444.25,-61.28092767106284,-12.122092698339696,131.0,3.3912213740458017,2021,6,June,2,Thursday,False,24
2021-06-17,CITY MARKET,PIZZA INN,277.15520849061124,585.25,308.0947915093888,111.16326955833688,58.0,10.09051724137931,2021,6,June,2,Thursday,False,24
2021-06-17,JUNCTION,CHICKEN INN,1776.3412064426525,1369.25,-407.09120644265226,-22.91739925675112,198.0,6.915404040404041,2021,6,June,2,Thursday,False,24
2021-06-17,JUNCTION,PIZZA INN,4650.9345629644,6185.25,1534.3154370355996,32.98940065193396,398.0,15.540829145728644,2021,6,June,2,Thursday,False,24
2021-06-17,JUNCTION,CREAMY INN,381.323721490829,329.5,-51.82372149082897,-13.590479314588183,63.0,5.23015873015873,2021,6,June,2,Thursday,False,24
2021-06-17,JUNCTION,GALITOS,1305.9085930216525,1152.0,-153.90859302165245,-11.785556343230263,113.0,10.194690265486726,2021,6,June,2,Thursday,False,24
2021-06-17,OASIS,CHICKEN INN,581.7173434714632,521.75,-59.96734347146321,-10.308673816324848,62.0,8.415322580645162,2021,6,June,2,Thursday,False,24
2021-06-17,OASIS,PIZZA INN,2388.2279990368,2617.25,229.0220009632003,9.589620465699571,190.0,13.775,2021,6,June,2,Thursday,False,24
2021-06-17,OASIS,CREAMY INN,140.41212873836164,69.0,-71.41212873836164,-50.858946004179,35.0,1.9714285714285715,2021,6,June,2,Thursday,False,24
2021-06-18,LA PIAZZA,CHICKEN INN,909.073181165596,800.75,-108.32318116559588,-11.915782294523968,147.0,5.447278911564626,2021,6,June,2,Friday,False,24
2021-06-18,LA PIAZZA,PIZZA INN,1485.5902686152838,1576.5,90.90973138471622,6.119435035708267,148.0,10.652027027027026,2021,6,June,2,Friday,False,24
2021-06-18,LA PIAZZA,CREAMY INN,324.6081390720451,347.25,22.64186092795489,6.975136542380303,98.0,3.5433673469387754,2021,6,June,2,Friday,False,24
2021-06-18,LA PIAZZA,GALITOS,946.0921900830745,686.25,-259.84219008307434,-27.464785441285397,83.0,8.268072289156626,2021,6,June,2,Friday,False,24
2021-06-18,CARREFOUR,CHICKEN INN,1582.4263837538165,1302.0,-280.42638375381625,-17.721290963854607,165.0,7.890909090909091,2021,6,June,2,Friday,False,24
2021-06-18,CARREFOUR,PIZZA INN,3763.5030618264896,3087.0,-676.5030618264896,-17.97535569157134,220.0,14.03181818181818,2021,6,June,2,Friday,False,24
2021-06-18,CARREFOUR,CREAMY INN,653.0640748871376,621.75,-31.31407488713762,-4.794946788728091,152.0,4.090460526315789,2021,6,June,2,Friday,False,24
2021-06-18,CARREFOUR,GALITOS,1644.2985038755771,990.25,-654.0485038755771,-39.77674992308261,99.0,10.002525252525253,2021,6,June,2,Friday,False,24
2021-06-18,CITY MARKET,CHICKEN INN,649.9194817479362,482.25,-167.66948174793615,-25.798500653803277,143.0,3.3723776223776225,2021,6,June,2,Friday,False,24
2021-06-18,CITY MARKET,PIZZA INN,461.1244702040381,322.91,-138.2144702040381,-29.973354080055877,51.0,6.331568627450981,2021,6,June,2,Friday,False,24
2021-06-18,JUNCTION,CHICKEN INN,2429.712924033532,1274.0,-1155.7129240335316,-47.5658219784644,164.0,7.768292682926829,2021,6,June,2,Friday,False,24
2021-06-18,JUNCTION,PIZZA INN,4757.505735259077,3870.75,-886.7557352590766,-18.639089148902247,270.0,14.33611111111111,2021,6,June,2,Friday,False,24
2021-06-18,JUNCTION,CREAMY INN,880.9991334031845,411.75,-469.2491334031845,-53.26329114428711,100.0,4.1175,2021,6,June,2,Friday,False,24
2021-06-18,JUNCTION,GALITOS,1712.4917890949212,2388.25,675.7582109050788,39.46052268444614,199.0,12.001256281407036,2021,6,June,2,Friday,False,24
2021-06-18,OASIS,CHICKEN INN,956.1955278977456,545.25,-410.9455278977456,-42.97714389035415,68.0,8.018382352941176,2021,6,June,2,Friday,False,24
2021-06-18,OASIS,PIZZA INN,2198.7644223939697,2177.75,-21.014422393969653,-0.9557377852734936,140.0,15.555357142857142,2021,6,June,2,Friday,False,24
2021-06-18,OASIS,CREAMY INN,73.60939826503795,91.0,17.390601734962047,23.625518133357723,24.0,3.7916666666666665,2021,6,June,2,Friday,False,24
2021-06-19,LA PIAZZA,CHICKEN INN,1104.40480455102,1211.0,106.59519544898012,9.651822865105595,205.0,5.907317073170732,2021,6,June,2,Saturday,True,24
2021-06-19,LA PIAZZA,PIZZA INN,2095.7207663614754,1841.5,-254.2207663614754,-12.13046940422533,163.0,11.297546012269938,2021,6,June,2,Saturday,True,24
2021-06-19,LA PIAZZA,CREAMY INN,504.0402763375663,384.0,-120.0402763375663,-23.815611960575318,103.0,3.728155339805826,2021,6,June,2,Saturday,True,24
2021-06-19,LA PIAZZA,GALITOS,748.0293846265816,622.5,-125.52938462658165,-16.781344049638676,76.0,8.19078947368421,2021,6,June,2,Saturday,True,24
2021-06-19,CARREFOUR,CHICKEN INN,2340.0374238709883,1801.0,-539.0374238709883,-23.03541893698819,212.0,8.495283018867925,2021,6,June,2,Saturday,True,24
2021-06-19,CARREFOUR,PIZZA INN,4230.897011260721,4228.32,-2.57701126072152,-0.0609093356293639,295.0,14.33328813559322,2021,6,June,2,Saturday,True,24
2021-06-19,CARREFOUR,CREAMY INN,502.64420594295234,877.5,374.85579405704766,74.57676615486382,173.0,5.072254335260116,2021,6,June,2,Saturday,True,24
2021-06-19,CARREFOUR,GALITOS,1357.8075748594588,1062.75,-295.0575748594588,-21.730441067100323,106.0,10.025943396226417,2021,6,June,2,Saturday,True,24
2021-06-19,CITY MARKET,CHICKEN INN,1061.9271877998524,683.0,-378.9271877998524,-35.68297263251452,162.0,4.216049382716049,2021,6,June,2,Saturday,True,24
2021-06-19,CITY MARKET,PIZZA INN,509.2373881084952,597.28,88.0426118915048,17.28910994114732,81.0,7.373827160493827,2021,6,June,2,Saturday,True,24
2021-06-19,JUNCTION,CHICKEN INN,2672.233934498316,3300.0,627.7660655016844,23.492182229904245,320.0,10.3125,2021,6,June,2,Saturday,True,24
2021-06-19,JUNCTION,PIZZA INN,5394.62005895283,6994.75,1600.1299410471702,29.661587351116943,375.0,18.652666666666665,2021,6,June,2,Saturday,True,24
2021-06-19,JUNCTION,CREAMY INN,317.43665096774924,653.0,335.5633490322508,105.7103355927048,77.0,8.480519480519481,2021,6,June,2,Saturday,True,24
2021-06-19,JUNCTION,GALITOS,1361.555294216472,1240.75,-120.80529421647202,-8.872595533183343,126.0,9.84722222222222,2021,6,June,2,Saturday,True,24
2021-06-19,OASIS,CHICKEN INN,860.4447206082937,832.5,-27.944720608293665,-3.2477066729560584,117.0,7.115384615384615,2021,6,June,2,Saturday,True,24
2021-06-19,OASIS,PIZZA INN,2616.691765821629,3422.75,806.0582341783711,30.804477803111546,240.0,14.261458333333334,2021,6,June,2,Saturday,True,24
2021-06-19,OASIS,CREAMY INN,178.3098316030357,97.5,-80.80983160303569,-45.31989676426789,22.0,4.431818181818182,2021,6,June,2,Saturday,True,24
2021-06-20,LA PIAZZA,CHICKEN INN,1007.5152735274996,1548.25,540.7347264725003,53.67012696286842,215.0,7.2011627906976745,2021,6,June,2,Sunday,True,24
2021-06-20,LA PIAZZA,PIZZA INN,1879.5509704194703,3177.25,1297.6990295805297,69.04303474626786,257.0,12.36284046692607,2021,6,June,2,Sunday,True,24
2021-06-20,LA PIAZZA,CREAMY INN,346.1119905280579,494.5,148.3880094719421,42.87283120285683,97.0,5.097938144329897,2021,6,June,2,Sunday,True,24
2021-06-20,LA PIAZZA,GALITOS,816.2968458031379,1053.0,236.7031541968621,28.997190839807136,113.0,9.31858407079646,2021,6,June,2,Sunday,True,24
2021-06-20,CARREFOUR,CHICKEN INN,2163.540581939503,2904.25,740.7094180604968,34.23598448966872,257.0,11.300583657587548,2021,6,June,2,Sunday,True,24
2021-06-20,CARREFOUR,PIZZA INN,4869.804956161211,6929.72,2059.9150438387896,42.29974428919608,428.0,16.190934579439254,2021,6,June,2,Sunday,True,24
2021-06-20,CARREFOUR,CREAMY INN,880.9485965986453,1129.0,248.05140340135472,28.157307288879807,185.0,6.102702702702703,2021,6,June,2,Sunday,True,24
2021-06-20,CARREFOUR,GALITOS,1170.2585634425875,1276.0,105.7414365574125,9.035732773990516,117.0,10.905982905982906,2021,6,June,2,Sunday,True,24
2021-06-20,CITY MARKET,CHICKEN INN,649.9194817479362,490.5,-159.41948174793615,-24.52911264010473,118.0,4.156779661016949,2021,6,June,2,Sunday,True,24
2021-06-20,CITY MARKET,PIZZA INN,451.2211489958538,365.0,-86.22114899585381,-19.10840154273134,49.0,7.448979591836735,2021,6,June,2,Sunday,True,24
2021-06-20,JUNCTION,CHICKEN INN,1890.3845759306903,3758.25,1867.8654240693097,98.80875287768926,402.0,9.348880597014926,2021,6,June,2,Sunday,True,24
2021-06-20,JUNCTION,PIZZA INN,5815.533292475096,9876.25,4060.716707524905,69.82535398394496,521.0,18.9563339731286,2021,6,June,2,Sunday,True,24
2021-06-20,JUNCTION,CREAMY INN,779.5650247849763,560.5,-219.06502478497637,-28.100930367598263,114.0,4.916666666666667,2021,6,June,2,Sunday,True,24
2021-06-20,JUNCTION,GALITOS,2481.914878725192,1992.6,-489.3148787251917,-19.715215977774506,171.0,11.652631578947368,2021,6,June,2,Sunday,True,24
2021-06-20,OASIS,CHICKEN INN,1259.8742554683097,1584.0,324.1257445316903,25.726832906130703,181.0,8.751381215469614,2021,6,June,2,Sunday,True,24
2021-06-20,OASIS,PIZZA INN,3902.392174514447,4687.25,784.8578254855529,20.112223230952136,323.0,14.511609907120745,2021,6,June,2,Sunday,True,24
2021-06-20,OASIS,CREAMY INN,318.711600116448,250.5,-68.21160011644798,-21.40229602296416,55.0,4.554545454545455,2021,6,June,2,Sunday,True,24
2021-06-21,LA PIAZZA,CHICKEN INN,1099.9411907031665,894.25,-205.69119070316628,-18.70019892351452,168.0,5.322916666666667,2021,6,June,2,Monday,False,25
2021-06-21,LA PIAZZA,PIZZA INN,1627.3613305162305,1253.46,-373.9013305162303,-22.975925721279214,127.0,9.86976377952756,2021,6,June,2,Monday,False,25
2021-06-21,LA PIAZZA,CREAMY INN,371.1164689652822,333.5,-37.6164689652822,-10.13602793488564,93.0,3.586021505376344,2021,6,June,2,Monday,False,25
2021-06-21,LA PIAZZA,GALITOS,415.1324967092609,555.5,140.36750329073908,33.81269941607241,77.0,7.214285714285714,2021,6,June,2,Monday,False,25
2021-06-21,CARREFOUR,CHICKEN INN,1601.6569431112214,1211.5,-390.1569431112214,-24.359582418026477,142.0,8.53169014084507,2021,6,June,2,Monday,False,25
2021-06-21,CARREFOUR,PIZZA INN,2922.6000247903817,2694.5,-228.10002479038167,-7.804695232175732,187.0,14.409090909090908,2021,6,June,2,Monday,False,25
2021-06-21,CARREFOUR,CREAMY INN,712.3904524514329,550.5,-161.8904524514329,-22.72496099496361,152.0,3.621710526315789,2021,6,June,2,Monday,False,25
2021-06-21,CARREFOUR,GALITOS,822.5598408670971,642.5,-180.05984086709714,-21.89018134866492,79.0,8.132911392405063,2021,6,June,2,Monday,False,25
2021-06-21,CITY MARKET,CHICKEN INN,865.5135538429482,634.0,-231.51355384294823,-26.748691896852435,167.0,3.7964071856287434,2021,6,June,2,Monday,False,25
2021-06-21,CITY MARKET,PIZZA INN,295.51510485221905,384.0,88.48489514778095,29.942596400285662,58.0,6.620689655172414,2021,6,June,2,Monday,False,25
2021-06-21,JUNCTION,CHICKEN INN,1583.645786189616,1609.75,26.104213810383957,1.6483619025181682,185.0,8.70135135135135,2021,6,June,2,Monday,False,25
2021-06-21,JUNCTION,PIZZA INN,3450.4142237513,3177.75,-272.6642237512997,-7.902362037415276,223.0,14.25,2021,6,June,2,Monday,False,25
2021-06-21,JUNCTION,CREAMY INN,531.5832560730445,372.5,-159.08325607304448,-29.92631055542219,69.0,5.398550724637682,2021,6,June,2,Monday,False,25
2021-06-21,JUNCTION,GALITOS,1136.1557770840386,1031.25,-104.90577708403862,-9.23339732103294,107.0,9.63785046728972,2021,6,June,2,Monday,False,25
2021-06-21,OASIS,CHICKEN INN,647.0327014297675,593.5,-53.532701429767485,-8.273569683800321,72.0,8.243055555555555,2021,6,June,2,Monday,False,25
2021-06-21,OASIS,PIZZA INN,1935.6700939827283,1664.5,-271.1700939827283,-14.009106966403746,135.0,12.329629629629627,2021,6,June,2,Monday,False,25
2021-06-21,OASIS,CREAMY INN,98.97122894101445,144.0,45.02877105898556,45.4968292712846,34.0,4.235294117647059,2021,6,June,2,Monday,False,25
2021-06-22,LA PIAZZA,CHICKEN INN,1187.3940598418217,953.0,-234.39405984182167,-19.74020822312741,169.0,5.6390532544378695,2021,6,June,2,Tuesday,False,25
2021-06-22,LA PIAZZA,PIZZA INN,3313.6100326916207,4720.96,1407.3499673083793,42.471804268566856,358.0,13.187039106145251,2021,6,June,2,Tuesday,False,25
2021-06-22,LA PIAZZA,CREAMY INN,467.1836751210978,396.5,-70.68367512109779,-15.129739947093828,103.0,3.849514563106796,2021,6,June,2,Tuesday,False,25
2021-06-22,LA PIAZZA,GALITOS,627.7374832447832,539.25,-88.48748324478322,-14.09625609536494,75.0,7.19,2021,6,June,2,Tuesday,False,25
2021-06-22,CARREFOUR,CHICKEN INN,1549.4173453313194,1250.75,-298.66734533131944,-19.27610699797955,180.0,6.948611111111111,2021,6,June,2,Tuesday,False,25
2021-06-22,CARREFOUR,PIZZA INN,6053.247669764977,6707.5,654.2523302350228,10.808286161871594,430.0,15.598837209302326,2021,6,June,2,Tuesday,False,25
2021-06-22,CARREFOUR,CREAMY INN,472.787140109941,599.5,126.712859890059,26.80124925999329,157.0,3.8184713375796178,2021,6,June,2,Tuesday,False,25
2021-06-22,CARREFOUR,GALITOS,833.4354403117107,697.75,-135.68544031171075,-16.280258043858016,94.0,7.422872340425532,2021,6,June,2,Tuesday,False,25
2021-06-22,CITY MARKET,CHICKEN INN,856.116626010945,428.0,-428.11662601094497,-50.00681133898125,113.0,3.787610619469026,2021,6,June,2,Tuesday,False,25
2021-06-22,CITY MARKET,PIZZA INN,744.22167141956,659.13,-85.09167141956004,-11.43364600727799,65.0,10.14046153846154,2021,6,June,2,Tuesday,False,25
2021-06-22,JUNCTION,CHICKEN INN,2090.823162230147,1852.5,-238.3231622301469,-11.39853271837408,232.0,7.984913793103448,2021,6,June,2,Tuesday,False,25
2021-06-22,JUNCTION,PIZZA INN,4032.321919865032,6834.5,2802.178080134968,69.4929158887384,438.0,15.603881278538813,2021,6,June,2,Tuesday,False,25
2021-06-22,JUNCTION,CREAMY INN,462.12837381722704,393.25,-68.87837381722704,-14.90459744946728,75.0,5.243333333333333,2021,6,June,2,Tuesday,False,25
2021-06-22,JUNCTION,GALITOS,1317.1594424342725,1030.0,-287.1594424342725,-21.80141850583909,124.0,8.306451612903226,2021,6,June,2,Tuesday,False,25
2021-06-22,OASIS,CHICKEN INN,729.4631263262108,607.5,-121.96312632621084,-16.71957387900506,82.0,7.408536585365853,2021,6,June,2,Tuesday,False,25
2021-06-22,OASIS,PIZZA INN,2351.952548515152,3032.0,680.0474514848479,28.91416546282701,215.0,14.102325581395348,2021,6,June,2,Tuesday,False,25
2021-06-22,OASIS,CREAMY INN,130.32126963770762,123.0,-7.321269637707616,-5.617862424192692,25.0,4.92,2021,6,June,2,Tuesday,False,25
2021-06-23,LA PIAZZA,CHICKEN INN,804.3723259083318,814.0,9.627674091668156,1.1969176190635562,135.0,6.029629629629629,2021,6,June,2,Wednesday,False,25
2021-06-23,LA PIAZZA,PIZZA INN,1574.460355459078,1570.25,-4.210355459078073,-0.2674157811900209,146.0,10.75513698630137,2021,6,June,2,Wednesday,False,25
2021-06-23,LA PIAZZA,CREAMY INN,468.5089124782706,307.75,-160.75891247827064,-34.31288246533125,102.0,3.017156862745098,2021,6,June,2,Wednesday,False,25
2021-06-23,LA PIAZZA,GALITOS,471.0901291654104,531.5,60.40987083458958,12.823421059917456,72.0,7.381944444444445,2021,6,June,2,Wednesday,False,25
2021-06-23,CARREFOUR,CHICKEN INN,1623.2599558175823,1068.5,-554.7599558175825,-34.1756693885896,166.0,6.436746987951807,2021,6,June,2,Wednesday,False,25
2021-06-23,CARREFOUR,PIZZA INN,3162.272425287959,2425.0,-737.2724252879589,-23.314639794856458,174.0,13.936781609195402,2021,6,June,2,Wednesday,False,25
2021-06-23,CARREFOUR,CREAMY INN,490.5520224742676,591.75,101.19797752573236,20.629407868976998,158.0,3.745253164556962,2021,6,June,2,Wednesday,False,25
2021-06-23,CARREFOUR,GALITOS,678.6734570547516,505.25,-173.42345705475157,-25.553298902738835,63.0,8.01984126984127,2021,6,June,2,Wednesday,False,25
2021-06-23,CITY MARKET,CHICKEN INN,653.4284611282412,499.0,-154.42846112824122,-23.633568219786078,145.0,3.441379310344828,2021,6,June,2,Wednesday,False,25
2021-06-23,CITY MARKET,PIZZA INN,369.8416834155569,420.01,50.16831658444312,13.564808628689274,47.0,8.936382978723405,2021,6,June,2,Wednesday,False,25
2021-06-23,JUNCTION,CHICKEN INN,2995.595281784694,1294.75,-1700.8452817846946,-56.77820672662354,163.0,7.943251533742331,2021,6,June,2,Wednesday,False,25
2021-06-23,JUNCTION,PIZZA INN,4407.689685633783,3314.5,-1093.1896856337826,-24.801874986727714,233.0,14.225321888412015,2021,6,June,2,Wednesday,False,25
2021-06-23,JUNCTION,CREAMY INN,497.8194746681096,284.5,-213.3194746681096,-42.85076930956291,65.0,4.376923076923077,2021,6,June,2,Wednesday,False,25
2021-06-23,JUNCTION,GALITOS,1600.5908408370008,1331.0,-269.5908408370008,-16.843207767952926,125.0,10.648,2021,6,June,2,Wednesday,False,25
2021-06-23,OASIS,CHICKEN INN,653.1925660680954,551.0,-102.1925660680954,-15.645090188831364,64.0,8.609375,2021,6,June,2,Wednesday,False,25
2021-06-23,OASIS,PIZZA INN,1618.055860356883,1761.5,143.44413964311707,8.865215544009626,131.0,13.446564885496183,2021,6,June,2,Wednesday,False,25
2021-06-23,OASIS,CREAMY INN,141.49995235804204,63.0,-78.49995235804204,-55.47701681157531,17.0,3.7058823529411766,2021,6,June,2,Wednesday,False,25
2021-06-24,LA PIAZZA,CHICKEN INN,1081.431748497121,939.5,-141.93174849712068,-13.12442959940514,170.0,5.526470588235294,2021,6,June,2,Thursday,False,25
2021-06-24,LA PIAZZA,PIZZA INN,1640.1077893827942,2499.25,859.1422106172058,52.383277256461206,217.0,11.517281105990785,2021,6,June,2,Thursday,False,25
2021-06-24,LA PIAZZA,CREAMY INN,307.95515643285376,342.25,34.294843567146245,11.136310872139548,105.0,3.259523809523809,2021,6,June,2,Thursday,False,25
2021-06-24,LA PIAZZA,GALITOS,636.6881531779288,435.71,-200.97815317792885,-31.566183880566644,75.0,5.809466666666666,2021,6,June,2,Thursday,False,25
2021-06-24,CARREFOUR,CHICKEN INN,1741.5176304424783,1168.5,-573.0176304424783,-32.9033493790636,171.0,6.833333333333333,2021,6,June,2,Thursday,False,25
2021-06-24,CARREFOUR,PIZZA INN,3129.0156469657386,3580.25,451.2343530342614,14.420968251527642,239.0,14.980125523012552,2021,6,June,2,Thursday,False,25
2021-06-24,CARREFOUR,CREAMY INN,445.1991538351864,634.75,189.5508461648136,42.57664115754041,146.0,4.347602739726027,2021,6,June,2,Thursday,False,25
2021-06-24,CARREFOUR,GALITOS,751.2976257217289,820.25,68.95237427827112,9.177770821787504,89.0,9.21629213483146,2021,6,June,2,Thursday,False,25
2021-06-24,CITY MARKET,CHICKEN INN,550.9246312645851,555.5,4.575368735414941,0.8304890498202451,139.0,3.9964028776978417,2021,6,June,2,Thursday,False,25
2021-06-24,CITY MARKET,PIZZA INN,484.28963024753006,546.25,61.96036975246994,12.794073191449664,60.0,9.104166666666666,2021,6,June,2,Thursday,False,25
2021-06-24,JUNCTION,CHICKEN INN,2265.80188190958,1822.25,-443.5518819095796,-19.57593404131881,226.0,8.063053097345133,2021,6,June,2,Thursday,False,25
2021-06-24,JUNCTION,PIZZA INN,5019.625310937999,6955.5,1935.8746890620012,38.566119364400365,435.0,15.989655172413793,2021,6,June,2,Thursday,False,25
2021-06-24,JUNCTION,CREAMY INN,473.40676168610594,235.0,-238.40676168610597,-50.35981337422941,58.0,4.051724137931035,2021,6,June,2,Thursday,False,25
2021-06-24,JUNCTION,GALITOS,1476.223951429897,1322.0,-154.22395142989694,-10.447192059207064,109.0,12.128440366972477,2021,6,June,2,Thursday,False,25
2021-06-24,OASIS,CHICKEN INN,678.5077903623207,616.25,-62.25779036232075,-9.175692784466824,82.0,7.515243902439025,2021,6,June,2,Thursday,False,25
2021-06-24,OASIS,PIZZA INN,1921.456244903288,3099.0,1177.5437550967124,61.28392245309659,211.0,14.687203791469194,2021,6,June,2,Thursday,False,25
2021-06-24,OASIS,CREAMY INN,118.05476329769284,68.5,-49.55476329769285,-41.97608119609122,37.0,1.8513513513513515,2021,6,June,2,Thursday,False,25
2021-06-25,LA PIAZZA,CHICKEN INN,1130.580018365336,946.0,-184.58001836533597,-16.3261348482183,186.0,5.086021505376344,2021,6,June,2,Friday,False,25
2021-06-25,LA PIAZZA,PIZZA INN,1431.509770498838,1534.5,102.99022950116203,7.194518097160668,146.0,10.51027397260274,2021,6,June,2,Friday,False,25
2021-06-25,LA PIAZZA,CREAMY INN,386.36920081198906,404.5,18.13079918801094,4.692609853452982,98.0,4.127551020408164,2021,6,June,2,Friday,False,25
2021-06-25,LA PIAZZA,GALITOS,795.5891201145781,612.75,-182.8391201145781,-22.981601368335237,88.0,6.963068181818182,2021,6,June,2,Friday,False,25
2021-06-25,CARREFOUR,CHICKEN INN,1728.3094526631933,1209.75,-518.5594526631933,-30.00385445234548,168.0,7.200892857142857,2021,6,June,2,Friday,False,25
2021-06-25,CARREFOUR,PIZZA INN,3988.050567391588,3596.25,-391.8005673915882,-9.824363075913752,211.0,17.04383886255924,2021,6,June,2,Friday,False,25
2021-06-25,CARREFOUR,CREAMY INN,597.500348235901,546.75,-50.750348235901015,-8.493777181174815,145.0,3.7706896551724136,2021,6,June,2,Friday,False,25
2021-06-25,CARREFOUR,GALITOS,1630.8391984855582,1326.0,-304.8391984855582,-18.692167736012244,143.0,9.272727272727272,2021,6,June,2,Friday,False,25
2021-06-25,CITY MARKET,CHICKEN INN,761.0322059386964,499.25,-261.7822059386964,-34.398308494159025,147.0,3.3962585034013606,2021,6,June,2,Friday,False,25
2021-06-25,CITY MARKET,PIZZA INN,391.827056497726,478.39,86.56294350227398,22.09213020560676,55.0,8.698,2021,6,June,2,Friday,False,25
2021-06-25,JUNCTION,CHICKEN INN,2675.5584460073765,2128.5,-547.0584460073765,-20.446514514520462,223.0,9.544843049327357,2021,6,June,2,Friday,False,25
2021-06-25,JUNCTION,PIZZA INN,5796.509387025224,5192.75,-603.759387025224,-10.415913211089856,348.0,14.92169540229885,2021,6,June,2,Friday,False,25
2021-06-25,JUNCTION,CREAMY INN,402.0245599843409,400.0,-2.024559984340897,-0.5035911200101195,78.0,5.128205128205129,2021,6,June,2,Friday,False,25
2021-06-25,JUNCTION,GALITOS,1992.795451360941,2713.0,720.2045486390591,36.14041512124134,224.0,12.111607142857142,2021,6,June,2,Friday,False,25
2021-06-25,OASIS,CHICKEN INN,753.4008281485737,615.75,-137.65082814857374,-18.270596872960752,77.0,7.996753246753247,2021,6,June,2,Friday,False,25
2021-06-25,OASIS,PIZZA INN,2764.781992007959,2432.25,-332.5319920079592,-12.027421799230304,171.0,14.223684210526317,2021,6,June,2,Friday,False,25
2021-06-25,OASIS,CREAMY INN,94.06048231502882,109.5,15.43951768497118,16.41445727788308,43.0,2.546511627906977,2021,6,June,2,Friday,False,25
2021-06-30,LA PIAZZA,CHICKEN INN,629.4423288601088,1452.75,823.3076711398912,130.7995400676125,204.0,7.1213235294117645,2021,6,June,2,Wednesday,False,26
2021-06-30,LA PIAZZA,PIZZA INN,2159.782819829151,2116.25,-43.53281982915087,-2.0156109878026776,175.0,12.092857142857143,2021,6,June,2,Wednesday,False,26
2021-06-30,LA PIAZZA,CREAMY INN,486.56214590994654,581.25,94.68785409005346,19.46058789940852,113.0,5.143805309734513,2021,6,June,2,Wednesday,False,26
2021-06-30,LA PIAZZA,GALITOS,720.624601862153,1466.5,745.875398137847,103.50401529595908,86.0,17.052325581395348,2021,6,June,2,Wednesday,False,26
2021-06-30,CARREFOUR,CHICKEN INN,2398.2765911775778,2093.25,-305.02659117757776,-12.718574342078146,233.0,8.983905579399142,2021,6,June,2,Wednesday,False,26
2021-06-30,CARREFOUR,PIZZA INN,6873.320244026618,5838.25,-1035.0702440266175,-15.059246583573117,354.0,16.49223163841808,2021,6,June,2,Wednesday,False,26
2021-06-30,CARREFOUR,CREAMY INN,921.7633061212132,1115.0,193.23669387878687,20.963808452294373,214.0,5.210280373831775,2021,6,June,2,Wednesday,False,26
2021-06-30,CARREFOUR,GALITOS,1290.891593746284,1293.0,2.1084062537158843,0.1633294587965437,129.0,10.023255813953488,2021,6,June,2,Wednesday,False,26
2021-06-30,CITY MARKET,CHICKEN INN,567.3543864138945,437.0,-130.35438641389453,-22.975831250346378,116.0,3.7672413793103448,2021,6,June,2,Wednesday,False,26
2021-06-30,CITY MARKET,PIZZA INN,607.6591777505283,264.5,-343.1591777505284,-56.47231051802047,37.0,7.148648648648648,2021,6,June,2,Wednesday,False,26
2021-06-30,JUNCTION,CHICKEN INN,4936.941673379598,3008.75,-1928.191673379598,-39.05639970949158,326.0,9.229294478527608,2021,6,June,2,Wednesday,False,26
2021-06-30,JUNCTION,PIZZA INN,15878.17212752182,8056.75,-7821.422127521819,-49.25895792479071,470.0,17.142021276595745,2021,6,June,2,Wednesday,False,26
2021-06-30,JUNCTION,CREAMY INN,2522.789772543781,679.5,-1843.289772543781,-73.06553215828023,144.0,4.71875,2021,6,June,2,Wednesday,False,26
2021-06-30,JUNCTION,GALITOS,1912.2618712654053,1404.25,-508.0118712654055,-26.56602000484576,140.0,10.030357142857143,2021,6,June,2,Wednesday,False,26
2021-06-30,OASIS,CHICKEN INN,1010.5686790512564,923.25,-87.31867905125637,-8.640548718888954,123.0,7.5060975609756095,2021,6,June,2,Wednesday,False,26
2021-06-30,OASIS,PIZZA INN,2453.320396234521,4533.5,2080.1796037654785,84.79037662419641,301.0,15.061461794019934,2021,6,June,2,Wednesday,False,26
2021-06-30,OASIS,CREAMY INN,140.41212873836164,305.0,164.58787126163836,117.21770244529574,111.0,2.747747747747748,2021,6,June,2,Wednesday,False,26
2021-07-31,LA PIAZZA,CHICKEN INN,1330.024801848465,1478.25,148.22519815153532,11.144543917191044,203.0,7.282019704433497,2021,7,July,3,Saturday,True,30
2021-07-31,LA PIAZZA,PIZZA INN,2576.5421762072124,2602.5,25.95782379278762,1.007467451241133,215.0,12.104651162790695,2021,7,July,3,Saturday,True,30
2021-07-31,LA PIAZZA,CREAMY INN,627.5761486966813,563.25,-64.32614869668134,-10.249935219856692,129.0,4.366279069767442,2021,7,July,3,Saturday,True,30
2021-07-31,LA PIAZZA,GALITOS,1293.236533403233,1000.0,-293.23653340323267,-22.67462492971509,122.0,8.19672131147541,2021,7,July,3,Saturday,True,30
2021-07-31,CARREFOUR,CHICKEN INN,1940.9572601277691,2401.75,460.7927398722306,23.74048874429608,257.0,9.34533073929961,2021,7,July,3,Saturday,True,30
2021-07-31,CARREFOUR,PIZZA INN,4905.103485416069,5476.0,570.8965145839311,11.638827117130752,352.0,15.556818181818182,2021,7,July,3,Saturday,True,30
2021-07-31,CARREFOUR,CREAMY INN,878.6290166355152,1018.5,139.8709833644848,15.919231065243544,197.0,5.17005076142132,2021,7,July,3,Saturday,True,30
2021-07-31,CARREFOUR,GALITOS,1136.1951455795602,1538.25,402.0548544204398,35.38607394906235,151.0,10.187086092715232,2021,7,July,3,Saturday,True,30
2021-07-31,CITY MARKET,CHICKEN INN,719.5007007895657,612.0,-107.50070078956573,-14.941014049270082,127.0,4.818897637795276,2021,7,July,3,Saturday,True,30
2021-07-31,CITY MARKET,PIZZA INN,757.7768187345224,521.75,-236.0268187345224,-31.14727356382901,72.0,7.246527777777778,2021,7,July,3,Saturday,True,30
2021-07-31,JUNCTION,CHICKEN INN,2305.2435521842854,5251.0,2945.756447815714,127.78504228000224,490.0,10.716326530612244,2021,7,July,3,Saturday,True,30
2021-07-31,JUNCTION,PIZZA INN,6266.442813522409,11184.0,4917.557186477591,78.47446043656464,617.0,18.12641815235008,2021,7,July,3,Saturday,True,30
2021-07-31,JUNCTION,CREAMY INN,564.7477327824162,1066.0,501.25226721758384,88.75684453800267,240.0,4.441666666666666,2021,7,July,3,Saturday,True,30
2021-07-31,JUNCTION,GALITOS,1328.4265687510217,2327.5,999.0734312489784,75.20727564100899,239.0,9.738493723849372,2021,7,July,3,Saturday,True,30
2021-07-31,OASIS,CHICKEN INN,736.9207800689522,1683.25,946.3292199310478,128.4166827053651,172.0,9.786337209302326,2021,7,July,3,Saturday,True,30
2021-07-31,OASIS,PIZZA INN,2683.8320444108463,4706.5,2022.6679555891535,75.36492306966134,300.0,15.688333333333333,2021,7,July,3,Saturday,True,30
2021-07-31,OASIS,CREAMY INN,95.7659055789595,392.5,296.7340944210405,309.8535878996953,147.0,2.6700680272108843,2021,7,July,3,Saturday,True,30
2021-09-06,LA PIAZZA,CHICKEN INN,1139.6217658561238,967.25,-172.37176585612383,-15.125348692040127,184.0,5.256793478260869,2021,9,September,3,Monday,False,36
2021-09-06,LA PIAZZA,PIZZA INN,1729.024747437677,1540.25,-188.77474743767695,-10.917989908324396,155.0,9.937096774193549,2021,9,September,3,Monday,False,36
2021-09-06,LA PIAZZA,CREAMY INN,601.387318849481,395.25,-206.13731884948092,-34.27696467624956,114.0,3.4671052631578947,2021,9,September,3,Monday,False,36
2021-09-06,LA PIAZZA,GALITOS,691.7918691715103,574.0,-117.79186917151026,-17.02706759369372,54.0,10.62962962962963,2021,9,September,3,Monday,False,36
2021-09-06,CARREFOUR,CHICKEN INN,1274.8957788745297,1321.5,46.6042211254703,3.655531840148708,183.0,7.221311475409836,2021,9,September,3,Monday,False,36
2021-09-06,CARREFOUR,PIZZA INN,2710.2670819085297,3098.5,388.2329180914703,14.324526194594906,217.0,14.278801843317972,2021,9,September,3,Monday,False,36
2021-09-06,CARREFOUR,CREAMY INN,545.3060508150776,726.5,181.1939491849224,33.227936663106696,177.0,4.104519774011299,2021,9,September,3,Monday,False,36
2021-09-06,CARREFOUR,GALITOS,662.7467785510427,748.0,85.25322144895733,12.86361913902406,96.0,7.791666666666667,2021,9,September,3,Monday,False,36
2021-09-06,CITY MARKET,CHICKEN INN,881.871594238276,580.0,-301.871594238276,-34.23078781656644,164.0,3.5365853658536586,2021,9,September,3,Monday,False,36
2021-09-06,CITY MARKET,PIZZA INN,526.7627433564454,238.5,-288.2627433564454,-54.72344940716245,48.0,4.96875,2021,9,September,3,Monday,False,36
2021-09-06,JUNCTION,CHICKEN INN,2107.5086744488467,1760.75,-346.7586744488467,-16.453487411601316,212.0,8.305424528301886,2021,9,September,3,Monday,False,36
2021-09-06,JUNCTION,PIZZA INN,4480.238733764445,3743.5,-736.738733764445,-16.444184730875104,282.0,13.27482269503546,2021,9,September,3,Monday,False,36
2021-09-06,JUNCTION,CREAMY INN,394.2326484653352,314.0,-80.23264846533516,-20.35159918329037,89.0,3.5280898876404496,2021,9,September,3,Monday,False,36
2021-09-06,JUNCTION,GALITOS,1450.3802470964936,1125.0,-325.3802470964936,-22.434133927835138,143.0,7.8671328671328675,2021,9,September,3,Monday,False,36
2021-09-06,Bon Marche,CHICKEN INN,1442.371621566737,789.25,-653.1216215667371,-45.28109204320738,98.0,8.053571428571429,2021,9,September,3,Monday,False,36
2021-09-06,Bon Marche,PIZZA INN,3221.414348719818,1419.0,-1802.414348719818,-55.95102503458126,100.0,14.19,2021,9,September,3,Monday,False,36
2021-09-06,Bon Marche,CREAMY INN,261.9409485223683,283.0,21.059051477631726,8.039617935426923,64.0,4.421875,2021,9,September,3,Monday,False,36
2021-09-06,Bon Marche,GALITOS,736.444241082163,453.25,-283.194241082163,-38.45426785686112,46.0,9.853260869565217,2021,9,September,3,Monday,False,36
2021-09-06,OASIS,CHICKEN INN,490.3303301925375,668.25,177.91966980746253,36.28567495255678,87.0,7.681034482758621,2021,9,September,3,Monday,False,36
2021-09-06,OASIS,PIZZA INN,2069.651145755716,2080.25,10.598854244283755,0.5121082490650216,175.0,11.887142857142855,2021,9,September,3,Monday,False,36
2021-09-06,OASIS,CREAMY INN,203.41974725309552,125.0,-78.41974725309552,-38.55070528404767,43.0,2.9069767441860463,2021,9,September,3,Monday,False,36
2021-09-07,LA PIAZZA,CHICKEN INN,1051.11277730478,1144.5,93.38722269521986,8.884605411674237,227.0,5.041850220264317,2021,9,September,3,Tuesday,False,36
2021-09-07,LA PIAZZA,PIZZA INN,5294.273002202091,4420.0,-874.2730022020914,-16.513561009008182,335.0,13.194029850746269,2021,9,September,3,Tuesday,False,36
2021-09-07,LA PIAZZA,CREAMY INN,405.7337704585175,496.75,91.01622954148252,22.432500365603183,136.0,3.652573529411765,2021,9,September,3,Tuesday,False,36
2021-09-07,LA PIAZZA,GALITOS,598.2201856997503,858.0,259.77981430024965,43.42545111485664,128.0,6.703125,2021,9,September,3,Tuesday,False,36
2021-09-07,CARREFOUR,CHICKEN INN,1345.3566194654506,1351.5,6.143380534549351,0.4566358425463647,208.0,6.497596153846154,2021,9,September,3,Tuesday,False,36
2021-09-07,CARREFOUR,PIZZA INN,7641.518656517054,7959.0,317.4813434829457,4.154689110288076,469.0,16.970149253731343,2021,9,September,3,Tuesday,False,36
2021-09-07,CARREFOUR,CREAMY INN,652.6553375984563,765.0,112.3446624015437,17.213474851049686,184.0,4.157608695652174,2021,9,September,3,Tuesday,False,36
2021-09-07,CARREFOUR,GALITOS,820.3863308561522,860.0,39.6136691438478,4.828660309650347,126.0,6.825396825396825,2021,9,September,3,Tuesday,False,36
2021-09-07,CITY MARKET,CHICKEN INN,885.175783491967,672.25,-212.92578349196697,-24.0546327026692,188.0,3.5757978723404253,2021,9,September,3,Tuesday,False,36
2021-09-07,CITY MARKET,PIZZA INN,871.3766101560719,713.5,-157.87661015607193,-18.118068389257623,70.0,10.192857142857145,2021,9,September,3,Tuesday,False,36
2021-09-07,JUNCTION,CHICKEN INN,2141.657630728762,2276.0,134.3423692712381,6.27282191811042,284.0,8.014084507042254,2021,9,September,3,Tuesday,False,36
2021-09-07,JUNCTION,PIZZA INN,4057.3019784730855,7440.0,3382.6980215269145,83.3730897890906,483.0,15.403726708074537,2021,9,September,3,Tuesday,False,36
2021-09-07,JUNCTION,CREAMY INN,250.3169508331575,630.5,380.18304916684247,151.88066485367344,136.0,4.636029411764706,2021,9,September,3,Tuesday,False,36
2021-09-07,JUNCTION,GALITOS,1723.0922079530226,1023.25,-699.8422079530226,-40.61548213861476,122.0,8.387295081967213,2021,9,September,3,Tuesday,False,36
2021-09-07,Bon Marche,CHICKEN INN,1465.7430106228817,615.75,-849.9930106228815,-57.9905893777156,115.0,5.354347826086957,2021,9,September,3,Tuesday,False,36
2021-09-07,Bon Marche,PIZZA INN,2917.310818864325,1949.5,-967.810818864325,-33.17475850040149,138.0,14.126811594202898,2021,9,September,3,Tuesday,False,36
2021-09-07,Bon Marche,CREAMY INN,166.31807039470806,367.0,200.68192960529197,120.66153072184588,115.0,3.1913043478260867,2021,9,September,3,Tuesday,False,36
2021-09-07,Bon Marche,GALITOS,874.9332538845551,428.25,-446.6832538845552,-51.0534091487959,55.0,7.786363636363636,2021,9,September,3,Tuesday,False,36
2021-09-07,OASIS,CHICKEN INN,552.8173857437424,930.0,377.1826142562576,68.22915197372247,128.0,7.265625,2021,9,September,3,Tuesday,False,36
2021-09-07,OASIS,PIZZA INN,2783.132612127489,3229.2,446.0673878725106,16.027529048697634,241.0,13.399170124481326,2021,9,September,3,Tuesday,False,36
2021-09-07,OASIS,CREAMY INN,125.1476639069367,176.0,50.8523360930633,40.63386762926595,45.0,3.911111111111111,2021,9,September,3,Tuesday,False,36
2021-09-08,LA PIAZZA,CHICKEN INN,950.4109842689242,1514.75,564.3390157310758,59.37841892317534,231.0,6.557359307359308,2021,9,September,3,Wednesday,False,36
2021-09-08,LA PIAZZA,PIZZA INN,1360.05313823481,3293.25,1933.1968617651896,142.14127429419804,234.0,14.073717948717947,2021,9,September,3,Wednesday,False,36
2021-09-08,LA PIAZZA,CREAMY INN,308.60213839471385,522.25,213.64786160528612,69.23084289585266,142.0,3.6778169014084505,2021,9,September,3,Wednesday,False,36
2021-09-08,LA PIAZZA,GALITOS,625.8191004692776,669.5,43.6808995307224,6.9797964776031565,107.0,6.257009345794392,2021,9,September,3,Wednesday,False,36
2021-09-08,CARREFOUR,CHICKEN INN,988.5595486691336,2472.25,1483.6904513308664,150.0860978307591,283.0,8.735865724381625,2021,9,September,3,Wednesday,False,36
2021-09-08,CARREFOUR,PIZZA INN,2433.72812539027,5963.75,3530.02187460973,145.04585938676527,351.0,16.99074074074074,2021,9,September,3,Wednesday,False,36
2021-09-08,CARREFOUR,CREAMY INN,708.2441548967197,914.0,205.7558451032803,29.051541573722528,188.0,4.861702127659575,2021,9,September,3,Wednesday,False,36
2021-09-08,CARREFOUR,GALITOS,685.5021572653479,1268.5,582.9978427346521,85.0468283076434,128.0,9.91015625,2021,9,September,3,Wednesday,False,36
2021-09-08,CITY MARKET,CHICKEN INN,481.90047296832194,660.75,178.84952703167806,37.113374454694686,173.0,3.819364161849711,2021,9,September,3,Wednesday,False,36
2021-09-08,CITY MARKET,PIZZA INN,434.4704384873791,527.5,93.02956151262094,21.412172905596517,72.0,7.326388888888889,2021,9,September,3,Wednesday,False,36
2021-09-08,JUNCTION,CHICKEN INN,1774.8719945882128,2929.0,1154.1280054117872,65.0259854756205,307.0,9.54071661237785,2021,9,September,3,Wednesday,False,36
2021-09-08,JUNCTION,PIZZA INN,3741.254406935441,6847.0,3105.745593064559,83.0134830528287,406.0,16.864532019704434,2021,9,September,3,Wednesday,False,36
2021-09-08,JUNCTION,CREAMY INN,364.6636701707957,694.5,329.83632982920426,90.44946256223452,132.0,5.261363636363637,2021,9,September,3,Wednesday,False,36
2021-09-08,JUNCTION,GALITOS,1130.7146500721772,1819.75,689.0353499278228,60.93804036976434,165.0,11.02878787878788,2021,9,September,3,Wednesday,False,36
2021-09-08,Bon Marche,CHICKEN INN,1214.7162008956243,1032.25,-182.4662008956243,-15.021302980983531,108.0,9.55787037037037,2021,9,September,3,Wednesday,False,36
2021-09-08,Bon Marche,PIZZA INN,2690.063992127126,2331.25,-358.81399212712586,-13.338492808247263,151.0,15.438741721854305,2021,9,September,3,Wednesday,False,36
2021-09-08,Bon Marche,CREAMY INN,242.29345141825357,642.5,400.20654858174646,165.17431496359308,161.0,3.9906832298136647,2021,9,September,3,Wednesday,False,36
2021-09-08,Bon Marche,GALITOS,574.1421401805549,783.75,209.60785981944517,36.50800823530009,81.0,9.675925925925926,2021,9,September,3,Wednesday,False,36
2021-09-08,OASIS,CHICKEN INN,485.7909195312296,960.0,474.2090804687704,97.6158798781922,130.0,7.384615384615385,2021,9,September,3,Wednesday,False,36
2021-09-08,OASIS,PIZZA INN,1970.8536559503725,2690.5,719.6463440496277,36.51444854248219,209.0,12.873205741626794,2021,9,September,3,Wednesday,False,36
2021-09-08,OASIS,CREAMY INN,138.04948492827037,196.0,57.950515071729626,41.97807409556098,47.0,4.170212765957447,2021,9,September,3,Wednesday,False,36
2021-09-09,LA PIAZZA,CHICKEN INN,880.2660696597078,1046.25,165.9839303402922,18.856109085796987,158.0,6.621835443037975,2021,9,September,3,Thursday,False,36
2021-09-09,LA PIAZZA,PIZZA INN,1494.906120891099,3397.5,1902.593879108901,127.27179670485154,214.0,15.876168224299066,2021,9,September,3,Thursday,False,36
2021-09-09,LA PIAZZA,CREAMY INN,411.8530632785371,468.0,56.14693672146291,13.63275928422332,117.0,4.0,2021,9,September,3,Thursday,False,36
2021-09-09,LA PIAZZA,GALITOS,640.5999762168505,590.0,-50.59997621685045,-7.898841413587842,87.0,6.781609195402299,2021,9,September,3,Thursday,False,36
2021-09-09,CARREFOUR,CHICKEN INN,1215.2950746602062,1132.0,-83.29507466020618,-6.85389716431586,162.0,6.987654320987654,2021,9,September,3,Thursday,False,36
2021-09-09,CARREFOUR,PIZZA INN,3068.050762008683,4405.07,1337.019237991317,43.5787847628687,272.0,16.195110294117647,2021,9,September,3,Thursday,False,36
2021-09-09,CARREFOUR,CREAMY INN,716.2456347072407,825.0,108.7543652927593,15.18394807909883,176.0,4.6875,2021,9,September,3,Thursday,False,36
2021-09-09,CARREFOUR,GALITOS,652.8610372855394,941.75,288.8889627144606,44.24968656662387,103.0,9.143203883495143,2021,9,September,3,Thursday,False,36
2021-09-09,CITY MARKET,CHICKEN INN,528.5289119579388,554.0,25.471088042061183,4.81924213903519,152.0,3.6447368421052633,2021,9,September,3,Thursday,False,36
2021-09-09,CITY MARKET,PIZZA INN,433.2608944474556,387.0,-46.2608944474556,-10.677375927604276,50.0,7.74,2021,9,September,3,Thursday,False,36
2021-09-09,JUNCTION,CHICKEN INN,1816.910081268977,2597.0,780.0899187310229,42.93497662725212,316.0,8.218354430379748,2021,9,September,3,Thursday,False,36
2021-09-09,JUNCTION,PIZZA INN,4565.204181594002,6801.25,2236.045818405998,48.98019298723355,458.0,14.849890829694322,2021,9,September,3,Thursday,False,36
2021-09-09,JUNCTION,CREAMY INN,346.14481824475735,658.5,312.35518175524265,90.23829486720145,107.0,6.154205607476635,2021,9,September,3,Thursday,False,36
2021-09-09,JUNCTION,GALITOS,1115.974129948616,1338.0,222.0258700513841,19.89525241607591,155.0,8.63225806451613,2021,9,September,3,Thursday,False,36
2021-09-09,Bon Marche,CHICKEN INN,1243.48692075682,666.75,-576.7369207568199,-46.38061817375628,86.0,7.752906976744186,2021,9,September,3,Thursday,False,36
2021-09-09,Bon Marche,PIZZA INN,3282.5063601257857,2390.25,-892.2563601257857,-27.18216698570523,148.0,16.15033783783784,2021,9,September,3,Thursday,False,36
2021-09-09,Bon Marche,CREAMY INN,229.98897220495036,371.5,141.51102779504967,61.52948397410324,105.0,3.538095238095238,2021,9,September,3,Thursday,False,36
2021-09-09,Bon Marche,GALITOS,566.6573571978848,362.75,-203.90735719788483,-35.984242436417794,40.0,9.06875,2021,9,September,3,Thursday,False,36
2021-09-09,OASIS,CHICKEN INN,1111.9751128859657,894.5,-217.47511288596547,-19.55755217592427,112.0,7.986607142857143,2021,9,September,3,Thursday,False,36
2021-09-09,OASIS,PIZZA INN,2423.445748813047,3346.5,923.054251186953,38.088504834038304,249.0,13.439759036144578,2021,9,September,3,Thursday,False,36
2021-09-09,OASIS,CREAMY INN,162.56294486880438,188.0,25.43705513119562,15.64751127738518,55.0,3.418181818181818,2021,9,September,3,Thursday,False,36
2021-09-10,LA PIAZZA,CHICKEN INN,774.2507993422034,984.75,210.49920065779656,27.1874695946888,153.0,6.436274509803922,2021,9,September,3,Friday,False,36
2021-09-10,LA PIAZZA,PIZZA INN,1414.7468741003902,1904.55,489.80312589960977,34.621255212955745,170.0,11.203235294117649,2021,9,September,3,Friday,False,36
2021-09-10,LA PIAZZA,CREAMY INN,433.5881338688144,409.25,-24.33813386881434,-5.613191867510388,79.0,5.180379746835443,2021,9,September,3,Friday,False,36
2021-09-10,LA PIAZZA,GALITOS,1019.4433576760116,750.5,-268.9433576760116,-26.381392909274737,91.0,8.247252747252746,2021,9,September,3,Friday,False,36
2021-09-10,CARREFOUR,CHICKEN INN,1144.3579779876045,1238.5,94.1420220123955,8.2266234712627,169.0,7.328402366863905,2021,9,September,3,Friday,False,36
2021-09-10,CARREFOUR,PIZZA INN,2925.7675398088904,3509.25,583.4824601911096,19.94288514901024,244.0,14.38217213114754,2021,9,September,3,Friday,False,36
2021-09-10,CARREFOUR,CREAMY INN,479.9716938047639,835.75,355.7783061952361,74.1248516917655,164.0,5.096036585365853,2021,9,September,3,Friday,False,36
2021-09-10,CARREFOUR,GALITOS,1337.142243566794,1168.0,-169.14224356679392,-12.649532566977404,114.0,10.24561403508772,2021,9,September,3,Friday,False,36
2021-09-10,CITY MARKET,CHICKEN INN,573.4179830655901,671.25,97.83201693440992,17.06120488432946,157.0,4.275477707006369,2021,9,September,3,Friday,False,36
2021-09-10,CITY MARKET,PIZZA INN,444.2577581498792,423.5,-20.75775814987924,-4.672458222524995,47.0,9.01063829787234,2021,9,September,3,Friday,False,36
2021-09-10,JUNCTION,CHICKEN INN,2076.156902444549,2010.25,-65.9069024445489,-3.174466359789452,266.0,7.557330827067669,2021,9,September,3,Friday,False,36
2021-09-10,JUNCTION,PIZZA INN,4756.643054889524,5609.25,852.6069451104759,17.92455173263528,363.0,15.452479338842975,2021,9,September,3,Friday,False,36
2021-09-10,JUNCTION,CREAMY INN,444.4326081403731,643.0,198.56739185962687,44.67885304151892,110.0,5.845454545454546,2021,9,September,3,Friday,False,36
2021-09-10,JUNCTION,GALITOS,1596.8085990836798,2476.5,879.6914009163202,55.09059767220232,239.0,10.361924686192468,2021,9,September,3,Friday,False,36
2021-09-10,Bon Marche,CHICKEN INN,1420.9145407051085,982.0,-438.91454070510827,-30.88958048717717,106.0,9.264150943396226,2021,9,September,3,Friday,False,36
2021-09-10,Bon Marche,PIZZA INN,3420.156133097923,1675.25,-1744.906133097923,-51.01831802975073,106.0,15.804245283018869,2021,9,September,3,Friday,False,36
2021-09-10,Bon Marche,CREAMY INN,295.2943201024445,354.25,58.95567989755551,19.965057193481545,97.0,3.652061855670103,2021,9,September,3,Friday,False,36
2021-09-10,Bon Marche,GALITOS,810.810319365806,689.75,-121.06031936580598,-14.930781771561088,55.0,12.540909090909093,2021,9,September,3,Friday,False,36
2021-09-10,OASIS,CHICKEN INN,733.0642340719859,717.5,-15.56423407198588,-2.123174661725141,89.0,8.061797752808989,2021,9,September,3,Friday,False,36
2021-09-10,OASIS,PIZZA INN,2332.691424504542,2265.0,-67.69142450454183,-2.901859362685286,160.0,14.15625,2021,9,September,3,Friday,False,36
2021-09-10,OASIS,CREAMY INN,164.47241437996175,89.5,-74.97241437996175,-45.58357987422838,37.0,2.418918918918919,2021,9,September,3,Friday,False,36
2021-09-11,LA PIAZZA,CHICKEN INN,1212.9195590795898,1424.5,211.58044092041015,17.44389719306411,200.0,7.1225,2021,9,September,3,Saturday,True,36
2021-09-11,LA PIAZZA,PIZZA INN,2397.576733745508,2674.0,276.4232662544923,11.52927713903289,188.0,14.22340425531915,2021,9,September,3,Saturday,True,36
2021-09-11,LA PIAZZA,CREAMY INN,410.9415202699384,520.25,109.30847973006166,26.599521912086026,87.0,5.9798850574712645,2021,9,September,3,Saturday,True,36
2021-09-11,LA PIAZZA,GALITOS,821.7372244911381,776.75,-44.987224491138136,-5.474648482548242,99.0,7.845959595959596,2021,9,September,3,Saturday,True,36
2021-09-11,CARREFOUR,CHICKEN INN,1279.7443954507578,1774.5,494.7556045492422,38.66050176175821,202.0,8.784653465346535,2021,9,September,3,Saturday,True,36
2021-09-11,CARREFOUR,PIZZA INN,4539.654573115823,4700.57,160.91542688417667,3.54466235905106,309.0,15.21220064724919,2021,9,September,3,Saturday,True,36
2021-09-11,CARREFOUR,CREAMY INN,971.9260915208932,922.5,-49.42609152089324,-5.085375518991378,165.0,5.590909090909091,2021,9,September,3,Saturday,True,36
2021-09-11,CARREFOUR,GALITOS,1008.2350490354048,1092.25,84.01495096459507,8.332873474788796,109.0,10.020642201834862,2021,9,September,3,Saturday,True,36
2021-09-11,CITY MARKET,CHICKEN INN,509.9931756553436,705.5,195.5068243446564,38.335184405836266,149.0,4.73489932885906,2021,9,September,3,Saturday,True,36
2021-09-11,CITY MARKET,PIZZA INN,458.4282878653131,444.75,-13.67828786531311,-2.9837355650556647,66.0,6.738636363636363,2021,9,September,3,Saturday,True,36
2021-09-11,JUNCTION,CHICKEN INN,3378.599899506554,3030.75,-347.8498995065538,-10.295681934915034,302.0,10.035596026490069,2021,9,September,3,Saturday,True,36
2021-09-11,JUNCTION,PIZZA INN,7245.930469334169,7979.25,733.3195306658308,10.12043289359932,462.0,17.271103896103895,2021,9,September,3,Saturday,True,36
2021-09-11,JUNCTION,CREAMY INN,784.2094012450572,910.5,126.29059875494283,16.10419341497774,136.0,6.694852941176471,2021,9,September,3,Saturday,True,36
2021-09-11,JUNCTION,GALITOS,1326.2900548578857,1646.75,320.4599451421145,24.162131350404525,155.0,10.624193548387098,2021,9,September,3,Saturday,True,36
2021-09-11,Bon Marche,CHICKEN INN,2312.301983911305,1229.0,-1083.301983911305,-46.84950285251574,139.0,8.841726618705035,2021,9,September,3,Saturday,True,36
2021-09-11,Bon Marche,PIZZA INN,5210.021699908688,2386.5,-2823.521699908688,-54.19404874951238,143.0,16.68881118881119,2021,9,September,3,Saturday,True,36
2021-09-11,Bon Marche,CREAMY INN,521.0521859041057,649.0,127.94781409589427,24.55566209244188,145.0,4.475862068965517,2021,9,September,3,Saturday,True,36
2021-09-11,Bon Marche,GALITOS,673.4493185771355,626.25,-47.1993185771355,-7.008592521387991,69.0,9.076086956521738,2021,9,September,3,Saturday,True,36
2021-09-11,OASIS,CHICKEN INN,894.8939002427375,1204.25,309.35609975726254,34.56902540886138,133.0,9.05451127819549,2021,9,September,3,Saturday,True,36
2021-09-11,OASIS,PIZZA INN,3161.206246039603,3577.5,416.2937539603972,13.16882612394984,245.0,14.60204081632653,2021,9,September,3,Saturday,True,36
2021-09-11,OASIS,CREAMY INN,254.16587412027351,200.5,-53.66587412027352,-21.11450811641155,50.0,4.01,2021,9,September,3,Saturday,True,36
2021-09-12,LA PIAZZA,CHICKEN INN,1859.3750921181277,1635.0,-224.37509211812744,-12.06723124716746,215.0,7.604651162790698,2021,9,September,3,Sunday,True,36
2021-09-12,LA PIAZZA,PIZZA INN,3625.520534960202,3846.0,220.479465039798,6.0813188868676,214.0,17.97196261682243,2021,9,September,3,Sunday,True,36
2021-09-12,LA PIAZZA,CREAMY INN,529.1283014995726,627.0,97.87169850042744,18.496780123659008,123.0,5.097560975609756,2021,9,September,3,Sunday,True,36
2021-09-12,LA PIAZZA,GALITOS,995.7939564798952,761.25,-234.5439564798951,-23.55346253646705,68.0,11.194852941176473,2021,9,September,3,Sunday,True,36
2021-09-12,CARREFOUR,CHICKEN INN,2829.82553711877,3195.5,365.6744628812298,12.92215573308971,291.0,10.981099656357388,2021,9,September,3,Sunday,True,36
2021-09-12,CARREFOUR,PIZZA INN,8061.203627318211,7545.75,-515.4536273182111,-6.394251418875167,426.0,17.713028169014084,2021,9,September,3,Sunday,True,36
2021-09-12,CARREFOUR,CREAMY INN,1073.4863377012623,1644.5,571.0136622987377,53.19244803073065,288.0,5.710069444444445,2021,9,September,3,Sunday,True,36
2021-09-12,CARREFOUR,GALITOS,1306.7962023355658,1848.0,541.2037976644342,41.414552376045336,203.0,9.10344827586207,2021,9,September,3,Sunday,True,36
2021-09-12,CITY MARKET,CHICKEN INN,339.70714861763224,595.5,255.79285138236776,75.29804786954402,146.0,4.078767123287672,2021,9,September,3,Sunday,True,36
2021-09-12,CITY MARKET,PIZZA INN,274.66081930427714,368.0,93.33918069572286,33.98343488967716,58.0,6.344827586206897,2021,9,September,3,Sunday,True,36
2021-09-12,JUNCTION,CHICKEN INN,4038.402167619604,4521.25,482.8478323803961,11.956407815247532,401.0,11.274937655860349,2021,9,September,3,Sunday,True,36
2021-09-12,JUNCTION,PIZZA INN,9785.477121363414,11231.5,1446.022878636586,14.777234269749243,611.0,18.38216039279869,2021,9,September,3,Sunday,True,36
2021-09-12,JUNCTION,CREAMY INN,1185.0577376323438,925.0,-260.0577376323438,-21.94473141468361,149.0,6.208053691275167,2021,9,September,3,Sunday,True,36
2021-09-12,JUNCTION,GALITOS,2233.9023112447444,1891.25,-342.6523112447444,-15.338733010836824,44.0,42.98295454545455,2021,9,September,3,Sunday,True,36
2021-09-12,Bon Marche,CHICKEN INN,2763.8683542796366,2875.75,111.8816457203634,4.04800921676039,253.0,11.366600790513834,2021,9,September,3,Sunday,True,36
2021-09-12,Bon Marche,PIZZA INN,7036.025029777602,4237.25,-2798.775029777602,-39.77778671810761,236.0,17.954449152542374,2021,9,September,3,Sunday,True,36
2021-09-12,Bon Marche,CREAMY INN,787.3878120251608,1061.75,274.36218797483923,34.84460691221267,250.0,4.247,2021,9,September,3,Sunday,True,36
2021-09-12,Bon Marche,GALITOS,1134.306921600843,1219.25,84.943078399157,7.488544483117248,117.0,10.42094017094017,2021,9,September,3,Sunday,True,36
2021-09-12,OASIS,CHICKEN INN,1456.4669955367629,1698.25,241.78300446323715,16.60065111012907,205.0,8.284146341463414,2021,9,September,3,Sunday,True,36
2021-09-12,OASIS,PIZZA INN,4646.441006091483,5166.5,520.0589939085166,11.192630945420794,326.0,15.848159509202452,2021,9,September,3,Sunday,True,36
2021-09-12,OASIS,CREAMY INN,495.4299272192133,433.0,-62.42992721921331,-12.601161897833816,87.0,4.977011494252873,2021,9,September,3,Sunday,True,36
2021-09-13,LA PIAZZA,CHICKEN INN,1029.0609697745078,1036.5,7.439030225492161,0.7228949930072882,98.0,10.576530612244898,2021,9,September,3,Monday,False,37
2021-09-13,LA PIAZZA,PIZZA INN,1623.555104843552,1523.5,-100.05510484355204,-6.162716901019106,135.0,11.285185185185185,2021,9,September,3,Monday,False,37
2021-09-13,LA PIAZZA,CREAMY INN,439.61029505677016,460.75,21.139704943229845,4.808737461551012,89.0,5.176966292134831,2021,9,September,3,Monday,False,37
2021-09-13,LA PIAZZA,GALITOS,446.9863973384285,558.5,111.5136026615715,24.94787387839473,76.0,7.348684210526316,2021,9,September,3,Monday,False,37
2021-09-13,CARREFOUR,CHICKEN INN,1167.310015306177,1220.25,52.93998469382291,4.535212068743977,155.0,7.872580645161291,2021,9,September,3,Monday,False,37
2021-09-13,CARREFOUR,PIZZA INN,2507.744598754029,2914.5,406.75540124597046,16.219969188571532,224.0,13.011160714285714,2021,9,September,3,Monday,False,37
2021-09-13,CARREFOUR,CREAMY INN,614.3184914038528,753.5,139.18150859614718,22.65624599352151,164.0,4.594512195121951,2021,9,September,3,Monday,False,37
2021-09-13,CARREFOUR,GALITOS,559.844663896109,506.25,-53.59466389610896,-9.573131147331,69.0,7.336956521739131,2021,9,September,3,Monday,False,37
2021-09-13,CITY MARKET,CHICKEN INN,352.15987581654,745.75,393.59012418346,111.764613521304,184.0,4.052989130434782,2021,9,September,3,Monday,False,37
2021-09-13,CITY MARKET,PIZZA INN,164.66998881141834,390.75,226.0800111885817,137.29278347585893,62.0,6.30241935483871,2021,9,September,3,Monday,False,37
2021-09-13,JUNCTION,CHICKEN INN,1802.9247075621176,2085.75,282.8252924378821,15.687027375664142,257.0,8.115758754863814,2021,9,September,3,Monday,False,37
2021-09-13,JUNCTION,PIZZA INN,4220.718743174408,4024.0,-196.7187431744078,-4.660787774417193,280.0,14.371428571428572,2021,9,September,3,Monday,False,37
2021-09-13,JUNCTION,CREAMY INN,314.2848544598429,555.0,240.7151455401571,76.59139221133356,92.0,6.032608695652174,2021,9,September,3,Monday,False,37
2021-09-13,JUNCTION,GALITOS,1335.6224743640566,1211.5,-124.12247436405664,-9.293230440971453,126.0,9.615079365079366,2021,9,September,3,Monday,False,37
2021-09-13,Bon Marche,CHICKEN INN,1233.915379784231,723.5,-510.4153797842309,-41.36550918698209,77.0,9.396103896103895,2021,9,September,3,Monday,False,37
2021-09-13,Bon Marche,PIZZA INN,3034.8119312233284,1402.5,-1632.3119312233284,-53.78626314301281,94.0,14.920212765957446,2021,9,September,3,Monday,False,37
2021-09-13,Bon Marche,CREAMY INN,208.8202591716724,397.25,188.4297408283276,90.23537351010484,103.0,3.8567961165048543,2021,9,September,3,Monday,False,37
2021-09-13,Bon Marche,GALITOS,678.1880343158887,422.0,-256.1880343158887,-37.77536927119545,45.0,9.377777777777778,2021,9,September,3,Monday,False,37
2021-09-13,OASIS,CHICKEN INN,554.0250698196435,913.5,359.4749301803565,64.88423534649425,123.0,7.426829268292683,2021,9,September,3,Monday,False,37
2021-09-13,OASIS,PIZZA INN,2234.9986961969157,1835.75,-399.24869619691526,-17.863486760698287,149.0,12.32046979865772,2021,9,September,3,Monday,False,37
2021-09-13,OASIS,CREAMY INN,97.19371836071372,90.5,-6.693718360713717,-6.886986601203395,17.0,5.323529411764706,2021,9,September,3,Monday,False,37
2021-09-14,LA PIAZZA,CHICKEN INN,941.1080149688768,911.75,-29.358014968876773,-3.119515985616982,157.0,5.807324840764331,2021,9,September,3,Tuesday,False,37
2021-09-14,LA PIAZZA,PIZZA INN,3910.91567389024,4911.5,1000.5843261097602,25.584400420335975,308.0,15.946428571428571,2021,9,September,3,Tuesday,False,37
2021-09-14,LA PIAZZA,CREAMY INN,447.3509389658548,519.25,71.89906103414518,16.072182881823135,125.0,4.154,2021,9,September,3,Tuesday,False,37
2021-09-14,LA PIAZZA,GALITOS,631.7870777200449,608.5,-23.287077720044863,-3.685905986567795,125.0,4.868,2021,9,September,3,Tuesday,False,37
2021-09-14,CARREFOUR,CHICKEN INN,1108.422738225826,1422.0,313.5772617741741,28.29040319725803,199.0,7.1457286432160805,2021,9,September,3,Tuesday,False,37
2021-09-14,CARREFOUR,PIZZA INN,7781.308834097403,7341.0,-440.3088340974027,-5.658544641847217,452.0,16.241150442477878,2021,9,September,3,Tuesday,False,37
2021-09-14,CARREFOUR,CREAMY INN,713.2167818618923,884.0,170.7832181381077,23.945485086914047,207.0,4.270531400966184,2021,9,September,3,Tuesday,False,37
2021-09-14,CARREFOUR,GALITOS,652.9537677400275,836.0,183.0462322599725,28.03356704618206,111.0,7.531531531531532,2021,9,September,3,Tuesday,False,37
2021-09-14,CITY MARKET,CHICKEN INN,422.9674397587559,621.75,198.7825602412441,46.99713064311096,169.0,3.6789940828402368,2021,9,September,3,Tuesday,False,37
2021-09-14,CITY MARKET,PIZZA INN,460.0095725046627,730.25,270.2404274953373,58.74669651414659,78.0,9.362179487179487,2021,9,September,3,Tuesday,False,37
2021-09-14,JUNCTION,CHICKEN INN,2269.1448139041813,2219.0,-50.14481390418132,-2.209855166445044,281.0,7.896797153024911,2021,9,September,3,Tuesday,False,37
2021-09-14,JUNCTION,PIZZA INN,4496.746609814272,6506.0,2009.253390185728,44.68237960752508,433.0,15.02540415704388,2021,9,September,3,Tuesday,False,37
2021-09-14,JUNCTION,CREAMY INN,317.2903242689428,465.5,148.2096757310572,46.71106062642841,95.0,4.9,2021,9,September,3,Tuesday,False,37
2021-09-14,JUNCTION,GALITOS,1492.1411764901425,1107.75,-384.39117649014247,-25.76104610921056,140.0,7.9125,2021,9,September,3,Tuesday,False,37
2021-09-14,Bon Marche,CHICKEN INN,1552.9947940089048,642.0,-910.9947940089048,-58.6605182144404,79.0,8.126582278481013,2021,9,September,3,Tuesday,False,37
2021-09-14,Bon Marche,PIZZA INN,3233.283498271824,2126.5,-1106.783498271824,-34.230945070650165,140.0,15.189285714285717,2021,9,September,3,Tuesday,False,37
2021-09-14,Bon Marche,CREAMY INN,210.81718322182283,268.0,57.18281677817717,27.12436239981877,85.0,3.152941176470588,2021,9,September,3,Tuesday,False,37
2021-09-14,Bon Marche,GALITOS,757.6634197380351,407.0,-350.66341973803515,-46.282215902580894,49.0,8.306122448979592,2021,9,September,3,Tuesday,False,37
2021-09-14,OASIS,CHICKEN INN,553.4212277816929,891.75,338.3287722183071,61.13404315451504,104.0,8.57451923076923,2021,9,September,3,Tuesday,False,37
2021-09-14,OASIS,PIZZA INN,2380.219491898522,2986.25,606.0305081014781,25.46111861381713,225.0,13.272222222222222,2021,9,September,3,Tuesday,False,37
2021-09-14,OASIS,CREAMY INN,125.07885419482292,195.5,70.42114580517709,56.3013998317326,29.0,6.741379310344827,2021,9,September,3,Tuesday,False,37
2021-09-15,LA PIAZZA,CHICKEN INN,749.542253171107,932.0,182.45774682889305,24.342556547941697,116.0,8.03448275862069,2021,9,September,3,Wednesday,False,37
2021-09-15,LA PIAZZA,PIZZA INN,1512.4878500698376,1657.75,145.26214993016242,9.604186236831923,156.0,10.626602564102564,2021,9,September,3,Wednesday,False,37
2021-09-15,LA PIAZZA,CREAMY INN,357.51165097084146,338.25,-19.26165097084146,-5.3876988116430455,90.0,3.758333333333333,2021,9,September,3,Wednesday,False,37
2021-09-15,LA PIAZZA,GALITOS,526.3581107614165,426.0,-100.35811076141648,-19.066507898252187,75.0,5.68,2021,9,September,3,Wednesday,False,37
2021-09-15,CARREFOUR,CHICKEN INN,1026.5834238269024,1212.0,185.4165761730976,18.061520561271177,160.0,7.575,2021,9,September,3,Wednesday,False,37
2021-09-15,CARREFOUR,PIZZA INN,2578.3696330408875,2947.75,369.3803669591125,14.3261215236805,204.0,14.449754901960784,2021,9,September,3,Wednesday,False,37
2021-09-15,CARREFOUR,CREAMY INN,511.1969808702116,714.75,203.5530191297884,39.81890088303723,185.0,3.8635135135135137,2021,9,September,3,Wednesday,False,37
2021-09-15,CARREFOUR,GALITOS,621.247679842974,763.25,142.00232015702602,22.857601688414903,84.0,9.086309523809524,2021,9,September,3,Wednesday,False,37
2021-09-15,CITY MARKET,CHICKEN INN,530.5549888314372,146.75,-383.8049888314372,-72.34028459081667,40.0,3.66875,2021,9,September,3,Wednesday,False,37
2021-09-15,CITY MARKET,PIZZA INN,390.3720163345723,163.5,-226.87201633457232,-58.11687488893398,20.0,8.175,2021,9,September,3,Wednesday,False,37
2021-09-15,JUNCTION,CHICKEN INN,1364.4192062581883,1997.75,633.3307937418115,46.41761057282908,222.0,8.998873873873874,2021,9,September,3,Wednesday,False,37
2021-09-15,JUNCTION,PIZZA INN,3392.302536624614,4271.0,878.6974633753862,25.90268567996597,283.0,15.091872791519435,2021,9,September,3,Wednesday,False,37
2021-09-15,JUNCTION,CREAMY INN,351.9772151020207,387.5,35.52278489797931,10.09235353137362,92.0,4.211956521739131,2021,9,September,3,Wednesday,False,37
2021-09-15,JUNCTION,GALITOS,1015.474269150189,992.5,-22.974269150189,-2.262417655290791,108.0,9.189814814814817,2021,9,September,3,Wednesday,False,37
2021-09-15,Bon Marche,CHICKEN INN,933.8037445565184,716.75,-217.0537445565185,-23.244043068129,86.0,8.334302325581396,2021,9,September,3,Wednesday,False,37
2021-09-15,Bon Marche,PIZZA INN,2439.15807683614,1474.5,-964.65807683614,-39.54881342038352,91.0,16.203296703296704,2021,9,September,3,Wednesday,False,37
2021-09-15,Bon Marche,CREAMY INN,233.8641911537572,286.5,52.63580884624284,22.50699800878738,62.0,4.620967741935484,2021,9,September,3,Wednesday,False,37
2021-09-15,Bon Marche,GALITOS,515.6266173352914,396.5,-119.12661733529136,-23.1032715011739,43.0,9.22093023255814,2021,9,September,3,Wednesday,False,37
2021-09-15,OASIS,CHICKEN INN,470.0910265445149,626.5,156.40897345548507,33.272061074042654,84.0,7.458333333333333,2021,9,September,3,Wednesday,False,37
2021-09-15,OASIS,PIZZA INN,1768.2522591760337,1966.75,198.49774082396647,11.22564610303182,155.0,12.688709677419356,2021,9,September,3,Wednesday,False,37
2021-09-15,OASIS,CREAMY INN,115.686328491292,72.0,-43.686328491292,-37.76274090553438,12.0,6.0,2021,9,September,3,Wednesday,False,37
2021-09-16,LA PIAZZA,CHICKEN INN,806.403474576203,647.75,-158.65347457620305,-19.674205230772564,110.0,5.888636363636364,2021,9,September,3,Thursday,False,37
2021-09-16,LA PIAZZA,PIZZA INN,1768.8787351317646,2124.0,355.12126486823536,20.076066143775662,166.0,12.795180722891564,2021,9,September,3,Thursday,False,37
2021-09-16,LA PIAZZA,CREAMY INN,370.4152147073175,363.75,-6.665214707317489,-1.7993901013445113,82.0,4.435975609756097,2021,9,September,3,Thursday,False,37
2021-09-16,LA PIAZZA,GALITOS,525.9766688066403,432.5,-93.4766688066403,-17.772018104666962,58.0,7.456896551724138,2021,9,September,3,Thursday,False,37
2021-09-16,CARREFOUR,CHICKEN INN,1165.4509002833724,1015.75,-149.70090028337245,-12.844891213089593,147.0,6.909863945578231,2021,9,September,3,Thursday,False,37
2021-09-16,CARREFOUR,PIZZA INN,2834.692801684161,4600.25,1765.5571983158388,62.2838988855116,286.0,16.08479020979021,2021,9,September,3,Thursday,False,37
2021-09-16,CARREFOUR,CREAMY INN,605.2943834419385,618.25,12.95561655806148,2.140382748042501,171.0,3.615497076023392,2021,9,September,3,Thursday,False,37
2021-09-16,CARREFOUR,GALITOS,532.1723507692873,760.5,228.32764923071272,42.90483128269466,89.0,8.544943820224718,2021,9,September,3,Thursday,False,37
2021-09-16,CITY MARKET,CHICKEN INN,571.3919061920916,289.25,-282.1419061920916,-49.37800188181885,79.0,3.661392405063291,2021,9,September,3,Thursday,False,37
2021-09-16,CITY MARKET,PIZZA INN,426.9912395616136,311.25,-115.7412395616136,-27.10623283054792,36.0,8.645833333333334,2021,9,September,3,Thursday,False,37
2021-09-16,JUNCTION,CHICKEN INN,1832.7396800800373,2242.0,409.26031991996274,22.330521042796978,267.0,8.397003745318353,2021,9,September,3,Thursday,False,37
2021-09-16,JUNCTION,PIZZA INN,4043.1068026485545,6911.75,2868.643197351445,70.95145731674111,455.0,15.19065934065934,2021,9,September,3,Thursday,False,37
2021-09-16,JUNCTION,CREAMY INN,299.3765339216342,626.5,327.1234660783658,109.26823882729391,91.0,6.884615384615385,2021,9,September,3,Thursday,False,37
2021-09-16,JUNCTION,GALITOS,1201.22266052019,1424.0,222.77733947981005,18.545882191677624,146.0,9.753424657534246,2021,9,September,3,Thursday,False,37
2021-09-16,Bon Marche,CHICKEN INN,1254.3206429565632,798.5,-455.8206429565632,-36.34004156083622,96.0,8.317708333333334,2021,9,September,3,Thursday,False,37
2021-09-16,Bon Marche,PIZZA INN,2907.1041001561034,2663.5,-243.6041001561034,-8.379613930681828,162.0,16.441358024691358,2021,9,September,3,Thursday,False,37
2021-09-16,Bon Marche,CREAMY INN,198.91472502191624,233.25,34.33527497808376,17.2613037945284,83.0,2.810240963855421,2021,9,September,3,Thursday,False,37
2021-09-16,Bon Marche,GALITOS,609.943940410092,371.0,-238.94394041009195,-39.17473796844993,46.0,8.065217391304348,2021,9,September,3,Thursday,False,37
2021-09-16,OASIS,CHICKEN INN,507.22731187847467,728.0,220.7726881215253,43.52539442403285,87.0,8.367816091954023,2021,9,September,3,Thursday,False,37
2021-09-16,OASIS,PIZZA INN,2234.166087717021,2764.75,530.5839122829789,23.748633335722825,195.0,14.178205128205128,2021,9,September,3,Thursday,False,37
2021-09-16,OASIS,CREAMY INN,80.35254132086617,120.0,39.64745867913384,49.34188518171743,23.0,5.217391304347826,2021,9,September,3,Thursday,False,37
2021-09-17,LA PIAZZA,CHICKEN INN,1012.050827981773,998.25,-13.800827981772954,-1.36364969033171,124.0,8.050403225806452,2021,9,September,3,Friday,False,37
2021-09-17,LA PIAZZA,PIZZA INN,1669.973109586146,1962.5,292.52689041385406,17.516862321594406,164.0,11.966463414634148,2021,9,September,3,Friday,False,37
2021-09-17,LA PIAZZA,CREAMY INN,448.07569037433086,491.0,42.92430962566914,9.579700605897491,112.0,4.383928571428571,2021,9,September,3,Friday,False,37
2021-09-17,LA PIAZZA,GALITOS,1137.102307309648,915.75,-221.35230730964804,-19.466349323779085,121.0,7.568181818181818,2021,9,September,3,Friday,False,37
2021-09-17,CARREFOUR,CHICKEN INN,1111.437105793665,1662.5,551.0628942063349,49.58111361711529,205.0,8.109756097560975,2021,9,September,3,Friday,False,37
2021-09-17,CARREFOUR,PIZZA INN,3329.202800860789,3824.5,495.2971991392105,14.877351389081731,254.0,15.057086614173228,2021,9,September,3,Friday,False,37
2021-09-17,CARREFOUR,CREAMY INN,700.2973193385633,747.25,46.95268066143672,6.704678051000383,185.0,4.039189189189189,2021,9,September,3,Friday,False,37
2021-09-17,CARREFOUR,GALITOS,1192.243180891276,1051.0,-141.24318089127587,-11.8468432577394,112.0,9.383928571428571,2021,9,September,3,Friday,False,37
2021-09-17,CITY MARKET,CHICKEN INN,542.5776525430457,538.5,-4.077652543045701,-0.7515334485181729,144.0,3.7395833333333335,2021,9,September,3,Friday,False,37
2021-09-17,CITY MARKET,PIZZA INN,362.05869873948257,417.25,55.19130126051744,15.243744026222124,61.0,6.840163934426229,2021,9,September,3,Friday,False,37
2021-09-17,JUNCTION,CHICKEN INN,2276.4090116757293,2650.75,374.3409883242707,16.444364189575392,300.0,8.835833333333333,2021,9,September,3,Friday,False,37
2021-09-17,JUNCTION,PIZZA INN,5205.828308972232,6126.5,920.6716910277682,17.685402521650452,371.0,16.513477088948786,2021,9,September,3,Friday,False,37
2021-09-17,JUNCTION,CREAMY INN,436.5568885746128,603.5,166.94311142538726,38.24086065173948,121.0,4.987603305785124,2021,9,September,3,Friday,False,37
2021-09-17,JUNCTION,GALITOS,1375.1818790300931,2320.0,944.8181209699068,68.70495716801334,208.0,11.153846153846152,2021,9,September,3,Friday,False,37
2021-09-17,Bon Marche,CHICKEN INN,1557.9663856203078,1295.0,-262.96638562030785,-16.878822806925143,79.0,16.39240506329114,2021,9,September,3,Friday,False,37
2021-09-17,Bon Marche,PIZZA INN,3743.13258601232,1269.0,-2474.13258601232,-66.09791475882754,83.0,15.289156626506024,2021,9,September,3,Friday,False,37
2021-09-17,Bon Marche,CREAMY INN,290.061456419872,352.25,62.188543580128,21.43978188198447,89.0,3.957865168539326,2021,9,September,3,Friday,False,37
2021-09-17,Bon Marche,GALITOS,698.2750839156946,825.75,127.4749160843054,18.25568733878752,71.0,11.630281690140846,2021,9,September,3,Friday,False,37
2021-09-17,OASIS,CHICKEN INN,786.8061754495862,829.25,42.44382455041375,5.394444766039244,96.0,8.638020833333334,2021,9,September,3,Friday,False,37
2021-09-17,OASIS,PIZZA INN,2417.0624171338554,2111.5,-305.56241713385543,-12.64189186707848,149.0,14.171140939597317,2021,9,September,3,Friday,False,37
2021-09-17,OASIS,CREAMY INN,100.20414326569156,113.0,12.79585673430843,12.769788071916526,28.0,4.035714285714286,2021,9,September,3,Friday,False,37
2021-09-18,LA PIAZZA,CHICKEN INN,1304.327150929725,1272.5,-31.82715092972489,-2.4401202495124394,164.0,7.759146341463414,2021,9,September,3,Saturday,True,37
2021-09-18,LA PIAZZA,PIZZA INN,2561.5795514669285,3045.5,483.9204485330715,18.89148624160225,193.0,15.779792746113989,2021,9,September,3,Saturday,True,37
2021-09-18,LA PIAZZA,CREAMY INN,617.8841982138745,553.25,-64.63419821387447,-10.460568242514269,117.0,4.728632478632479,2021,9,September,3,Saturday,True,37
2021-09-18,LA PIAZZA,GALITOS,737.2637249230203,682.25,-55.01372492302028,-7.461878709516653,75.0,9.096666666666666,2021,9,September,3,Saturday,True,37
2021-09-18,CARREFOUR,CHICKEN INN,1798.3762813803298,1708.25,-90.12628138032984,-5.0115363683040846,204.0,8.373774509803921,2021,9,September,3,Saturday,True,37
2021-09-18,CARREFOUR,PIZZA INN,5092.571441957891,4653.0,-439.5714419578908,-8.631620527426378,280.0,16.617857142857144,2021,9,September,3,Saturday,True,37
2021-09-18,CARREFOUR,CREAMY INN,833.8088405086514,1014.5,180.69115949134857,21.67057372300357,210.0,4.830952380952381,2021,9,September,3,Saturday,True,37
2021-09-18,CARREFOUR,GALITOS,1061.5318777524358,980.75,-80.78187775243578,-7.609934232354278,109.0,8.997706422018348,2021,9,September,3,Saturday,True,37
2021-09-18,CITY MARKET,CHICKEN INN,500.5843422498757,565.5,64.91565775012435,12.96797607739008,149.0,3.795302013422819,2021,9,September,3,Saturday,True,37
2021-09-18,CITY MARKET,PIZZA INN,455.065977369012,384.25,-70.81597736901199,-15.56169454337991,51.0,7.534313725490196,2021,9,September,3,Saturday,True,37
2021-09-18,JUNCTION,CHICKEN INN,3099.169059135002,2986.75,-112.41905913500204,-3.627393568725771,286.0,10.443181818181818,2021,9,September,3,Saturday,True,37
2021-09-18,JUNCTION,PIZZA INN,8008.395532638945,7498.5,-509.895532638945,-6.367012350486679,429.0,17.47902097902098,2021,9,September,3,Saturday,True,37
2021-09-18,JUNCTION,CREAMY INN,898.9628013159399,670.5,-228.46280131593997,-25.41404393835945,112.0,5.986607142857143,2021,9,September,3,Saturday,True,37
2021-09-18,JUNCTION,GALITOS,1504.4168351628991,1219.25,-285.16683516289913,-18.95530736546305,127.0,9.600393700787402,2021,9,September,3,Saturday,True,37
2021-09-18,Bon Marche,CHICKEN INN,2121.0604916436027,1176.5,-944.5604916436027,-44.53246361265567,117.0,10.055555555555555,2021,9,September,3,Saturday,True,37
2021-09-18,Bon Marche,PIZZA INN,5758.254882941861,2464.0,-3294.254882941861,-57.20925783783375,138.0,17.855072463768117,2021,9,September,3,Saturday,True,37
2021-09-18,Bon Marche,CREAMY INN,597.297777772721,580.0,-17.29777777272102,-2.8960057138037825,145.0,4.0,2021,9,September,3,Saturday,True,37
2021-09-18,Bon Marche,GALITOS,763.8966218479154,1039.25,275.3533781520846,36.04589551476048,90.0,11.547222222222222,2021,9,September,3,Saturday,True,37
2021-09-18,OASIS,CHICKEN INN,970.9779970245088,964.0,-6.9779970245086815,-0.7186565551322733,125.0,7.712,2021,9,September,3,Saturday,True,37
2021-09-18,OASIS,PIZZA INN,2534.807132998942,2657.0,122.19286700105796,4.820598198983723,0.0,0.0,2021,9,September,3,Saturday,True,37
2021-09-18,OASIS,CREAMY INN,85.58207944151341,161.5,75.91792055848659,88.70773070005701,29.0,5.568965517241379,2021,9,September,3,Saturday,True,37
2021-09-19,LA PIAZZA,CHICKEN INN,1451.7892976669498,1845.0,393.2107023330502,27.084557171274547,207.0,8.91304347826087,2021,9,September,3,Sunday,True,37
2021-09-19,LA PIAZZA,PIZZA INN,2881.488632644656,3827.75,946.2613673553442,32.8393232801636,277.0,13.818592057761732,2021,9,September,3,Sunday,True,37
2021-09-19,LA PIAZZA,CREAMY INN,698.7126594189688,802.5,103.78734058103124,14.85408045523865,121.0,6.632231404958677,2021,9,September,3,Sunday,True,37
2021-09-19,LA PIAZZA,GALITOS,778.2448949392747,1132.25,354.0051050607253,45.487623158562165,121.0,9.357438016528926,2021,9,September,3,Sunday,True,37
2021-09-19,CARREFOUR,CHICKEN INN,2267.6153830003345,2851.25,583.6346169996655,25.737813448215583,291.0,9.79810996563574,2021,9,September,3,Sunday,True,37
2021-09-19,CARREFOUR,PIZZA INN,6794.265303550552,7867.0,1072.7346964494482,15.788825553939695,465.0,16.918279569892473,2021,9,September,3,Sunday,True,37
2021-09-19,CARREFOUR,CREAMY INN,1416.3477960016448,1863.5,447.1522039983552,31.570791105169757,308.0,6.050324675324675,2021,9,September,3,Sunday,True,37
2021-09-19,CARREFOUR,GALITOS,1336.2999419385274,1627.75,291.45005806147265,21.81022754806645,162.0,10.04783950617284,2021,9,September,3,Sunday,True,37
2021-09-19,CITY MARKET,CHICKEN INN,339.70714861763224,591.75,252.04285138236776,74.19415588044109,114.0,5.190789473684211,2021,9,September,3,Sunday,True,37
2021-09-19,CITY MARKET,PIZZA INN,274.66081930427714,297.25,22.58918069572286,8.224391361294934,45.0,6.605555555555555,2021,9,September,3,Sunday,True,37
2021-09-19,JUNCTION,CHICKEN INN,4163.358664124258,4482.75,319.3913358757418,7.671482609171846,428.0,10.473714953271028,2021,9,September,3,Sunday,True,37
2021-09-19,JUNCTION,PIZZA INN,10347.08341645312,11124.0,776.9165835468793,7.508556298207545,600.0,18.54,2021,9,September,3,Sunday,True,37
2021-09-19,JUNCTION,CREAMY INN,1038.9105687634365,927.5,-111.41056876343646,-10.723788179000133,173.0,5.361271676300578,2021,9,September,3,Sunday,True,37
2021-09-19,JUNCTION,GALITOS,2715.4746171956745,2689.5,-25.97461719567445,-0.9565405999817068,203.0,13.248768472906404,2021,9,September,3,Sunday,True,37
2021-09-19,Bon Marche,CHICKEN INN,2849.3881445372863,2431.5,-417.8881445372863,-14.665890476818396,213.0,11.415492957746478,2021,9,September,3,Sunday,True,37
2021-09-19,Bon Marche,PIZZA INN,7439.835278386234,4100.5,-3339.3352783862338,-44.884532431618105,216.0,18.983796296296298,2021,9,September,3,Sunday,True,37
2021-09-19,Bon Marche,CREAMY INN,690.2832610188353,897.0,206.71673898116467,29.946653881778555,205.0,4.375609756097561,2021,9,September,3,Sunday,True,37
2021-09-19,Bon Marche,GALITOS,1378.8345346221324,1766.0,387.1654653778676,28.07918250205197,134.0,13.17910447761194,2021,9,September,3,Sunday,True,37
2021-09-19,OASIS,CHICKEN INN,1590.2180069428132,1942.0,351.7819930571868,22.121620527583264,209.0,9.291866028708132,2021,9,September,3,Sunday,True,37
2021-09-19,OASIS,PIZZA INN,4439.5377988376895,4620.75,181.2122011623105,4.081780792805807,286.0,16.15646853146853,2021,9,September,3,Sunday,True,37
2021-09-19,OASIS,CREAMY INN,315.2344936212529,322.5,7.265506378747091,2.3047942169286944,79.0,4.082278481012659,2021,9,September,3,Sunday,True,37
2021-09-20,LA PIAZZA,CHICKEN INN,945.097506987276,1274.25,329.152493012724,34.82735808519654,165.0,7.722727272727273,2021,9,September,3,Monday,False,38
2021-09-20,LA PIAZZA,PIZZA INN,1618.258188982696,1539.25,-79.00818898269608,-4.882298110437118,139.0,11.073741007194243,2021,9,September,3,Monday,False,38
2021-09-20,LA PIAZZA,CREAMY INN,390.5662925285543,423.5,32.9337074714457,8.432296412020225,103.0,4.111650485436893,2021,9,September,3,Monday,False,38
2021-09-20,LA PIAZZA,GALITOS,454.5993430191676,496.5,41.90065698083242,9.217051811503769,79.0,6.284810126582278,2021,9,September,3,Monday,False,38
2021-09-20,CARREFOUR,CHICKEN INN,941.5002214869536,1178.75,237.2497785130464,25.199120839116446,164.0,7.1875,2021,9,September,3,Monday,False,38
2021-09-20,CARREFOUR,PIZZA INN,2537.1445573743176,3318.75,781.6054426256824,30.806500179657213,236.0,14.0625,2021,9,September,3,Monday,False,38
2021-09-20,CARREFOUR,CREAMY INN,562.9997321117895,902.75,339.7502678882105,60.34643508866706,202.0,4.469059405940594,2021,9,September,3,Monday,False,38
2021-09-20,CARREFOUR,GALITOS,786.052880081936,872.25,86.197119918064,10.965816944666502,85.0,10.261764705882351,2021,9,September,3,Monday,False,38
2021-09-20,CITY MARKET,CHICKEN INN,603.8282501008352,557.5,-46.32825010083525,-7.672421767795519,137.0,4.069343065693431,2021,9,September,3,Monday,False,38
2021-09-20,CITY MARKET,PIZZA INN,431.32451431014687,301.75,-129.57451431014687,-30.041073486719423,42.0,7.184523809523809,2021,9,September,3,Monday,False,38
2021-09-20,JUNCTION,CHICKEN INN,1781.1935884176137,2228.25,447.0564115823863,25.098698675394665,283.0,7.873674911660777,2021,9,September,3,Monday,False,38
2021-09-20,JUNCTION,PIZZA INN,3763.931051830027,4067.5,303.5689481699728,8.065210121805427,296.0,13.741554054054054,2021,9,September,3,Monday,False,38
2021-09-20,JUNCTION,CREAMY INN,391.22686538125686,610.0,218.77313461874317,55.91976266904504,105.0,5.809523809523809,2021,9,September,3,Monday,False,38
2021-09-20,JUNCTION,GALITOS,1528.0032889799725,1655.25,127.24671102002752,8.327646408730692,168.0,9.852678571428571,2021,9,September,3,Monday,False,38
2021-09-20,Bon Marche,CHICKEN INN,1219.042677657593,782.0,-437.042677657593,-35.85130247428059,84.0,9.30952380952381,2021,9,September,3,Monday,False,38
2021-09-20,Bon Marche,PIZZA INN,2706.3691184986706,1265.5,-1440.8691184986706,-53.23993348320415,80.0,15.81875,2021,9,September,3,Monday,False,38
2021-09-20,Bon Marche,CREAMY INN,259.942832957207,314.25,54.30716704279303,20.89196552371703,65.0,4.834615384615384,2021,9,September,3,Monday,False,38
2021-09-20,Bon Marche,GALITOS,775.8730980286564,685.5,-90.3730980286564,-11.64792261238042,64.0,10.7109375,2021,9,September,3,Monday,False,38
2021-09-20,OASIS,CHICKEN INN,667.5473729543497,798.5,130.95262704565027,19.61697886190401,95.0,8.405263157894737,2021,9,September,3,Monday,False,38
2021-09-20,OASIS,PIZZA INN,1941.5042070340892,1645.25,-296.2542070340894,-15.259004124778992,136.0,12.097426470588236,2021,9,September,3,Monday,False,38
2021-09-20,OASIS,CREAMY INN,187.5064655100495,155.0,-32.50646551004951,-17.33618380658309,40.0,3.875,2021,9,September,3,Monday,False,38
2021-09-21,LA PIAZZA,CHICKEN INN,1058.5481382533571,1292.5,233.9518617466429,22.101201947477985,199.0,6.494974874371859,2021,9,September,3,Tuesday,False,38
2021-09-21,LA PIAZZA,PIZZA INN,3815.145643357389,4175.75,360.6043566426106,9.451915873001193,280.0,14.913392857142858,2021,9,September,3,Tuesday,False,38
2021-09-21,LA PIAZZA,CREAMY INN,395.6395523878868,605.75,210.1104476121132,53.1065325354832,143.0,4.236013986013986,2021,9,September,3,Tuesday,False,38
2021-09-21,LA PIAZZA,GALITOS,585.4577736295342,739.5,154.04222637046576,26.311415324709746,86.0,8.598837209302326,2021,9,September,3,Tuesday,False,38
2021-09-21,CARREFOUR,CHICKEN INN,1286.239822011914,1397.75,111.51017798808608,8.669470193642722,182.0,7.679945054945055,2021,9,September,3,Tuesday,False,38
2021-09-21,CARREFOUR,PIZZA INN,7515.204395798563,8217.5,702.2956042014366,9.34499671883922,509.0,16.144400785854618,2021,9,September,3,Tuesday,False,38
2021-09-21,CARREFOUR,CREAMY INN,638.0809348606587,904.25,266.16906513934134,41.713997488024965,210.0,4.305952380952381,2021,9,September,3,Tuesday,False,38
2021-09-21,CARREFOUR,GALITOS,764.2766783529822,784.0,19.72332164701777,2.5806520342242507,91.0,8.615384615384615,2021,9,September,3,Tuesday,False,38
2021-09-21,CITY MARKET,CHICKEN INN,526.2113476097153,594.75,68.53865239028471,13.024928615017062,156.0,3.8125,2021,9,September,3,Tuesday,False,38
2021-09-21,CITY MARKET,PIZZA INN,727.8459002075366,648.5,-79.3459002075366,-10.901469690893643,70.0,9.264285714285714,2021,9,September,3,Tuesday,False,38
2021-09-21,JUNCTION,CHICKEN INN,1978.976485148169,2447.25,468.2735148518309,23.662409248726902,303.0,8.076732673267326,2021,9,September,3,Tuesday,False,38
2021-09-21,JUNCTION,PIZZA INN,4270.182100608173,7393.0,3122.8178993918277,73.13078987772127,468.0,15.797008547008549,2021,9,September,3,Tuesday,False,38
2021-09-21,JUNCTION,CREAMY INN,319.1551042165032,469.5,150.34489578349678,47.10715692690544,112.0,4.191964285714286,2021,9,September,3,Tuesday,False,38
2021-09-21,JUNCTION,GALITOS,1388.9413194314593,1181.25,-207.6913194314593,-14.953210515507912,147.0,8.035714285714286,2021,9,September,3,Tuesday,False,38
2021-09-21,Bon Marche,CHICKEN INN,1354.4046021519914,644.0,-710.4046021519914,-52.45143150157945,68.0,9.470588235294118,2021,9,September,3,Tuesday,False,38
2021-09-21,Bon Marche,PIZZA INN,3070.37743473884,1994.75,-1075.6274347388398,-35.03241727121183,117.0,17.049145299145298,2021,9,September,3,Tuesday,False,38
2021-09-21,Bon Marche,CREAMY INN,212.0561988040944,343.25,131.19380119590562,61.86746812202716,66.0,5.200757575757576,2021,9,September,3,Tuesday,False,38
2021-09-21,Bon Marche,GALITOS,705.2617047746555,595.5,-109.76170477465551,-15.563258862853822,56.0,10.633928571428571,2021,9,September,3,Tuesday,False,38
2021-09-21,OASIS,CHICKEN INN,632.8264557721922,709.75,76.92354422780784,12.155551261513494,86.0,8.252906976744185,2021,9,September,3,Tuesday,False,38
2021-09-21,OASIS,PIZZA INN,2709.5855297368043,2761.25,51.66447026319565,1.9067296343368827,223.0,12.382286995515695,2021,9,September,3,Tuesday,False,38
2021-09-21,OASIS,CREAMY INN,98.4839004628471,117.0,18.516099537152897,18.801143588071096,52.0,2.25,2021,9,September,3,Tuesday,False,38
2021-09-22,LA PIAZZA,CHICKEN INN,844.3957139514198,1134.0,289.6042860485802,34.29722359595514,172.0,6.593023255813954,2021,9,September,3,Wednesday,False,38
2021-09-22,LA PIAZZA,PIZZA INN,1504.312905929405,1670.0,165.68709407059532,11.014137645002082,166.0,10.060240963855422,2021,9,September,3,Wednesday,False,38
2021-09-22,LA PIAZZA,CREAMY INN,352.3039011594206,469.25,116.9460988405794,33.19466473567667,110.0,4.265909090909091,2021,9,September,3,Wednesday,False,38
2021-09-22,LA PIAZZA,GALITOS,599.761846933637,572.0,-27.761846933637003,-4.628811765131973,95.0,6.021052631578947,2021,9,September,3,Wednesday,False,38
2021-09-22,CARREFOUR,CHICKEN INN,874.2584028226423,1132.25,257.9915971773577,29.50976465818373,177.0,6.396892655367232,2021,9,September,3,Wednesday,False,38
2021-09-22,CARREFOUR,PIZZA INN,2485.4307264169347,3039.75,554.3192735830653,22.30274485992966,215.0,14.138372093023255,2021,9,September,3,Wednesday,False,38
2021-09-22,CARREFOUR,CREAMY INN,651.2345870369785,753.0,101.7654129630215,15.626536886813575,182.0,4.137362637362638,2021,9,September,3,Wednesday,False,38
2021-09-22,CARREFOUR,GALITOS,669.1120494345776,544.25,-124.86204943457756,-18.66085800428945,64.0,8.50390625,2021,9,September,3,Wednesday,False,38
2021-09-22,CITY MARKET,CHICKEN INN,506.23250938307183,683.0,176.76749061692817,34.91824158672635,178.0,3.837078651685393,2021,9,September,3,Wednesday,False,38
2021-09-22,CITY MARKET,PIZZA INN,401.9736520569577,280.0,-121.97365205695768,-30.34369328258227,43.0,6.511627906976744,2021,9,September,3,Wednesday,False,38
2021-09-22,JUNCTION,CHICKEN INN,1419.8689077245049,1969.25,549.3810922754953,38.69238133793201,227.0,8.67511013215859,2021,9,September,3,Wednesday,False,38
2021-09-22,JUNCTION,PIZZA INN,3733.830151797087,4521.25,787.4198482029128,21.08879665626806,319.0,14.173197492163007,2021,9,September,3,Wednesday,False,38
2021-09-22,JUNCTION,CREAMY INN,254.8896293215901,409.0,154.11037067840988,60.46160884951946,100.0,4.09,2021,9,September,3,Wednesday,False,38
2021-09-22,JUNCTION,GALITOS,1525.5546437229234,1377.0,-148.5546437229234,-9.73774648677248,139.0,9.906474820143885,2021,9,September,3,Wednesday,False,38
2021-09-22,Bon Marche,CHICKEN INN,971.7533267862992,578.75,-393.0033267862991,-40.44270453758123,66.0,8.768939393939394,2021,9,September,3,Wednesday,False,38
2021-09-22,Bon Marche,PIZZA INN,2684.725750124918,1621.25,-1063.4757501249178,-39.612081423044245,104.0,15.588942307692308,2021,9,September,3,Wednesday,False,38
2021-09-22,Bon Marche,CREAMY INN,169.3562947746399,232.75,63.393705225360094,37.432151730596864,69.0,3.3731884057971016,2021,9,September,3,Wednesday,False,38
2021-09-22,Bon Marche,GALITOS,774.6297512405562,462.25,-312.3797512405562,-40.32633019068599,50.0,9.245,2021,9,September,3,Wednesday,False,38
2021-09-22,OASIS,CHICKEN INN,540.7405449847311,665.25,124.50945501526894,23.02572946860952,87.0,7.646551724137931,2021,9,September,3,Wednesday,False,38
2021-09-22,OASIS,PIZZA INN,2032.2585313425948,1983.75,-48.50853134259478,-2.386927184433961,162.0,12.24537037037037,2021,9,September,3,Wednesday,False,38
2021-09-22,OASIS,CREAMY INN,143.64027403751496,169.5,25.859725962485044,18.00311656028391,47.0,3.606382978723404,2021,9,September,3,Wednesday,False,38
2021-09-23,LA PIAZZA,CHICKEN INN,827.6573837027955,1061.5,233.84261629720447,28.253552847077035,169.0,6.281065088757397,2021,9,September,3,Thursday,False,38
2021-09-23,LA PIAZZA,PIZZA INN,1713.6474686925674,3035.5,1321.8525313074326,77.13678311653821,244.0,12.440573770491802,2021,9,September,3,Thursday,False,38
2021-09-23,LA PIAZZA,CREAMY INN,383.3187784437936,500.75,117.43122155620642,30.635394914112062,112.0,4.470982142857143,2021,9,September,3,Thursday,False,38
2021-09-23,LA PIAZZA,GALITOS,420.5953820923589,508.25,87.65461790764107,20.840603972297757,80.0,6.353125,2021,9,September,3,Thursday,False,38
2021-09-23,CARREFOUR,CHICKEN INN,1103.0902148888108,1375.25,272.1597851111892,24.67248656889068,182.0,7.556318681318682,2021,9,September,3,Thursday,False,38
2021-09-23,CARREFOUR,PIZZA INN,2958.7835361204448,4429.25,1470.4664638795552,49.69834548314508,294.0,15.06547619047619,2021,9,September,3,Thursday,False,38
2021-09-23,CARREFOUR,CREAMY INN,529.409129551134,790.25,260.840870448866,49.27018743897052,178.0,4.439606741573034,2021,9,September,3,Thursday,False,38
2021-09-23,CARREFOUR,GALITOS,823.384615551267,859.0,35.61538444873304,4.325485778585754,98.0,8.76530612244898,2021,9,September,3,Thursday,False,38
2021-09-23,CITY MARKET,CHICKEN INN,528.8203994326639,602.5,73.67960056733614,13.93282117073813,156.0,3.8621794871794872,2021,9,September,3,Thursday,False,38
2021-09-23,CITY MARKET,PIZZA INN,332.73557832207143,376.25,43.51442167792857,13.07777842614978,49.0,7.678571428571429,2021,9,September,3,Thursday,False,38
2021-09-23,JUNCTION,CHICKEN INN,1588.390099468401,2306.5,718.1099005315987,45.20992045794884,267.0,8.638576779026216,2021,9,September,3,Thursday,False,38
2021-09-23,JUNCTION,PIZZA INN,4208.044054802212,6989.75,2781.7059451977884,66.10448723851432,452.0,15.464048672566372,2021,9,September,3,Thursday,False,38
2021-09-23,JUNCTION,CREAMY INN,419.05969800282287,496.0,76.94030199717713,18.360224656263377,105.0,4.723809523809524,2021,9,September,3,Thursday,False,38
2021-09-23,JUNCTION,GALITOS,1512.2816891342163,1088.5,-423.7816891342163,-28.022668804304047,135.0,8.062962962962963,2021,9,September,3,Thursday,False,38
2021-09-23,Bon Marche,CHICKEN INN,1087.088642476512,809.0,-278.08864247651195,-25.581045704147392,90.0,8.988888888888889,2021,9,September,3,Thursday,False,38
2021-09-23,Bon Marche,PIZZA INN,3025.6984844771587,2159.75,-865.9484844771587,-28.61978775875266,132.0,16.361742424242426,2021,9,September,3,Thursday,False,38
2021-09-23,Bon Marche,CREAMY INN,278.4357995734516,267.5,-10.935799573451618,-3.9275838775777614,66.0,4.053030303030303,2021,9,September,3,Thursday,False,38
2021-09-23,Bon Marche,GALITOS,767.8901529222775,598.0,-169.89015292227748,-22.12427809833798,50.0,11.96,2021,9,September,3,Thursday,False,38
2021-09-23,OASIS,CHICKEN INN,419.3682953566675,823.25,403.8817046433325,96.3071622521765,103.0,7.992718446601942,2021,9,September,3,Thursday,False,38
2021-09-23,OASIS,PIZZA INN,1868.5121969633344,2913.5,1044.9878030366654,55.9261965073044,215.0,13.551162790697674,2021,9,September,3,Thursday,False,38
2021-09-23,OASIS,CREAMY INN,108.80535727991403,119.0,10.194642720085952,9.369614672427463,54.0,2.203703703703704,2021,9,September,3,Thursday,False,38
2021-09-24,LA PIAZZA,CHICKEN INN,900.4590369528358,1386.0,485.54096304716415,53.9214937183862,171.0,8.105263157894736,2021,9,September,3,Friday,False,38
2021-09-24,LA PIAZZA,PIZZA INN,1603.6104808516195,2054.25,450.6395191483805,28.10155736254992,169.0,12.155325443786982,2021,9,September,3,Friday,False,38
2021-09-24,LA PIAZZA,CREAMY INN,384.6786212926869,496.0,111.32137870731316,28.93880048057391,126.0,3.936507936507936,2021,9,September,3,Friday,False,38
2021-09-24,LA PIAZZA,GALITOS,974.0279249354854,989.25,15.22207506451457,1.562796576445465,120.0,8.24375,2021,9,September,3,Friday,False,38
2021-09-24,CARREFOUR,CHICKEN INN,1227.1230245583772,1520.75,293.6269754416228,23.92807970882093,226.0,6.728982300884955,2021,9,September,3,Friday,False,38
2021-09-24,CARREFOUR,PIZZA INN,3361.253023130577,3889.25,527.9969768694232,15.708337731078084,239.0,16.273012552301257,2021,9,September,3,Friday,False,38
2021-09-24,CARREFOUR,CREAMY INN,490.23700692752976,833.5,343.26299307247024,70.01980434398617,182.0,4.579670329670329,2021,9,September,3,Friday,False,38
2021-09-24,CARREFOUR,GALITOS,1500.5023942233163,1123.25,-377.2523942233165,-25.14173890529433,125.0,8.986,2021,9,September,3,Friday,False,38
2021-09-24,CITY MARKET,CHICKEN INN,609.1849297593062,760.0,150.8150702406938,24.75686164795344,148.0,5.135135135135135,2021,9,September,3,Friday,False,38
2021-09-24,CITY MARKET,PIZZA INN,443.3644710378256,293.0,-150.36447103782564,-33.91441598508179,48.0,6.104166666666667,2021,9,September,3,Friday,False,38
2021-09-24,JUNCTION,CHICKEN INN,2016.5372031037332,2204.25,187.71279689626655,9.30867016028022,268.0,8.224813432835822,2021,9,September,3,Friday,False,38
2021-09-24,JUNCTION,PIZZA INN,5440.422892535975,5176.0,-264.4228925359748,-4.8603371053884725,344.0,15.046511627906977,2021,9,September,3,Friday,False,38
2021-09-24,JUNCTION,CREAMY INN,521.2655095967701,522.0,0.73449040322987,0.1409052372941463,109.0,4.7889908256880735,2021,9,September,3,Friday,False,38
2021-09-24,JUNCTION,GALITOS,1806.6299300834128,2871.5,1064.8700699165868,58.9423463092644,217.0,13.232718894009215,2021,9,September,3,Friday,False,38
2021-09-24,Bon Marche,CHICKEN INN,1380.1110264783729,777.25,-602.8610264783727,-43.68206723314806,93.0,8.35752688172043,2021,9,September,3,Friday,False,38
2021-09-24,Bon Marche,PIZZA INN,3911.812492094894,1375.5,-2536.312492094894,-64.83727165400563,81.0,16.98148148148148,2021,9,September,3,Friday,False,38
2021-09-24,Bon Marche,CREAMY INN,346.34439829539934,235.0,-111.34439829539934,-32.14846229458373,57.0,4.12280701754386,2021,9,September,3,Friday,False,38
2021-09-24,Bon Marche,GALITOS,917.35114116203,824.75,-92.60114116203,-10.094405185426597,68.0,12.128676470588236,2021,9,September,3,Friday,False,38
2021-09-24,OASIS,CHICKEN INN,624.3726672408843,812.0,187.6273327591157,30.050535938455592,94.0,8.638297872340425,2021,9,September,3,Friday,False,38
2021-09-24,OASIS,PIZZA INN,2431.7718336119924,2503.5,71.7281663880076,2.949625676084394,180.0,13.908333333333331,2021,9,September,3,Friday,False,38
2021-09-24,OASIS,CREAMY INN,118.26669269555872,100.0,-18.26669269555873,-15.44533991711489,38.0,2.631578947368421,2021,9,September,3,Friday,False,38
2021-09-25,LA PIAZZA,CHICKEN INN,1242.4154956727652,1581.75,339.33450432723475,27.312481654415127,154.0,10.271103896103895,2021,9,September,3,Saturday,True,38
2021-09-25,LA PIAZZA,PIZZA INN,2742.4249938283638,2180.5,-561.9249938283633,-20.490077033754304,180.0,12.113888888888887,2021,9,September,3,Saturday,True,38
2021-09-25,LA PIAZZA,CREAMY INN,674.7136746352044,623.75,-50.96367463520437,-7.55337805518152,139.0,4.487410071942446,2021,9,September,3,Saturday,True,38
2021-09-25,LA PIAZZA,GALITOS,740.5854486125286,803.25,62.66455138747142,8.461488340727213,75.0,10.71,2021,9,September,3,Saturday,True,38
2021-09-25,CARREFOUR,CHICKEN INN,1885.310948063977,1638.25,-247.0609480639771,-13.104519883984317,224.0,7.313616071428571,2021,9,September,3,Saturday,True,38
2021-09-25,CARREFOUR,PIZZA INN,5302.369007635596,4983.0,-319.36900763559606,-6.023138094985347,309.0,16.12621359223301,2021,9,September,3,Saturday,True,38
2021-09-25,CARREFOUR,CREAMY INN,871.6616947537406,1127.5,255.83830524625944,29.350642202825966,246.0,4.583333333333333,2021,9,September,3,Saturday,True,38
2021-09-25,CARREFOUR,GALITOS,822.6350443774883,1119.0,296.36495562251173,36.02629837472821,120.0,9.325,2021,9,September,3,Saturday,True,38
2021-09-25,CITY MARKET,CHICKEN INN,569.3658293185932,530.75,-38.61582931859323,-6.782252697673824,140.0,3.7910714285714286,2021,9,September,3,Saturday,True,38
2021-09-25,CITY MARKET,PIZZA INN,426.11459755102686,389.0,-37.11459755102686,-8.710003779343047,56.0,6.946428571428571,2021,9,September,3,Saturday,True,38
2021-09-25,JUNCTION,CHICKEN INN,3182.835404695597,3579.75,396.9145953044031,12.47047191692162,386.0,9.273963730569948,2021,9,September,3,Saturday,True,38
2021-09-25,JUNCTION,PIZZA INN,8054.057671441874,8884.0,829.9423285581261,10.30464844448458,513.0,17.317738791423,2021,9,September,3,Saturday,True,38
2021-09-25,JUNCTION,CREAMY INN,984.2070506209074,1055.5,71.29294937909265,7.243694234268696,210.0,5.026190476190476,2021,9,September,3,Saturday,True,38
2021-09-25,JUNCTION,GALITOS,1843.2379874859869,1510.25,-332.98798748598665,-18.065382210365183,143.0,10.561188811188812,2021,9,September,3,Saturday,True,38
2021-09-25,Bon Marche,CHICKEN INN,2178.3214466488485,1215.25,-963.0714466488485,-44.21163130585926,116.0,10.476293103448276,2021,9,September,3,Saturday,True,38
2021-09-25,Bon Marche,PIZZA INN,5791.087206552243,2680.25,-3110.8372065522426,-53.717671580433645,146.0,18.357876712328768,2021,9,September,3,Saturday,True,38
2021-09-25,Bon Marche,CREAMY INN,653.9366071027307,452.25,-201.6866071027307,-30.84192028892589,120.0,3.76875,2021,9,September,3,Saturday,True,38
2021-09-25,Bon Marche,GALITOS,935.939587348364,865.25,-70.68958734836394,-7.5527938238659775,67.0,12.914179104477611,2021,9,September,3,Saturday,True,38
2021-09-25,OASIS,CHICKEN INN,1140.6576096886174,1195.5,54.84239031138259,4.807962516144853,116.0,10.30603448275862,2021,9,September,3,Saturday,True,38
2021-09-25,OASIS,PIZZA INN,3388.5777450908035,2881.75,-506.8277450908036,-14.956946046909191,208.0,13.854567307692308,2021,9,September,3,Saturday,True,38
2021-09-25,OASIS,CREAMY INN,256.505404332142,230.5,-26.005404332142007,-10.138345583732148,60.0,3.841666666666667,2021,9,September,3,Saturday,True,38
2021-09-26,LA PIAZZA,CHICKEN INN,1482.3461760935895,1682.0,199.65382390641025,13.468771810951456,225.0,7.475555555555555,2021,9,September,3,Sunday,True,38
2021-09-26,LA PIAZZA,PIZZA INN,3181.1395303291742,3169.75,-11.38953032917425,-0.3580330325213901,261.0,12.14463601532567,2021,9,September,3,Sunday,True,38
2021-09-26,LA PIAZZA,CREAMY INN,583.6938637274155,662.5,78.80613627258447,13.501278867202013,147.0,4.506802721088436,2021,9,September,3,Sunday,True,38
2021-09-26,LA PIAZZA,GALITOS,817.3585887186044,930.5,113.14141128139556,13.84232243265107,90.0,10.338888888888889,2021,9,September,3,Sunday,True,38
2021-09-26,CARREFOUR,CHICKEN INN,2533.3005163210246,2808.75,275.4494836789754,10.873146786351104,274.0,10.250912408759124,2021,9,September,3,Sunday,True,38
2021-09-26,CARREFOUR,PIZZA INN,7294.62609663137,7612.0,317.3739033686297,4.350790556834596,455.0,16.72967032967033,2021,9,September,3,Sunday,True,38
2021-09-26,CARREFOUR,CREAMY INN,1277.8714541881504,1909.25,631.3785458118496,49.40861177722866,326.0,5.85659509202454,2021,9,September,3,Sunday,True,38
2021-09-26,CARREFOUR,GALITOS,1473.6182899596438,1780.5,306.8817100403562,20.82504758058889,175.0,10.174285714285714,2021,9,September,3,Sunday,True,38
2021-09-26,CITY MARKET,CHICKEN INN,483.7879738292461,588.0,104.21202617075386,21.54084677754633,131.0,4.488549618320611,2021,9,September,3,Sunday,True,38
2021-09-26,CITY MARKET,PIZZA INN,228.2542764147356,316.75,88.49572358526439,38.77067495746217,53.0,5.976415094339623,2021,9,September,3,Sunday,True,38
2021-09-26,JUNCTION,CHICKEN INN,4543.187070029519,4510.5,-32.68707002951851,-0.7194744465872529,502.0,8.985059760956176,2021,9,September,3,Sunday,True,38
2021-09-26,JUNCTION,PIZZA INN,10422.395060576577,13846.25,3423.854939423425,32.85094183748984,736.0,18.812839673913043,2021,9,September,3,Sunday,True,38
2021-09-26,JUNCTION,CREAMY INN,1023.0996153782704,1056.5,33.400384621729586,3.264626837864705,233.0,4.534334763948498,2021,9,September,3,Sunday,True,38
2021-09-26,JUNCTION,GALITOS,2497.5370812214173,1953.25,-544.2870812214173,-21.79295295808919,241.0,8.104771784232366,2021,9,September,3,Sunday,True,38
2021-09-26,Bon Marche,CHICKEN INN,3109.341380387698,2470.75,-638.5913803876979,-20.53783429557269,218.0,11.333715596330276,2021,9,September,3,Sunday,True,38
2021-09-26,Bon Marche,PIZZA INN,7493.986405256633,4183.25,-3310.7364052566327,-44.17857500961474,235.0,17.801063829787235,2021,9,September,3,Sunday,True,38
2021-09-26,Bon Marche,CREAMY INN,679.7779906031924,926.75,246.9720093968076,36.33127474128136,226.0,4.100663716814159,2021,9,September,3,Sunday,True,38
2021-09-26,Bon Marche,GALITOS,1268.1725534388609,1873.75,605.5774465611391,47.75197546414446,134.0,13.98320895522388,2021,9,September,3,Sunday,True,38
2021-09-26,OASIS,CHICKEN INN,1380.9867407929423,2059.5,678.5132592070577,49.13249629156217,229.0,8.993449781659388,2021,9,September,3,Sunday,True,38
2021-09-26,OASIS,PIZZA INN,4803.11016839164,4911.75,108.63983160836052,2.261864246281476,341.0,14.403958944281523,2021,9,September,3,Sunday,True,38
2021-09-26,OASIS,CREAMY INN,284.2701231700521,517.5,233.2298768299479,82.04515980401796,155.0,3.338709677419355,2021,9,September,3,Sunday,True,38
2021-09-27,LA PIAZZA,CHICKEN INN,893.2867194340434,1131.0,237.71328056595652,26.61108414514029,164.0,6.896341463414634,2021,9,September,3,Monday,False,39
2021-09-27,LA PIAZZA,PIZZA INN,1293.9480762334756,1678.0,384.0519237665244,29.680628675955266,168.0,9.988095238095235,2021,9,September,3,Monday,False,39
2021-09-27,LA PIAZZA,CREAMY INN,358.8640221557298,406.75,47.8859778442702,13.343766688177505,98.0,4.150510204081633,2021,9,September,3,Monday,False,39
2021-09-27,LA PIAZZA,GALITOS,627.8375641466342,618.25,-9.587564146634236,-1.5270771763498716,82.0,7.539634146341464,2021,9,September,3,Monday,False,39
2021-09-27,CARREFOUR,CHICKEN INN,960.2749880135462,1483.5,523.2250119864538,54.486997840984365,180.0,8.241666666666667,2021,9,September,3,Monday,False,39
2021-09-27,CARREFOUR,PIZZA INN,2554.000683382359,2924.25,370.24931661764094,14.4968370222715,212.0,13.7936320754717,2021,9,September,3,Monday,False,39
2021-09-27,CARREFOUR,CREAMY INN,626.6368671511719,727.5,100.86313284882806,16.095946174915287,155.0,4.693548387096774,2021,9,September,3,Monday,False,39
2021-09-27,CARREFOUR,GALITOS,566.0807869604331,975.75,409.6692130395669,72.36939010759981,94.0,10.38031914893617,2021,9,September,3,Monday,False,39
2021-09-27,CITY MARKET,CHICKEN INN,592.9667578049346,584.25,-8.71675780493456,-1.4700247004069105,158.0,3.6977848101265822,2021,9,September,3,Monday,False,39
2021-09-27,CITY MARKET,PIZZA INN,342.6227685933726,285.0,-57.6227685933726,-16.81813757735399,48.0,5.9375,2021,9,September,3,Monday,False,39
2021-09-27,JUNCTION,CHICKEN INN,1660.427581177505,1993.0,332.5724188224949,20.02932392791552,246.0,8.101626016260163,2021,9,September,3,Monday,False,39
2021-09-27,JUNCTION,PIZZA INN,4106.753457098629,4602.0,495.24654290137096,12.05932004623566,306.0,15.03921568627451,2021,9,September,3,Monday,False,39
2021-09-27,JUNCTION,CREAMY INN,328.1119993901576,434.5,106.38800060984238,32.42429438959242,95.0,4.573684210526316,2021,9,September,3,Monday,False,39
2021-09-27,JUNCTION,GALITOS,1523.8357271848622,1250.75,-273.0857271848622,-17.920942678602334,145.0,8.625862068965517,2021,9,September,3,Monday,False,39
2021-09-27,Bon Marche,CHICKEN INN,1136.3908436327551,720.75,-415.6408436327552,-36.57551853410365,62.0,11.625,2021,9,September,3,Monday,False,39
2021-09-27,Bon Marche,PIZZA INN,2952.8677811926327,1571.25,-1381.6177811926327,-46.7890160877644,103.0,15.25485436893204,2021,9,September,3,Monday,False,39
2021-09-27,Bon Marche,CREAMY INN,218.0074279040477,355.0,136.99257209595228,62.838488308869564,74.0,4.797297297297297,2021,9,September,3,Monday,False,39
2021-09-27,Bon Marche,GALITOS,773.756938263479,550.5,-223.256938263479,-28.853626665310205,51.0,10.794117647058824,2021,9,September,3,Monday,False,39
2021-09-27,OASIS,CHICKEN INN,786.504254430611,626.25,-160.254254430611,-20.37551018037746,82.0,7.637195121951219,2021,9,September,3,Monday,False,39
2021-09-27,OASIS,PIZZA INN,2838.15415584052,2038.75,-799.4041558405202,-28.1663402319236,161.0,12.66304347826087,2021,9,September,3,Monday,False,39
2021-09-27,OASIS,CREAMY INN,105.79493237493617,87.0,-18.794932374936167,-17.76543729743795,29.0,3.0,2021,9,September,3,Monday,False,39
2021-09-28,LA PIAZZA,CHICKEN INN,836.162454599163,1195.0,358.83754540083703,42.91481199940453,166.0,7.198795180722891,2021,9,September,3,Tuesday,False,39
2021-09-28,LA PIAZZA,PIZZA INN,4481.929922822655,4537.75,55.82007717734541,1.2454473438574143,304.0,14.926809210526317,2021,9,September,3,Tuesday,False,39
2021-09-28,LA PIAZZA,CREAMY INN,343.4723943056194,449.0,105.5276056943806,30.723751731990102,115.0,3.9043478260869566,2021,9,September,3,Tuesday,False,39
2021-09-28,LA PIAZZA,GALITOS,468.1325857063271,584.25,116.11741429367288,24.804386158778662,89.0,6.564606741573034,2021,9,September,3,Tuesday,False,39
2021-09-28,CARREFOUR,CHICKEN INN,1124.6498286100568,1113.5,-11.14982861005683,-0.991404464431101,167.0,6.667664670658683,2021,9,September,3,Tuesday,False,39
2021-09-28,CARREFOUR,PIZZA INN,8010.073752758175,7616.25,-393.82375275817503,-4.916605825540201,434.0,17.54896313364055,2021,9,September,3,Tuesday,False,39
2021-09-28,CARREFOUR,CREAMY INN,721.2572932812451,914.25,192.9927067187549,26.75781701156398,204.0,4.481617647058823,2021,9,September,3,Tuesday,False,39
2021-09-28,CARREFOUR,GALITOS,757.6696334707058,762.25,4.580366529294224,0.6045334703877,110.0,6.929545454545455,2021,9,September,3,Tuesday,False,39
2021-09-28,CITY MARKET,CHICKEN INN,598.7582794338969,566.75,-32.00827943389686,-5.345776506699743,161.0,3.520186335403727,2021,9,September,3,Tuesday,False,39
2021-09-28,CITY MARKET,PIZZA INN,692.1310608268601,605.75,-86.38106082686011,-12.480448532921534,74.0,8.18581081081081,2021,9,September,3,Tuesday,False,39
2021-09-28,JUNCTION,CHICKEN INN,1752.0753231612812,2457.0,704.9246768387188,40.233697006063565,275.0,8.934545454545454,2021,9,September,3,Tuesday,False,39
2021-09-28,JUNCTION,PIZZA INN,4802.566527473323,7438.0,2635.433472526677,54.87552244098125,503.0,14.78727634194831,2021,9,September,3,Tuesday,False,39
2021-09-28,JUNCTION,CREAMY INN,374.463683937762,733.5,359.03631606223803,95.8801431120653,146.0,5.023972602739726,2021,9,September,3,Tuesday,False,39
2021-09-28,JUNCTION,GALITOS,1327.5143774864102,1600.0,272.48562251358976,20.526001611336916,194.0,8.24742268041237,2021,9,September,3,Tuesday,False,39
2021-09-28,Bon Marche,CHICKEN INN,1199.114238504408,923.0,-276.1142385044081,-23.0265165434772,96.0,9.614583333333334,2021,9,September,3,Tuesday,False,39
2021-09-28,Bon Marche,PIZZA INN,3453.176362826782,2098.25,-1354.9263628267822,-39.23710290075178,133.0,15.776315789473683,2021,9,September,3,Tuesday,False,39
2021-09-28,Bon Marche,CREAMY INN,248.8048737335956,377.0,128.19512626640443,51.5243629848134,83.0,4.542168674698795,2021,9,September,3,Tuesday,False,39
2021-09-28,Bon Marche,GALITOS,674.0709919711858,442.0,-232.07099197118575,-34.428271611650366,54.0,8.185185185185185,2021,9,September,3,Tuesday,False,39
2021-09-28,OASIS,CHICKEN INN,421.17982147051913,907.75,486.57017852948087,115.52551991466638,123.0,7.380081300813008,2021,9,September,3,Tuesday,False,39
2021-09-28,OASIS,PIZZA INN,2437.0450206513246,3227.0,789.9549793486754,32.414459833719114,246.0,13.117886178861788,2021,9,September,3,Tuesday,False,39
2021-09-28,OASIS,CREAMY INN,134.6089993225814,231.0,96.3910006774186,71.60813999250082,73.0,3.164383561643836,2021,9,September,3,Tuesday,False,39
2021-09-29,LA PIAZZA,CHICKEN INN,844.3957139514198,1259.0,414.6042860485802,49.100709442070126,198.0,6.358585858585859,2021,9,September,3,Wednesday,False,39
2021-09-29,LA PIAZZA,PIZZA INN,1504.312905929405,2257.5,753.1870940705953,50.06851241532468,212.0,10.648584905660377,2021,9,September,3,Wednesday,False,39
2021-09-29,LA PIAZZA,CREAMY INN,352.3039011594206,443.75,91.4460988405794,25.95659558115402,119.0,3.728991596638656,2021,9,September,3,Wednesday,False,39
2021-09-29,LA PIAZZA,GALITOS,599.761846933637,578.75,-21.011846933637003,-3.503365050821904,97.0,5.966494845360825,2021,9,September,3,Wednesday,False,39
2021-09-29,CARREFOUR,CHICKEN INN,874.2584028226423,1097.5,223.24159717735768,25.534967288458063,168.0,6.532738095238095,2021,9,September,3,Wednesday,False,39
2021-09-29,CARREFOUR,PIZZA INN,2485.4307264169347,3592.75,1107.3192735830653,44.552409440089576,226.0,15.89712389380531,2021,9,September,3,Wednesday,False,39
2021-09-29,CARREFOUR,CREAMY INN,651.2345870369785,833.0,181.7654129630215,27.91089671542591,203.0,4.103448275862069,2021,9,September,3,Wednesday,False,39
2021-09-29,CARREFOUR,GALITOS,669.1120494345776,856.5,187.38795056542244,28.005466457190785,104.0,8.235576923076923,2021,9,September,3,Wednesday,False,39
2021-09-29,CITY MARKET,CHICKEN INN,506.23250938307183,594.75,88.51749061692817,17.48554053251171,172.0,3.457848837209302,2021,9,September,3,Wednesday,False,39
2021-09-29,CITY MARKET,PIZZA INN,401.9736520569577,244.25,-157.7236520569577,-39.237311015252565,46.0,5.309782608695652,2021,9,September,3,Wednesday,False,39
2021-09-29,JUNCTION,CHICKEN INN,1419.8689077245049,2157.0,737.1310922754953,51.91543305619874,243.0,8.876543209876543,2021,9,September,3,Wednesday,False,39
2021-09-29,JUNCTION,PIZZA INN,3733.830151797087,4394.25,660.4198482029128,17.687463579055777,320.0,13.73203125,2021,9,September,3,Wednesday,False,39
2021-09-29,JUNCTION,CREAMY INN,254.8896293215901,497.0,242.11037067840988,94.9863559858464,115.0,4.321739130434783,2021,9,September,3,Wednesday,False,39
2021-09-29,JUNCTION,GALITOS,1525.5546437229234,1152.5,-373.0546437229234,-24.453705755995124,132.0,8.731060606060606,2021,9,September,3,Wednesday,False,39
2021-09-29,Bon Marche,CHICKEN INN,971.7533267862992,575.75,-396.0033267862991,-40.75142485963264,70.0,8.225,2021,9,September,3,Wednesday,False,39
2021-09-29,Bon Marche,PIZZA INN,2684.725750124918,1778.25,-906.4757501249178,-33.764184296393786,101.0,17.606435643564357,2021,9,September,3,Wednesday,False,39
2021-09-29,Bon Marche,CREAMY INN,169.3562947746399,393.25,223.8937052253601,132.20276549111583,93.0,4.228494623655914,2021,9,September,3,Wednesday,False,39
2021-09-29,Bon Marche,GALITOS,774.6297512405562,467.0,-307.6297512405562,-39.713134016333925,50.0,9.34,2021,9,September,3,Wednesday,False,39
2021-09-29,OASIS,CHICKEN INN,540.7405449847311,712.25,171.50945501526894,31.717513437079493,97.0,7.342783505154639,2021,9,September,3,Wednesday,False,39
2021-09-29,OASIS,PIZZA INN,2032.2585313425948,2031.75,-0.5085313425947788,-0.0250229650781105,167.0,12.166167664670658,2021,9,September,3,Wednesday,False,39
2021-09-29,OASIS,CREAMY INN,143.64027403751496,101.0,-42.64027403751496,-29.685458568798374,26.0,3.8846153846153846,2021,9,September,3,Wednesday,False,39
2021-09-30,LA PIAZZA,CHICKEN INN,1152.3406572002054,987.0,-165.34065720020544,-14.348244693711218,172.0,5.738372093023256,2021,9,September,3,Thursday,False,39
2021-09-30,LA PIAZZA,PIZZA INN,1372.2707602309913,3158.25,1785.9792397690087,130.14772969937644,262.0,12.0543893129771,2021,9,September,3,Thursday,False,39
2021-09-30,LA PIAZZA,CREAMY INN,472.9787465026892,533.75,60.7712534973108,12.848622469120876,126.0,4.236111111111111,2021,9,September,3,Thursday,False,39
2021-09-30,LA PIAZZA,GALITOS,505.7920320330732,434.46,-71.33203203307318,-14.103035934818534,78.0,5.569999999999999,2021,9,September,3,Thursday,False,39
2021-09-30,CARREFOUR,CHICKEN INN,1191.1877847965986,1471.75,280.56221520340137,23.5531474368929,189.0,7.787037037037037,2021,9,September,3,Thursday,False,39
2021-09-30,CARREFOUR,PIZZA INN,2875.120552269738,5113.0,2237.879447730262,77.83602137877622,311.0,16.440514469453376,2021,9,September,3,Thursday,False,39
2021-09-30,CARREFOUR,CREAMY INN,616.5589057507988,860.75,244.19109424920123,39.60547677952098,199.0,4.325376884422111,2021,9,September,3,Thursday,False,39
2021-09-30,CARREFOUR,GALITOS,794.5299891297224,840.0,45.47001087027763,5.722881639758191,84.0,10.0,2021,9,September,3,Thursday,False,39
2021-09-30,CITY MARKET,CHICKEN INN,684.1927804274776,622.5,-61.6927804274776,-9.016871003656671,179.0,3.477653631284916,2021,9,September,3,Thursday,False,39
2021-09-30,CITY MARKET,PIZZA INN,426.9745944601468,593.25,166.27540553985318,38.94269300731735,81.0,7.324074074074074,2021,9,September,3,Thursday,False,39
2021-09-30,JUNCTION,CHICKEN INN,1350.259655735933,2313.5,963.2403442640672,71.33741574609007,267.0,8.664794007490636,2021,9,September,3,Thursday,False,39
2021-09-30,JUNCTION,PIZZA INN,3750.460483306999,6892.0,3141.539516693001,83.76410125305262,451.0,15.28159645232816,2021,9,September,3,Thursday,False,39
2021-09-30,JUNCTION,CREAMY INN,350.71749673318993,656.5,305.78250326681007,87.18769554272782,130.0,5.05,2021,9,September,3,Thursday,False,39
2021-09-30,JUNCTION,GALITOS,1214.9902090184337,1561.75,346.7597909815663,28.540130480698,175.0,8.924285714285714,2021,9,September,3,Thursday,False,39
2021-09-30,Bon Marche,CHICKEN INN,924.1129975791432,624.75,-299.3629975791432,-32.39463121537851,76.0,8.220394736842104,2021,9,September,3,Thursday,False,39
2021-09-30,Bon Marche,PIZZA INN,2696.683412209864,2211.75,-484.933412209864,-17.98258594294809,142.0,15.575704225352112,2021,9,September,3,Thursday,False,39
2021-09-30,Bon Marche,CREAMY INN,233.02719658488215,327.75,94.72280341511782,40.64881902341138,66.0,4.965909090909091,2021,9,September,3,Thursday,False,39
2021-09-30,Bon Marche,GALITOS,616.9346783113976,542.75,-74.18467831139765,-12.024721728149142,57.0,9.521929824561404,2021,9,September,3,Thursday,False,39
2021-09-30,OASIS,CHICKEN INN,573.3480150340615,848.0,274.6519849659385,47.90318929588025,112.0,7.571428571428571,2021,9,September,3,Thursday,False,39
2021-09-30,OASIS,PIZZA INN,2657.7556518633696,3148.0,490.2443481366304,18.445802110999814,223.0,14.116591928251122,2021,9,September,3,Thursday,False,39
2021-09-30,OASIS,CREAMY INN,102.3544467692472,114.5,12.145553230752796,11.866170561338013,49.0,2.336734693877551,2021,9,September,3,Thursday,False,39
2021-10-01,LA PIAZZA,CHICKEN INN,1096.3607445303833,1277.75,181.38925546961676,16.54466893078275,202.0,6.325495049504951,2021,10,October,4,Friday,False,39
2021-10-01,LA PIAZZA,PIZZA INN,1834.516384380164,2133.25,298.7336156198362,16.284052743457543,193.0,11.053108808290157,2021,10,October,4,Friday,False,39
2021-10-01,LA PIAZZA,CREAMY INN,430.9798860525696,487.0,56.02011394743039,12.998312858757687,131.0,3.717557251908397,2021,10,October,4,Friday,False,39
2021-10-01,LA PIAZZA,GALITOS,1033.8327265924938,857.46,-176.3727265924938,-17.060083517941745,109.0,7.866605504587156,2021,10,October,4,Friday,False,39
2021-10-01,CARREFOUR,CHICKEN INN,1327.3918645091371,1280.75,-46.64186450913712,-3.513797677702737,194.0,6.60180412371134,2021,10,October,4,Friday,False,39
2021-10-01,CARREFOUR,PIZZA INN,3522.1852232908104,4008.75,486.5647767091896,13.814287036687627,260.0,15.41826923076923,2021,10,October,4,Friday,False,39
2021-10-01,CARREFOUR,CREAMY INN,690.813384030705,917.0,226.18661596929496,32.7420720556337,212.0,4.325471698113208,2021,10,October,4,Friday,False,39
2021-10-01,CARREFOUR,GALITOS,1885.6097087684552,1239.25,-646.3597087684552,-34.278552224394886,120.0,10.327083333333333,2021,10,October,4,Friday,False,39
2021-10-01,CITY MARKET,CHICKEN INN,651.5524142976283,697.0,45.447585702371725,6.975277000755818,198.0,3.5202020202020203,2021,10,October,4,Friday,False,39
2021-10-01,CITY MARKET,PIZZA INN,373.93672941633895,403.25,29.31327058366105,7.839099044754127,74.0,5.449324324324325,2021,10,October,4,Friday,False,39
2021-10-01,JUNCTION,CHICKEN INN,2196.1149402611536,2854.5,658.3850597388464,29.979535572967496,299.0,9.546822742474916,2021,10,October,4,Friday,False,39
2021-10-01,JUNCTION,PIZZA INN,6048.747684843122,6072.25,23.50231515687756,0.3885484464126247,399.0,15.218671679197994,2021,10,October,4,Friday,False,39
2021-10-01,JUNCTION,CREAMY INN,557.2591891652135,627.5,70.24081083478654,12.60469314826532,136.0,4.613970588235294,2021,10,October,4,Friday,False,39
2021-10-01,JUNCTION,GALITOS,1767.2427627279594,2803.5,1036.2572372720406,58.63694898783732,241.0,11.632780082987551,2021,10,October,4,Friday,False,39
2021-10-01,Bon Marche,CHICKEN INN,1503.013442333664,969.5,-533.513442333664,-35.49625221616785,102.0,9.504901960784316,2021,10,October,4,Friday,False,39
2021-10-01,Bon Marche,PIZZA INN,4349.215240895663,2007.75,-2341.465240895662,-53.83649948797359,113.0,17.76769911504425,2021,10,October,4,Friday,False,39
2021-10-01,Bon Marche,CREAMY INN,370.2610657716161,299.75,-70.51106577161607,-19.043607953937187,76.0,3.944078947368421,2021,10,October,4,Friday,False,39
2021-10-01,Bon Marche,GALITOS,897.334169994767,922.5,25.165830005233037,2.8045103871816,89.0,10.365168539325843,2021,10,October,4,Friday,False,39
2021-10-01,OASIS,CHICKEN INN,663.749807183395,937.0,273.250192816605,41.16764929486535,124.0,7.556451612903226,2021,10,October,4,Friday,False,39
2021-10-01,OASIS,PIZZA INN,2808.0813335695266,2577.75,-230.33133356952655,-8.20244523604087,193.0,13.356217616580311,2021,10,October,4,Friday,False,39
2021-10-01,OASIS,CREAMY INN,82.49490398200588,158.5,76.00509601799412,92.13308016525804,45.0,3.522222222222222,2021,10,October,4,Friday,False,39
2021-10-02,LA PIAZZA,CHICKEN INN,1291.036776969965,1792.5,501.4632230300349,38.84190070920815,251.0,7.141434262948208,2021,10,October,4,Saturday,True,39
2021-10-02,LA PIAZZA,PIZZA INN,2579.978148933769,2825.0,245.0218510662312,9.497051405938912,261.0,10.82375478927203,2021,10,October,4,Saturday,True,39
2021-10-02,LA PIAZZA,CREAMY INN,621.1913151716163,295.0,-326.19131517161634,-52.510604576224566,93.0,3.172043010752688,2021,10,October,4,Saturday,True,39
2021-10-02,LA PIAZZA,GALITOS,943.1214270632516,891.75,-51.37142706325153,-5.446957898434668,107.0,8.33411214953271,2021,10,October,4,Saturday,True,39
2021-10-02,CARREFOUR,CHICKEN INN,1708.6745962877644,2294.5,585.8254037122356,34.28536978222707,244.0,9.403688524590164,2021,10,October,4,Saturday,True,39
2021-10-02,CARREFOUR,PIZZA INN,4890.482542100579,4967.75,77.26745789942106,1.5799557044575985,347.0,14.31628242074928,2021,10,October,4,Saturday,True,39
2021-10-02,CARREFOUR,CREAMY INN,923.2383954224094,1020.25,97.01160457759056,10.50775239186243,198.0,5.152777777777778,2021,10,October,4,Saturday,True,39
2021-10-02,CARREFOUR,GALITOS,1687.694847139238,1047.5,-640.1948471392379,-37.93309247962767,110.0,9.522727272727272,2021,10,October,4,Saturday,True,39
2021-10-02,CITY MARKET,CHICKEN INN,570.1663554900032,922.75,352.5836445099968,61.83873199725808,219.0,4.213470319634703,2021,10,October,4,Saturday,True,39
2021-10-02,CITY MARKET,PIZZA INN,392.5360451506032,492.5,99.96395484939676,25.466184847061346,83.0,5.933734939759036,2021,10,October,4,Saturday,True,39
2021-10-02,JUNCTION,CHICKEN INN,3419.867880978297,3329.0,-90.86788097829684,-2.657058229755441,353.0,9.430594900849858,2021,10,October,4,Saturday,True,39
2021-10-02,JUNCTION,PIZZA INN,8589.881043068637,7434.25,-1155.6310430686372,-13.453399846568784,485.0,15.328350515463915,2021,10,October,4,Saturday,True,39
2021-10-02,JUNCTION,CREAMY INN,1144.2238482294704,845.0,-299.2238482294704,-26.15081381955797,166.0,5.090361445783133,2021,10,October,4,Saturday,True,39
2021-10-02,JUNCTION,GALITOS,2126.244930766685,1552.25,-573.9949307666852,-26.99571072273941,165.0,9.407575757575758,2021,10,October,4,Saturday,True,39
2021-10-02,Bon Marche,CHICKEN INN,2340.54570727718,1254.0,-1086.5457072771796,-46.42275106608312,121.0,10.363636363636363,2021,10,October,4,Saturday,True,39
2021-10-02,Bon Marche,PIZZA INN,6176.359718823977,2821.0,-3355.3597188239773,-54.32584680257033,170.0,16.594117647058823,2021,10,October,4,Saturday,True,39
2021-10-02,Bon Marche,CREAMY INN,760.2594084835064,656.25,-104.00940848350638,-13.680778866120775,146.0,4.49486301369863,2021,10,October,4,Saturday,True,39
2021-10-02,Bon Marche,GALITOS,1079.620904606191,1018.0,-61.62090460619106,-5.707642779357655,89.0,11.438202247191011,2021,10,October,4,Saturday,True,39
2021-10-02,OASIS,CHICKEN INN,1098.9154266259154,1605.75,506.8345733740846,46.12134483635904,142.0,11.308098591549296,2021,10,October,4,Saturday,True,39
2021-10-02,OASIS,PIZZA INN,3340.1529535435016,3206.5,-133.65295354350155,-4.001402193325063,233.0,13.761802575107296,2021,10,October,4,Saturday,True,39
2021-10-02,OASIS,CREAMY INN,171.83270322519195,281.5,109.66729677480804,63.82213322401484,69.0,4.079710144927536,2021,10,October,4,Saturday,True,39
2021-10-03,LA PIAZZA,CHICKEN INN,1575.3252973718263,2301.0,725.6747026281737,46.06507010576443,229.0,10.048034934497815,2021,10,October,4,Sunday,True,39
2021-10-03,LA PIAZZA,PIZZA INN,3448.5116411378426,4326.5,877.9883588621574,25.459921561188743,293.0,14.766211604095565,2021,10,October,4,Sunday,True,39
2021-10-03,LA PIAZZA,CREAMY INN,647.0667103298307,694.5,47.4332896701693,7.330509963337634,154.0,4.509740259740259,2021,10,October,4,Sunday,True,39
2021-10-03,LA PIAZZA,GALITOS,1058.930221380999,987.5,-71.430221380999,-6.745507866216492,66.0,14.962121212121213,2021,10,October,4,Sunday,True,39
2021-10-03,CARREFOUR,CHICKEN INN,2720.93663490109,2847.75,126.8133650989098,4.66065116961166,312.0,9.127403846153848,2021,10,October,4,Sunday,True,39
2021-10-03,CARREFOUR,PIZZA INN,8788.416941255666,8332.0,-456.4169412556657,-5.193391987504568,497.0,16.764587525150905,2021,10,October,4,Sunday,True,39
2021-10-03,CARREFOUR,CREAMY INN,1426.687252522115,1528.0,101.31274747788508,7.101258338068359,269.0,5.680297397769516,2021,10,October,4,Sunday,True,39
2021-10-03,CARREFOUR,GALITOS,1841.1605294636545,1695.0,-146.16052946365426,-7.9385000451987775,132.0,12.840909090909092,2021,10,October,4,Sunday,True,39
2021-10-03,CITY MARKET,CHICKEN INN,650.7740196383963,768.5,117.72598036160366,18.090147548763287,135.0,5.692592592592592,2021,10,October,4,Sunday,True,39
2021-10-03,CITY MARKET,PIZZA INN,277.6324886495725,417.75,140.1175113504275,50.468701279151695,61.0,6.848360655737705,2021,10,October,4,Sunday,True,39
2021-10-03,JUNCTION,CHICKEN INN,4519.033511125172,4393.5,-125.53351112517156,-2.7778840501210538,511.0,8.597847358121331,2021,10,October,4,Sunday,True,39
2021-10-03,JUNCTION,PIZZA INN,11220.378116080925,12606.5,1386.1218839190751,12.353611166922263,680.0,18.53897058823529,2021,10,October,4,Sunday,True,39
2021-10-03,JUNCTION,CREAMY INN,1085.3000497211526,933.5,-151.80004972115262,-13.98692000061686,206.0,4.531553398058253,2021,10,October,4,Sunday,True,39
2021-10-03,JUNCTION,GALITOS,2129.519114518262,2090.25,-39.269114518262086,-1.8440367240913689,208.0,10.049278846153848,2021,10,October,4,Sunday,True,39
2021-10-03,Bon Marche,CHICKEN INN,3092.8108493127093,2250.0,-842.8108493127093,-27.25064319727152,199.0,11.306532663316585,2021,10,October,4,Sunday,True,39
2021-10-03,Bon Marche,PIZZA INN,8067.759155065,4551.75,-3516.0091550650004,-43.5809880722285,248.0,18.35383064516129,2021,10,October,4,Sunday,True,39
2021-10-03,Bon Marche,CREAMY INN,721.1085270638848,1301.25,580.1414729361152,80.4513400081759,254.0,5.123031496062992,2021,10,October,4,Sunday,True,39
2021-10-03,Bon Marche,GALITOS,1081.2834022670086,1752.0,670.7165977329914,62.02967661639616,145.0,12.082758620689654,2021,10,October,4,Sunday,True,39
2021-10-03,OASIS,CHICKEN INN,1365.3932497676835,2143.5,778.1067502323165,56.98773963945614,225.0,9.526666666666667,2021,10,October,4,Sunday,True,39
2021-10-03,OASIS,PIZZA INN,4985.407907373883,4896.0,-89.40790737388306,-1.7933920159600265,326.0,15.01840490797546,2021,10,October,4,Sunday,True,39
2021-10-03,OASIS,CREAMY INN,393.4512710839484,331.0,-62.45127108394843,-15.872682508280308,109.0,3.036697247706422,2021,10,October,4,Sunday,True,39
2021-10-04,LA PIAZZA,CHICKEN INN,943.04222202059,1551.0,607.9577779794099,64.46771563173297,240.0,6.4625,2021,10,October,4,Monday,False,40
2021-10-04,LA PIAZZA,PIZZA INN,1653.9473968763582,1872.25,218.3026031236418,13.198884289544374,181.0,10.3439226519337,2021,10,October,4,Monday,False,40
2021-10-04,LA PIAZZA,CREAMY INN,407.7449986801308,596.75,189.0050013198692,46.35372645444523,132.0,4.520833333333333,2021,10,October,4,Monday,False,40
2021-10-04,LA PIAZZA,GALITOS,480.9001324282184,629.25,148.34986757178166,30.84837320021431,72.0,8.739583333333334,2021,10,October,4,Monday,False,40
2021-10-04,CARREFOUR,CHICKEN INN,1262.211679179051,1065.0,-197.2116791790511,-15.624295229728707,145.0,7.344827586206897,2021,10,October,4,Monday,False,40
2021-10-04,CARREFOUR,PIZZA INN,2900.50003658803,2730.75,-169.75003658803007,-5.852440422228492,196.0,13.932397959183673,2021,10,October,4,Monday,False,40
2021-10-04,CARREFOUR,CREAMY INN,760.499675961134,722.25,-38.24967596113402,-5.029545333177604,170.0,4.248529411764705,2021,10,October,4,Monday,False,40
2021-10-04,CARREFOUR,GALITOS,1053.4591981970595,591.75,-461.7091981970596,-43.82791464417898,65.0,9.103846153846154,2021,10,October,4,Monday,False,40
2021-10-04,CITY MARKET,CHICKEN INN,677.6415227106882,648.75,-28.89152271068815,-4.263540787039858,162.0,4.00462962962963,2021,10,October,4,Monday,False,40
2021-10-04,CITY MARKET,PIZZA INN,395.2756740898395,262.25,-133.02567408983953,-33.65389848392366,53.0,4.94811320754717,2021,10,October,4,Monday,False,40
2021-10-04,JUNCTION,CHICKEN INN,1975.0639140973617,1534.5,-440.5639140973617,-22.306311757951743,205.0,7.485365853658537,2021,10,October,4,Monday,False,40
2021-10-04,JUNCTION,PIZZA INN,4976.871500432529,3005.0,-1971.8715004325288,-39.62070349337245,222.0,13.536036036036036,2021,10,October,4,Monday,False,40
2021-10-04,JUNCTION,CREAMY INN,277.03116222555195,395.5,118.46883777444803,42.76372261615595,85.0,4.652941176470589,2021,10,October,4,Monday,False,40
2021-10-04,JUNCTION,GALITOS,1486.7543546761676,1147.5,-339.2543546761676,-22.81845374181273,116.0,9.892241379310343,2021,10,October,4,Monday,False,40
2021-10-04,Bon Marche,CHICKEN INN,1351.726887301931,455.25,-896.4768873019309,-66.32085931880171,57.0,7.986842105263157,2021,10,October,4,Monday,False,40
2021-10-04,Bon Marche,PIZZA INN,3578.506909107717,1379.0,-2199.506909107717,-61.46437508642825,91.0,15.153846153846152,2021,10,October,4,Monday,False,40
2021-10-04,Bon Marche,CREAMY INN,184.0684826233915,161.0,-23.068482623391503,-12.53255434858458,46.0,3.5,2021,10,October,4,Monday,False,40
2021-10-04,Bon Marche,GALITOS,754.9135370513956,222.5,-532.4135370513956,-70.52642599719975,27.0,8.24074074074074,2021,10,October,4,Monday,False,40
2021-10-04,OASIS,CHICKEN INN,639.302300473141,709.0,69.69769952685897,10.902150590616742,85.0,8.341176470588236,2021,10,October,4,Monday,False,40
2021-10-04,OASIS,PIZZA INN,2324.64783952115,1867.0,-457.6478395211502,-19.68675993588002,149.0,12.53020134228188,2021,10,October,4,Monday,False,40
2021-10-04,OASIS,CREAMY INN,139.51903115850763,63.0,-76.51903115850763,-54.84486992428605,30.0,2.1,2021,10,October,4,Monday,False,40
2021-10-05,LA PIAZZA,CHICKEN INN,971.1689685977028,1140.0,168.8310314022972,17.384310749351567,191.0,5.968586387434555,2021,10,October,4,Tuesday,False,40
2021-10-05,LA PIAZZA,PIZZA INN,4537.176863887222,4572.75,35.57313611277823,0.7840367960066909,322.0,14.201086956521738,2021,10,October,4,Tuesday,False,40
2021-10-05,LA PIAZZA,CREAMY INN,432.4187256244594,463.0,30.5812743755406,7.072143865041444,117.0,3.957264957264957,2021,10,October,4,Tuesday,False,40
2021-10-05,LA PIAZZA,GALITOS,591.3587460669991,671.75,80.39125393300094,13.594329071425094,107.0,6.27803738317757,2021,10,October,4,Tuesday,False,40
2021-10-05,CARREFOUR,CHICKEN INN,1321.4052835464004,1142.0,-179.40528354640037,-13.576855320640972,172.0,6.6395348837209305,2021,10,October,4,Tuesday,False,40
2021-10-05,CARREFOUR,PIZZA INN,8063.675928867074,6411.5,-1652.1759288670737,-20.489116172842035,394.0,16.272842639593907,2021,10,October,4,Tuesday,False,40
2021-10-05,CARREFOUR,CREAMY INN,610.046645101742,785.75,175.703354898258,28.80162628694641,200.0,3.92875,2021,10,October,4,Tuesday,False,40
2021-10-05,CARREFOUR,GALITOS,851.5134283934256,688.5,-163.01342839342556,-19.14396449401715,92.0,7.483695652173913,2021,10,October,4,Tuesday,False,40
2021-10-05,CITY MARKET,CHICKEN INN,602.0289872033253,535.75,-66.2789872033253,-11.009268425963793,161.0,3.327639751552795,2021,10,October,4,Tuesday,False,40
2021-10-05,CITY MARKET,PIZZA INN,654.8165580562722,689.75,34.93344194372776,5.33484401301986,85.0,8.114705882352942,2021,10,October,4,Tuesday,False,40
2021-10-05,JUNCTION,CHICKEN INN,1474.2831750814998,1855.0,380.71682491850015,25.823860120865437,249.0,7.449799196787149,2021,10,October,4,Tuesday,False,40
2021-10-05,JUNCTION,PIZZA INN,3663.094247931277,5435.0,1771.905752068723,48.37183081132576,388.0,14.007731958762887,2021,10,October,4,Tuesday,False,40
2021-10-05,JUNCTION,CREAMY INN,285.7692591107848,447.0,161.23074088921527,56.41990373314108,112.0,3.991071428571429,2021,10,October,4,Tuesday,False,40
2021-10-05,JUNCTION,GALITOS,1559.2112912855011,1427.0,-132.21129128550115,-8.479369795770191,142.0,10.049295774647888,2021,10,October,4,Tuesday,False,40
2021-10-05,Bon Marche,CHICKEN INN,1008.9942877444958,591.0,-417.99428774449575,-41.42682399906143,76.0,7.776315789473684,2021,10,October,4,Tuesday,False,40
2021-10-05,Bon Marche,PIZZA INN,2633.8650844803988,1839.75,-794.1150844803988,-30.15018078031356,126.0,14.601190476190476,2021,10,October,4,Tuesday,False,40
2021-10-05,Bon Marche,CREAMY INN,189.87435739126852,273.0,83.12564260873145,43.77928844674738,74.0,3.689189189189189,2021,10,October,4,Tuesday,False,40
2021-10-05,Bon Marche,GALITOS,791.704229560633,439.0,-352.70422956063305,-44.549999405254034,42.0,10.452380952380953,2021,10,October,4,Tuesday,False,40
2021-10-05,OASIS,CHICKEN INN,620.9666704404506,787.5,166.53332955954943,26.81840064643528,94.0,8.377659574468085,2021,10,October,4,Tuesday,False,40
2021-10-05,OASIS,PIZZA INN,2949.909036853952,2798.5,-151.40903685395187,-5.132667989499367,213.0,13.13849765258216,2021,10,October,4,Tuesday,False,40
2021-10-05,OASIS,CREAMY INN,127.3538840275206,112.0,-15.353884027520593,-12.056078340102047,55.0,2.036363636363636,2021,10,October,4,Tuesday,False,40
2021-10-06,LA PIAZZA,CHICKEN INN,839.6438974150481,995.0,155.35610258495194,18.5026179625953,186.0,5.349462365591398,2021,10,October,4,Wednesday,False,40
2021-10-06,LA PIAZZA,PIZZA INN,1550.1675129924702,1418.5,-131.66751299247017,-8.49376031228373,151.0,9.394039735099335,2021,10,October,4,Wednesday,False,40
2021-10-06,LA PIAZZA,CREAMY INN,373.0073004445078,373.5,0.4926995554922087,0.1320884483775693,96.0,3.890625,2021,10,October,4,Wednesday,False,40
2021-10-06,LA PIAZZA,GALITOS,511.4803925480842,662.75,151.26960745191582,29.574859497218164,88.0,7.53125,2021,10,October,4,Wednesday,False,40
2021-10-06,CARREFOUR,CHICKEN INN,1290.0093437550345,1139.75,-150.25934375503425,-11.647926775293785,178.0,6.40308988764045,2021,10,October,4,Wednesday,False,40
2021-10-06,CARREFOUR,PIZZA INN,3014.6528120749817,2897.5,-117.15281207498174,-3.8861129084495007,209.0,13.863636363636363,2021,10,October,4,Wednesday,False,40
2021-10-06,CARREFOUR,CREAMY INN,575.5456322368331,738.5,162.95436776316694,28.31302309251343,198.0,3.72979797979798,2021,10,October,4,Wednesday,False,40
2021-10-06,CARREFOUR,GALITOS,915.4256157909532,970.5,55.07438420904691,6.016259896929049,100.0,9.705,2021,10,October,4,Wednesday,False,40
2021-10-06,CITY MARKET,CHICKEN INN,572.5118493307348,666.75,94.23815066926522,16.460471653019834,194.0,3.436855670103093,2021,10,October,4,Wednesday,False,40
2021-10-06,CITY MARKET,PIZZA INN,347.1587416010887,286.0,-61.15874160108871,-17.6169383835838,55.0,5.2,2021,10,October,4,Wednesday,False,40
2021-10-06,JUNCTION,CHICKEN INN,1541.1278176180344,1756.5,215.3721823819656,13.9749720899104,207.0,8.485507246376812,2021,10,October,4,Wednesday,False,40
2021-10-06,JUNCTION,PIZZA INN,3605.451660486497,3580.0,-25.45166048649708,-0.7059215566646313,253.0,14.150197628458498,2021,10,October,4,Wednesday,False,40
2021-10-06,JUNCTION,CREAMY INN,149.52192962849608,337.0,187.47807037150392,125.38499926887924,88.0,3.829545454545455,2021,10,October,4,Wednesday,False,40
2021-10-06,JUNCTION,GALITOS,1275.6903059167266,1169.0,-106.69030591672664,-8.363339081741918,128.0,9.1328125,2021,10,October,4,Wednesday,False,40
2021-10-06,Bon Marche,CHICKEN INN,1054.7425290767335,502.5,-552.2425290767335,-52.35804130891904,61.0,8.237704918032787,2021,10,October,4,Wednesday,False,40
2021-10-06,Bon Marche,PIZZA INN,2592.41848546492,1630.0,-962.4184854649202,-37.12434897609989,105.0,15.523809523809524,2021,10,October,4,Wednesday,False,40
2021-10-06,Bon Marche,CREAMY INN,99.3472159757639,229.75,130.4027840242361,131.2596258923333,58.0,3.961206896551724,2021,10,October,4,Wednesday,False,40
2021-10-06,Bon Marche,GALITOS,647.7437769008811,454.5,-193.24377690088116,-29.833366802140908,50.0,9.09,2021,10,October,4,Wednesday,False,40
2021-10-06,OASIS,CHICKEN INN,625.5505779486232,771.0,145.4494220513768,23.25142477341339,108.0,7.138888888888889,2021,10,October,4,Wednesday,False,40
2021-10-06,OASIS,PIZZA INN,2351.512699708705,1736.5,-615.0126997087054,-26.153917849769236,151.0,11.5,2021,10,October,4,Wednesday,False,40
2021-10-06,OASIS,CREAMY INN,123.55227554908714,114.5,-9.052275549087142,-7.32667650907869,38.0,3.013157894736842,2021,10,October,4,Wednesday,False,40
2021-10-07,LA PIAZZA,CHICKEN INN,1181.0139711259442,974.5,-206.51397112594415,-17.4861581805895,171.0,5.6988304093567255,2021,10,October,4,Thursday,False,40
2021-10-07,LA PIAZZA,PIZZA INN,1793.9857114611027,2527.0,733.0142885388973,40.85953883890733,229.0,11.034934497816591,2021,10,October,4,Thursday,False,40
2021-10-07,LA PIAZZA,CREAMY INN,453.9776020670048,392.25,-61.72760206700474,-13.597058926685564,105.0,3.7357142857142858,2021,10,October,4,Thursday,False,40
2021-10-07,LA PIAZZA,GALITOS,677.335993596048,678.25,0.914006403952044,0.1349413603578761,96.0,7.065104166666667,2021,10,October,4,Thursday,False,40
2021-10-07,CARREFOUR,CHICKEN INN,1212.6029309898213,1042.25,-170.3529309898213,-14.048533665572284,141.0,7.391843971631205,2021,10,October,4,Thursday,False,40
2021-10-07,CARREFOUR,PIZZA INN,2833.450863466598,4168.75,1335.299136533402,47.12624996431822,275.0,15.159090909090908,2021,10,October,4,Thursday,False,40
2021-10-07,CARREFOUR,CREAMY INN,473.8465681709905,774.25,300.40343182900955,63.39677271242938,187.0,4.140374331550802,2021,10,October,4,Thursday,False,40
2021-10-07,CARREFOUR,GALITOS,907.3728985576372,743.25,-164.1228985576371,-18.08770118862128,88.0,8.446022727272727,2021,10,October,4,Thursday,False,40
2021-10-07,CITY MARKET,CHICKEN INN,554.2324621675832,564.75,10.517537832416792,1.8976762550650823,174.0,3.2456896551724137,2021,10,October,4,Thursday,False,40
2021-10-07,CITY MARKET,PIZZA INN,314.52950959268065,457.75,143.22049040731935,45.53483410596085,71.0,6.447183098591549,2021,10,October,4,Thursday,False,40
2021-10-07,JUNCTION,CHICKEN INN,1650.1148172792446,1714.0,63.88518272075544,3.8715598485498792,190.0,9.021052631578948,2021,10,October,4,Thursday,False,40
2021-10-07,JUNCTION,PIZZA INN,3789.820029564274,4761.5,971.679970435726,25.639211436313047,329.0,14.472644376899696,2021,10,October,4,Thursday,False,40
2021-10-07,JUNCTION,CREAMY INN,432.7235481911229,327.5,-105.22354819112292,-24.31657547433688,90.0,3.638888888888889,2021,10,October,4,Thursday,False,40
2021-10-07,JUNCTION,GALITOS,1572.0830823699466,1282.5,-289.5830823699466,-18.420342131879845,152.0,8.4375,2021,10,October,4,Thursday,False,40
2021-10-07,Bon Marche,CHICKEN INN,1129.332853347709,706.0,-423.332853347709,-37.485215460863735,72.0,9.805555555555555,2021,10,October,4,Thursday,False,40
2021-10-07,Bon Marche,PIZZA INN,2724.9843920808357,2041.75,-683.2343920808353,-25.072965337577884,133.0,15.351503759398495,2021,10,October,4,Thursday,False,40
2021-10-07,Bon Marche,CREAMY INN,287.51554977089665,169.5,-118.01554977089664,-41.04666682025926,48.0,3.53125,2021,10,October,4,Thursday,False,40
2021-10-07,Bon Marche,GALITOS,798.2400028073587,431.0,-367.2400028073587,-46.006213859966834,50.0,8.62,2021,10,October,4,Thursday,False,40
2021-10-07,OASIS,CHICKEN INN,782.3202147281266,747.25,-35.07021472812664,-4.482846546450843,97.0,7.703608247422681,2021,10,October,4,Thursday,False,40
2021-10-07,OASIS,PIZZA INN,3071.035389021284,2193.5,-877.5353890212837,-28.57457755642952,186.0,11.793010752688172,2021,10,October,4,Thursday,False,40
2021-10-07,OASIS,CREAMY INN,159.6675560942049,111.0,-48.66755609420491,-30.480554274589597,40.0,2.775,2021,10,October,4,Thursday,False,40
2021-10-08,LA PIAZZA,CHICKEN INN,848.7434595558157,904.75,56.00654044418434,6.5987595914429775,172.0,5.260174418604652,2021,10,October,4,Friday,False,40
2021-10-08,LA PIAZZA,PIZZA INN,1627.0344960278244,1670.25,43.21550397217561,2.656090210605871,168.0,9.941964285714286,2021,10,October,4,Friday,False,40
2021-10-08,LA PIAZZA,CREAMY INN,448.70449220738686,661.25,212.54550779261317,47.368705124168144,144.0,4.592013888888889,2021,10,October,4,Friday,False,40
2021-10-08,LA PIAZZA,GALITOS,928.0457721763096,819.75,-108.29577217630948,-11.669227469497647,103.0,7.95873786407767,2021,10,October,4,Friday,False,40
2021-10-08,CARREFOUR,CHICKEN INN,1238.012289818451,1103.25,-134.7622898184511,-10.885375769429023,164.0,6.727134146341464,2021,10,October,4,Friday,False,40
2021-10-08,CARREFOUR,PIZZA INN,3210.1461183008814,2975.25,-234.89611830088143,-7.317303002556503,203.0,14.6564039408867,2021,10,October,4,Friday,False,40
2021-10-08,CARREFOUR,CREAMY INN,706.318234076373,715.5,9.18176592362704,1.299947457201598,170.0,4.208823529411765,2021,10,October,4,Friday,False,40
2021-10-08,CARREFOUR,GALITOS,1553.4646950196015,1170.5,-382.9646950196016,-24.652294722074085,113.0,10.358407079646016,2021,10,October,4,Friday,False,40
2021-10-08,CITY MARKET,CHICKEN INN,572.1973985081312,555.25,-16.947398508131187,-2.9618097796874827,166.0,3.344879518072289,2021,10,October,4,Friday,False,40
2021-10-08,CITY MARKET,PIZZA INN,308.13033961167565,322.0,13.869660388324348,4.501231655994578,50.0,6.44,2021,10,October,4,Friday,False,40
2021-10-08,JUNCTION,CHICKEN INN,2049.385947035134,1710.5,-338.885947035134,-16.535974959982696,222.0,7.704954954954955,2021,10,October,4,Friday,False,40
2021-10-08,JUNCTION,PIZZA INN,5050.838624927441,4530.0,-520.8386249274408,-10.311923694353291,309.0,14.66019417475728,2021,10,October,4,Friday,False,40
2021-10-08,JUNCTION,CREAMY INN,438.3662681309481,400.0,-38.36626813094807,-8.752103188625671,101.0,3.96039603960396,2021,10,October,4,Friday,False,40
2021-10-08,JUNCTION,GALITOS,1586.9793687511683,2243.5,656.5206312488317,41.36919762009656,197.0,11.388324873096447,2021,10,October,4,Friday,False,40
2021-10-08,Bon Marche,CHICKEN INN,1402.5926286705287,713.5,-689.0926286705287,-49.12991944950523,76.0,9.388157894736842,2021,10,October,4,Friday,False,40
2021-10-08,Bon Marche,PIZZA INN,3631.6912973381286,1955.0,-1676.6912973381286,-46.16833205418837,112.0,17.455357142857142,2021,10,October,4,Friday,False,40
2021-10-08,Bon Marche,CREAMY INN,291.26475577663376,251.0,-40.26475577663376,-13.82410847109568,59.0,4.254237288135593,2021,10,October,4,Friday,False,40
2021-10-08,Bon Marche,GALITOS,805.8037326229866,800.5,-5.303732622986559,-0.6581916176687691,65.0,12.315384615384616,2021,10,October,4,Friday,False,40
2021-10-08,OASIS,CHICKEN INN,621.2722642743288,757.25,135.9777357256712,21.88697991926273,100.0,7.5725,2021,10,October,4,Friday,False,40
2021-10-08,OASIS,PIZZA INN,2388.091786148618,2573.5,185.4082138513818,7.763864644013448,188.0,13.688829787234043,2021,10,October,4,Friday,False,40
2021-10-08,OASIS,CREAMY INN,180.5764027255889,110.0,-70.5764027255889,-39.0839565194128,48.0,2.2916666666666665,2021,10,October,4,Friday,False,40
2021-10-09,LA PIAZZA,CHICKEN INN,1173.0154560042097,1169.75,-3.2654560042094545,-0.2783813280119078,143.0,8.18006993006993,2021,10,October,4,Saturday,True,40
2021-10-09,LA PIAZZA,PIZZA INN,2573.8034238527707,2460.5,-113.30342385277072,-4.402178612505103,227.0,10.83920704845815,2021,10,October,4,Saturday,True,40
2021-10-09,LA PIAZZA,CREAMY INN,586.2164455779895,614.0,27.783554422010525,4.739470315374193,152.0,4.039473684210527,2021,10,October,4,Saturday,True,40
2021-10-09,LA PIAZZA,GALITOS,603.6501232536627,790.5,186.8498767463373,30.95334027917032,44.0,17.96590909090909,2021,10,October,4,Saturday,True,40
2021-10-09,CARREFOUR,CHICKEN INN,1957.6673328951128,1503.25,-454.4173328951129,-23.212183462401345,200.0,7.51625,2021,10,October,4,Saturday,True,40
2021-10-09,CARREFOUR,PIZZA INN,5190.445227296889,3466.75,-1723.6952272968892,-33.20900523584882,265.0,13.082075471698111,2021,10,October,4,Saturday,True,40
2021-10-09,CARREFOUR,CREAMY INN,951.8453880593262,905.0,-46.84538805932618,-4.921533333773576,214.0,4.228971962616822,2021,10,October,4,Saturday,True,40
2021-10-09,CARREFOUR,GALITOS,1080.0377146247615,869.5,-210.53771462476152,-19.49355210229013,111.0,7.833333333333333,2021,10,October,4,Saturday,True,40
2021-10-09,CITY MARKET,CHICKEN INN,663.8933203519389,859.25,195.35667964806112,29.425914323780194,204.0,4.2120098039215685,2021,10,October,4,Saturday,True,40
2021-10-09,CITY MARKET,PIZZA INN,318.21418484490107,380.5,62.28581515509893,19.5735508099544,81.0,4.697530864197531,2021,10,October,4,Saturday,True,40
2021-10-09,JUNCTION,CHICKEN INN,3564.757113400559,2522.0,-1042.7571134005589,-29.251841857069262,310.0,8.135483870967741,2021,10,October,4,Saturday,True,40
2021-10-09,JUNCTION,PIZZA INN,9095.880642493888,6171.5,-2924.3806424938866,-32.150604844481414,387.0,15.94702842377261,2021,10,October,4,Saturday,True,40
2021-10-09,JUNCTION,CREAMY INN,1093.2363932336405,745.0,-348.23639323364046,-31.853713925824028,113.0,6.592920353982301,2021,10,October,4,Saturday,True,40
2021-10-09,JUNCTION,GALITOS,1854.5876544621497,1279.5,-575.0876544621499,-31.008922823274776,148.0,8.64527027027027,2021,10,October,4,Saturday,True,40
2021-10-09,Bon Marche,CHICKEN INN,2439.707395032088,1319.5,-1120.2073950320882,-45.91564534800924,127.0,10.38976377952756,2021,10,October,4,Saturday,True,40
2021-10-09,Bon Marche,PIZZA INN,6540.187288491314,2071.25,-4468.937288491314,-68.33041763735493,137.0,15.11861313868613,2021,10,October,4,Saturday,True,40
2021-10-09,Bon Marche,CREAMY INN,726.3816909064863,512.0,-214.38169090648623,-29.513641875932905,135.0,3.7925925925925927,2021,10,October,4,Saturday,True,40
2021-10-09,Bon Marche,GALITOS,941.6843620456864,682.25,-259.4343620456864,-27.550034013743108,73.0,9.345890410958903,2021,10,October,4,Saturday,True,40
2021-10-09,OASIS,CHICKEN INN,654.2763983331715,1191.0,536.7236016668285,82.03315953841229,133.0,8.954887218045112,2021,10,October,4,Saturday,True,40
2021-10-09,OASIS,PIZZA INN,2916.2107209578407,2842.5,-73.71072095784075,-2.5276198468137507,223.0,12.746636771300448,2021,10,October,4,Saturday,True,40
2021-10-09,OASIS,CREAMY INN,188.9399413781425,236.5,47.560058621857536,25.17205111579416,51.0,4.637254901960785,2021,10,October,4,Saturday,True,40
2021-10-10,LA PIAZZA,CHICKEN INN,1564.296628057216,1966.0,401.7033719427839,25.6794884510926,246.0,7.991869918699187,2021,10,October,4,Sunday,True,40
2021-10-10,LA PIAZZA,PIZZA INN,2925.6292459003894,3516.5,590.8707540996106,20.19636476247231,289.0,12.167820069204152,2021,10,October,4,Sunday,True,40
2021-10-10,LA PIAZZA,CREAMY INN,626.9466734591751,703.75,76.80332654082486,12.25037627475761,161.0,4.37111801242236,2021,10,October,4,Sunday,True,40
2021-10-10,LA PIAZZA,GALITOS,969.880129555284,1101.75,131.86987044471596,13.59651223138078,146.0,7.546232876712328,2021,10,October,4,Sunday,True,40
2021-10-10,CARREFOUR,CHICKEN INN,2476.9735752981023,2679.0,202.02642470189767,8.156180054427262,304.0,8.8125,2021,10,October,4,Sunday,True,40
2021-10-10,CARREFOUR,PIZZA INN,7668.214919404182,6815.75,-852.4649194041822,-11.116862638357278,428.0,15.92464953271028,2021,10,October,4,Sunday,True,40
2021-10-10,CARREFOUR,CREAMY INN,1644.167268032288,1450.5,-193.6672680322879,-11.779048993236902,273.0,5.313186813186813,2021,10,October,4,Sunday,True,40
2021-10-10,CARREFOUR,GALITOS,1781.443034319865,1771.25,-10.19303431986532,-0.5721785161520421,189.0,9.371693121693122,2021,10,October,4,Sunday,True,40
2021-10-10,CITY MARKET,CHICKEN INN,537.9841180225593,645.75,107.7658819774407,20.03142441705347,136.0,4.748161764705882,2021,10,October,4,Sunday,True,40
2021-10-10,CITY MARKET,PIZZA INN,358.8662568294945,430.5,71.63374317050551,19.961125295917785,74.0,5.817567567567568,2021,10,October,4,Sunday,True,40
2021-10-10,JUNCTION,CHICKEN INN,4513.82623493208,3628.5,-885.3262349320803,-19.61365344728211,354.0,10.25,2021,10,October,4,Sunday,True,40
2021-10-10,JUNCTION,PIZZA INN,10205.045634796104,9812.5,-392.5456347961044,-3.8465838257267855,550.0,17.84090909090909,2021,10,October,4,Sunday,True,40
2021-10-10,JUNCTION,CREAMY INN,1065.256215402529,739.0,-326.25621540252905,-30.627018240794435,149.0,4.959731543624161,2021,10,October,4,Sunday,True,40
2021-10-10,JUNCTION,GALITOS,2339.066874619212,2237.0,-102.06687461921184,-4.363572317094516,196.0,11.41326530612245,2021,10,October,4,Sunday,True,40
2021-10-10,Bon Marche,CHICKEN INN,3089.24700756077,2098.0,-991.2470075607698,-32.08701036643379,203.0,10.334975369458128,2021,10,October,4,Sunday,True,40
2021-10-10,Bon Marche,PIZZA INN,7337.707294372306,4487.5,-2850.207294372306,-38.843295051552246,237.0,18.934599156118143,2021,10,October,4,Sunday,True,40
2021-10-10,Bon Marche,CREAMY INN,707.7907539319949,696.5,-11.290753931994914,-1.5952107129503048,184.0,3.785326086956522,2021,10,October,4,Sunday,True,40
2021-10-10,Bon Marche,GALITOS,1187.683252559333,1324.0,136.3167474406671,11.477533858199884,113.0,11.716814159292037,2021,10,October,4,Sunday,True,40
2021-10-10,OASIS,CHICKEN INN,1841.8140367837573,1563.0,-278.8140367837575,-15.138012373422493,164.0,9.53048780487805,2021,10,October,4,Sunday,True,40
2021-10-10,OASIS,PIZZA INN,4411.531617182864,4000.5,-411.0316171828636,-9.317208916329657,279.0,14.338709677419354,2021,10,October,4,Sunday,True,40
2021-10-10,OASIS,CREAMY INN,441.7469051939669,297.0,-144.74690519396694,-32.7669313564087,87.0,3.413793103448276,2021,10,October,4,Sunday,True,40
2021-10-11,LA PIAZZA,CHICKEN INN,957.656118818663,1290.5,332.843881181337,34.75609612267957,220.0,5.865909090909091,2021,10,October,4,Monday,False,41
2021-10-11,LA PIAZZA,PIZZA INN,1540.866485663254,1604.75,63.883514336745975,4.145947421865549,169.0,9.495562130177516,2021,10,October,4,Monday,False,41
2021-10-11,LA PIAZZA,CREAMY INN,473.8604675796565,241.0,-232.86046757965647,-49.14114671119138,81.0,2.9753086419753085,2021,10,October,4,Monday,False,41
2021-10-11,LA PIAZZA,GALITOS,696.5295718044105,448.0,-248.52957180441047,-35.68112279290261,68.0,6.588235294117647,2021,10,October,4,Monday,False,41
2021-10-11,CARREFOUR,CHICKEN INN,1297.680392016401,1421.25,123.5696079835991,9.52234531274611,173.0,8.215317919075144,2021,10,October,4,Monday,False,41
2021-10-11,CARREFOUR,PIZZA INN,3075.791774219076,2331.25,-744.5417742190757,-24.206507750613586,172.0,13.553779069767442,2021,10,October,4,Monday,False,41
2021-10-11,CARREFOUR,CREAMY INN,671.1640580199714,438.25,-232.91405801997143,-34.70299924985565,128.0,3.423828125,2021,10,October,4,Monday,False,41
2021-10-11,CARREFOUR,GALITOS,883.769792904279,685.75,-198.01979290427903,-22.40626399478292,101.0,6.78960396039604,2021,10,October,4,Monday,False,41
2021-10-11,CITY MARKET,CHICKEN INN,630.9326882252633,730.5,99.56731177473672,15.780972143765036,142.0,5.144366197183099,2021,10,October,4,Monday,False,41
2021-10-11,CITY MARKET,PIZZA INN,339.8748474121835,239.75,-100.1248474121835,-29.45932838941653,57.0,4.206140350877193,2021,10,October,4,Monday,False,41
2021-10-11,JUNCTION,CHICKEN INN,1991.0407842352583,1624.5,-366.5407842352584,-18.409506582560716,200.0,8.1225,2021,10,October,4,Monday,False,41
2021-10-11,JUNCTION,PIZZA INN,4018.656584084521,3449.0,-569.6565840845205,-14.175298937973135,238.0,14.491596638655462,2021,10,October,4,Monday,False,41
2021-10-11,JUNCTION,CREAMY INN,296.40517727074297,314.0,17.594822729257032,5.936071323472713,86.0,3.651162790697674,2021,10,October,4,Monday,False,41
2021-10-11,JUNCTION,GALITOS,1555.1706319483128,1285.5,-269.6706319483128,-17.34026005946822,134.0,9.593283582089551,2021,10,October,4,Monday,False,41
2021-10-11,Bon Marche,CHICKEN INN,1362.6614017681102,442.25,-920.4114017681102,-67.5451290081188,56.0,7.897321428571429,2021,10,October,4,Monday,False,41
2021-10-11,Bon Marche,PIZZA INN,2889.524141868616,1271.5,-1618.024141868616,-55.99621468544858,85.0,14.958823529411765,2021,10,October,4,Monday,False,41
2021-10-11,Bon Marche,CREAMY INN,196.94120612150684,233.0,36.05879387849316,18.309420658389776,70.0,3.3285714285714287,2021,10,October,4,Monday,False,41
2021-10-11,Bon Marche,GALITOS,789.6525466967743,644.5,-145.15254669677427,-18.38182467769748,52.0,12.39423076923077,2021,10,October,4,Monday,False,41
2021-10-11,OASIS,CHICKEN INN,508.5081395732824,669.0,160.49186042671766,31.561315923358745,95.0,7.042105263157895,2021,10,October,4,Monday,False,41
2021-10-11,OASIS,PIZZA INN,1772.6788043957931,1445.5,-327.1788043957931,-18.45674487586092,115.0,12.569565217391304,2021,10,October,4,Monday,False,41
2021-10-11,OASIS,CREAMY INN,68.80911345964546,78.0,9.19088654035454,13.35707739607011,27.0,2.888888888888889,2021,10,October,4,Monday,False,41
2021-10-12,LA PIAZZA,CHICKEN INN,1022.46320038521,926.5,-95.96320038520992,-9.385491854284444,175.0,5.2942857142857145,2021,10,October,4,Tuesday,False,41
2021-10-12,LA PIAZZA,PIZZA INN,4101.4526601534535,3855.5,-245.9526601534535,-5.99672068735401,305.0,12.640983606557375,2021,10,October,4,Tuesday,False,41
2021-10-12,LA PIAZZA,CREAMY INN,438.64842662802585,308.25,-130.39842662802585,-29.727321178471666,70.0,4.4035714285714285,2021,10,October,4,Tuesday,False,41
2021-10-12,LA PIAZZA,GALITOS,474.7544438348864,489.5,14.745556165113555,3.1059332580448413,84.0,5.8273809523809526,2021,10,October,4,Tuesday,False,41
2021-10-12,CARREFOUR,CHICKEN INN,1240.883001693581,1271.5,30.616998306418964,2.4673557671941917,170.0,7.479411764705882,2021,10,October,4,Tuesday,False,41
2021-10-12,CARREFOUR,PIZZA INN,8741.702900818973,6538.25,-2203.452900818973,-25.206220410585452,404.0,16.183787128712872,2021,10,October,4,Tuesday,False,41
2021-10-12,CARREFOUR,CREAMY INN,865.1457501409726,731.0,-134.1457501409726,-15.505566561370037,173.0,4.22543352601156,2021,10,October,4,Tuesday,False,41
2021-10-12,CARREFOUR,GALITOS,849.7481999829585,885.0,35.251800017041546,4.14849952229949,90.0,9.833333333333334,2021,10,October,4,Tuesday,False,41
2021-10-12,CITY MARKET,CHICKEN INN,642.340551674799,493.25,-149.09055167479903,-23.210515245545302,126.0,3.91468253968254,2021,10,October,4,Tuesday,False,41
2021-10-12,CITY MARKET,PIZZA INN,641.912654410365,509.75,-132.162654410365,-20.588884406985912,69.0,7.38768115942029,2021,10,October,4,Tuesday,False,41
2021-10-12,JUNCTION,CHICKEN INN,2060.349200011913,1772.0,-288.3492000119131,-13.995161597376107,218.0,8.128440366972477,2021,10,October,4,Tuesday,False,41
2021-10-12,JUNCTION,PIZZA INN,4307.626530505962,5263.5,955.8734694940376,22.19025866622108,386.0,13.6360103626943,2021,10,October,4,Tuesday,False,41
2021-10-12,JUNCTION,CREAMY INN,330.66744798450134,389.5,58.83255201549866,17.79206038395899,101.0,3.856435643564356,2021,10,October,4,Tuesday,False,41
2021-10-12,JUNCTION,GALITOS,1342.3403568394206,911.5,-430.84035683942056,-32.096208286089734,118.0,7.72457627118644,2021,10,October,4,Tuesday,False,41
2021-10-12,Bon Marche,CHICKEN INN,1410.0958409540551,630.0,-780.0958409540553,-55.32218579031132,69.0,9.130434782608695,2021,10,October,4,Tuesday,False,41
2021-10-12,Bon Marche,PIZZA INN,3097.3014472910577,1885.0,-1212.3014472910577,-39.14057020027396,115.0,16.391304347826086,2021,10,October,4,Tuesday,False,41
2021-10-12,Bon Marche,CREAMY INN,219.70616920670187,239.5,19.793830793298127,9.009228491292788,64.0,3.7421875,2021,10,October,4,Tuesday,False,41
2021-10-12,Bon Marche,GALITOS,681.5859684696865,470.5,-211.0859684696865,-30.96982306481776,45.0,10.455555555555556,2021,10,October,4,Tuesday,False,41
2021-10-12,OASIS,CHICKEN INN,414.99642640656094,649.5,234.50357359343903,56.50737179208916,81.0,8.018518518518519,2021,10,October,4,Tuesday,False,41
2021-10-12,OASIS,PIZZA INN,2314.2636666306985,1950.5,-363.7636666306985,-15.718332870873631,157.0,12.42356687898089,2021,10,October,4,Tuesday,False,41
2021-10-12,OASIS,CREAMY INN,117.84986283143697,68.5,-49.349862831436965,-41.8751975146743,22.0,3.113636363636364,2021,10,October,4,Tuesday,False,41
2021-10-13,LA PIAZZA,CHICKEN INN,877.4161798613743,784.25,-93.1661798613743,-10.618242744975811,164.0,4.782012195121951,2021,10,October,4,Wednesday,False,41
2021-10-13,LA PIAZZA,PIZZA INN,1426.6841370032687,1116.25,-310.4341370032687,-21.759135673529777,115.0,9.706521739130435,2021,10,October,4,Wednesday,False,41
2021-10-13,LA PIAZZA,CREAMY INN,468.3501863620349,245.25,-223.1001863620349,-47.63533630572282,79.0,3.104430379746836,2021,10,October,4,Wednesday,False,41
2021-10-13,LA PIAZZA,GALITOS,630.6427986616851,429.21,-201.43279866168515,-31.94087034517076,67.0,6.406119402985074,2021,10,October,4,Wednesday,False,41
2021-10-13,CARREFOUR,CHICKEN INN,1083.4367132033256,1282.0,198.56328679667445,18.327169863904235,165.0,7.7696969696969695,2021,10,October,4,Wednesday,False,41
2021-10-13,CARREFOUR,PIZZA INN,2670.168763584228,2844.0,173.83123641577183,6.510121711649202,209.0,13.607655502392344,2021,10,October,4,Wednesday,False,41
2021-10-13,CARREFOUR,CREAMY INN,602.270892822069,732.25,129.97910717793104,21.58150239817936,184.0,3.979619565217391,2021,10,October,4,Wednesday,False,41
2021-10-13,CARREFOUR,GALITOS,757.2647898593153,846.0,88.73521014068467,11.717857654146298,95.0,8.905263157894737,2021,10,October,4,Wednesday,False,41
2021-10-13,CITY MARKET,CHICKEN INN,573.4448919355094,507.75,-65.69489193550942,-11.456182252103412,125.0,4.062,2021,10,October,4,Wednesday,False,41
2021-10-13,CITY MARKET,PIZZA INN,372.5644015256756,234.25,-138.31440152567563,-37.1249644247462,41.0,5.713414634146342,2021,10,October,4,Wednesday,False,41
2021-10-13,JUNCTION,CHICKEN INN,1797.3709934256392,1574.25,-223.1209934256392,-12.413741750688276,195.0,8.073076923076924,2021,10,October,4,Wednesday,False,41
2021-10-13,JUNCTION,PIZZA INN,3842.4810080962247,3189.5,-652.9810080962247,-16.993734171239204,232.0,13.747844827586206,2021,10,October,4,Wednesday,False,41
2021-10-13,JUNCTION,CREAMY INN,458.0447464822448,257.5,-200.5447464822448,-43.78278498387242,66.0,3.901515151515152,2021,10,October,4,Wednesday,False,41
2021-10-13,JUNCTION,GALITOS,1532.9511712219598,986.5,-546.4511712219598,-35.64700438477553,111.0,8.887387387387387,2021,10,October,4,Wednesday,False,41
2021-10-13,Bon Marche,CHICKEN INN,1230.114469171681,593.5,-636.6144691716811,-51.75245760667757,76.0,7.809210526315789,2021,10,October,4,Wednesday,False,41
2021-10-13,Bon Marche,PIZZA INN,2762.8490778579503,1466.5,-1296.3490778579503,-46.92073440591318,100.0,14.665,2021,10,October,4,Wednesday,False,41
2021-10-13,Bon Marche,CREAMY INN,304.33977456282844,289.5,-14.839774562828438,-4.876054923857772,67.0,4.32089552238806,2021,10,October,4,Wednesday,False,41
2021-10-13,Bon Marche,GALITOS,778.3704060825239,849.5,71.12959391747609,9.138270592206306,66.0,12.87121212121212,2021,10,October,4,Wednesday,False,41
2021-10-13,OASIS,CHICKEN INN,410.10692506451016,792.0,381.8930749354898,93.12036729821564,94.0,8.425531914893616,2021,10,October,4,Wednesday,False,41
2021-10-13,OASIS,PIZZA INN,1923.0818246478173,1975.5,52.41817535218274,2.7257381709060837,144.0,13.71875,2021,10,October,4,Wednesday,False,41
2021-10-13,OASIS,CREAMY INN,115.18873689653356,46.5,-68.68873689653356,-59.631469835659466,20.0,2.325,2021,10,October,4,Wednesday,False,41
2021-10-14,LA PIAZZA,CHICKEN INN,972.8250889073224,837.75,-135.07508890732254,-13.88482785317954,152.0,5.511513157894737,2021,10,October,4,Thursday,False,41
2021-10-14,LA PIAZZA,PIZZA INN,1479.063606699382,2651.5,1172.436393300618,79.26882846620634,240.0,11.047916666666667,2021,10,October,4,Thursday,False,41
2021-10-14,LA PIAZZA,CREAMY INN,401.0330492486234,284.25,-116.7830492486234,-29.12055489377457,79.0,3.598101265822785,2021,10,October,4,Thursday,False,41
2021-10-14,LA PIAZZA,GALITOS,541.4913185723747,637.5,96.00868142762532,17.73041933169848,104.0,6.1298076923076925,2021,10,October,4,Thursday,False,41
2021-10-14,CARREFOUR,CHICKEN INN,1394.4937660531532,1114.25,-280.2437660531532,-20.096451692740757,130.0,8.571153846153846,2021,10,October,4,Thursday,False,41
2021-10-14,CARREFOUR,PIZZA INN,3097.640633255824,4005.0,907.359366744176,29.291950686690267,290.0,13.810344827586206,2021,10,October,4,Thursday,False,41
2021-10-14,CARREFOUR,CREAMY INN,685.821351067155,701.5,15.678648932845022,2.286112689324801,181.0,3.875690607734807,2021,10,October,4,Thursday,False,41
2021-10-14,CARREFOUR,GALITOS,760.6314626009278,740.0,-20.63146260092776,-2.7124124645567345,72.0,10.27777777777778,2021,10,October,4,Thursday,False,41
2021-10-14,CITY MARKET,CHICKEN INN,482.6871676279944,579.25,96.56283237200564,20.00526196843632,134.0,4.322761194029851,2021,10,October,4,Thursday,False,41
2021-10-14,CITY MARKET,PIZZA INN,285.921751256546,453.0,167.07824874345405,58.434955720994274,73.0,6.205479452054795,2021,10,October,4,Thursday,False,41
2021-10-14,JUNCTION,CHICKEN INN,1894.5340333012944,1638.25,-256.2840333012946,-13.527549719162888,186.0,8.807795698924732,2021,10,October,4,Thursday,False,41
2021-10-14,JUNCTION,PIZZA INN,4235.698446914095,5294.5,1058.8015530859047,24.997094726072657,354.0,14.956214689265536,2021,10,October,4,Thursday,False,41
2021-10-14,JUNCTION,CREAMY INN,417.14517569538265,358.0,-59.14517569538265,-14.178559202269907,80.0,4.475,2021,10,October,4,Thursday,False,41
2021-10-14,JUNCTION,GALITOS,1468.0673466487174,1166.5,-301.5673466487174,-20.541792400541496,130.0,8.973076923076922,2021,10,October,4,Thursday,False,41
2021-10-14,Bon Marche,CHICKEN INN,1296.6125164067432,851.5,-445.1125164067432,-34.328877037240694,84.0,10.136904761904765,2021,10,October,4,Thursday,False,41
2021-10-14,Bon Marche,PIZZA INN,3045.5831853126238,2081.25,-964.3331853126232,-31.66333429876867,135.0,15.416666666666666,2021,10,October,4,Thursday,False,41
2021-10-14,Bon Marche,CREAMY INN,277.16477419750373,243.0,-34.16477419750373,-12.326521036601278,67.0,3.626865671641791,2021,10,October,4,Thursday,False,41
2021-10-14,Bon Marche,GALITOS,745.4250325902918,596.5,-148.92503259029183,-19.978539233219653,54.0,11.046296296296296,2021,10,October,4,Thursday,False,41
2021-10-14,OASIS,CHICKEN INN,497.81235538754623,658.5,160.68764461245377,32.278757823790585,86.0,7.656976744186046,2021,10,October,4,Thursday,False,41
2021-10-14,OASIS,PIZZA INN,2523.354012379726,2319.5,-203.8540123797261,-8.078692540943763,178.0,13.030898876404494,2021,10,October,4,Thursday,False,41
2021-10-14,OASIS,CREAMY INN,114.42841520084689,109.5,-4.928415200846871,-4.306985456537544,25.0,4.38,2021,10,October,4,Thursday,False,41
2021-10-15,LA PIAZZA,CHICKEN INN,1068.7890712438575,776.25,-292.5390712438575,-27.371076212764816,144.0,5.390625,2021,10,October,4,Friday,False,41
2021-10-15,LA PIAZZA,PIZZA INN,1941.1778066351849,1704.25,-236.92780663518488,-12.205363456419937,162.0,10.520061728395062,2021,10,October,4,Friday,False,41
2021-10-15,LA PIAZZA,CREAMY INN,443.91363077571015,391.25,-52.66363077571015,-11.863485850543467,115.0,3.402173913043478,2021,10,October,4,Friday,False,41
2021-10-15,LA PIAZZA,GALITOS,950.8269350965156,931.5,-19.326935096515516,-2.0326448886887807,114.0,8.171052631578947,2021,10,October,4,Friday,False,41
2021-10-15,CARREFOUR,CHICKEN INN,1340.3377469873403,1659.5,319.1622530126597,23.812076749314603,189.0,8.78042328042328,2021,10,October,4,Friday,False,41
2021-10-15,CARREFOUR,PIZZA INN,4496.60204103464,3503.5,-993.10204103464,-22.08561113418285,246.0,14.241869918699187,2021,10,October,4,Friday,False,41
2021-10-15,CARREFOUR,CREAMY INN,748.1206783318947,518.75,-229.37067833189477,-30.65958273514493,150.0,3.458333333333333,2021,10,October,4,Friday,False,41
2021-10-15,CARREFOUR,GALITOS,1164.4138128219813,1503.0,338.5861871780187,29.07782297407208,136.0,11.051470588235292,2021,10,October,4,Friday,False,41
2021-10-15,CITY MARKET,CHICKEN INN,534.7055815770534,463.25,-71.45558157705341,-13.363537625005389,143.0,3.2395104895104896,2021,10,October,4,Friday,False,41
2021-10-15,CITY MARKET,PIZZA INN,439.1047102755289,335.25,-103.85471027552887,-23.65146805425117,55.0,6.095454545454546,2021,10,October,4,Friday,False,41
2021-10-15,JUNCTION,CHICKEN INN,2011.9021655129568,2051.5,39.5978344870432,1.9681789286680995,231.0,8.880952380952381,2021,10,October,4,Friday,False,41
2021-10-15,JUNCTION,PIZZA INN,4546.2675751169,4460.0,-86.26757511689993,-1.8975472448887196,296.0,15.067567567567568,2021,10,October,4,Friday,False,41
2021-10-15,JUNCTION,CREAMY INN,454.4825258008084,454.0,-0.4825258008083892,-0.106170374748329,99.0,4.585858585858586,2021,10,October,4,Friday,False,41
2021-10-15,JUNCTION,GALITOS,1340.574130489969,2419.0,1078.425869510031,80.4450753585611,185.0,13.075675675675676,2021,10,October,4,Friday,False,41
2021-10-15,Bon Marche,CHICKEN INN,1376.9388587040849,508.25,-868.6888587040849,-63.08841189373196,65.0,7.819230769230769,2021,10,October,4,Friday,False,41
2021-10-15,Bon Marche,PIZZA INN,3268.890893967088,1432.5,-1836.390893967088,-56.17779710409562,90.0,15.916666666666666,2021,10,October,4,Friday,False,41
2021-10-15,Bon Marche,CREAMY INN,301.97291969230014,169.5,-132.47291969230014,-43.86913893712238,45.0,3.7666666666666666,2021,10,October,4,Friday,False,41
2021-10-15,Bon Marche,GALITOS,680.6891503931132,742.0,61.31084960688679,9.007173035074587,60.0,12.366666666666667,2021,10,October,4,Friday,False,41
2021-10-15,OASIS,CHICKEN INN,581.8506597040442,794.0,212.14934029595577,36.46113255313049,90.0,8.822222222222223,2021,10,October,4,Friday,False,41
2021-10-15,OASIS,PIZZA INN,2281.8382493469658,1830.5,-451.33824934696577,-19.779589963317218,138.0,13.264492753623188,2021,10,October,4,Friday,False,41
2021-10-15,OASIS,CREAMY INN,99.6021421349564,187.0,87.39785786504359,87.74696607089378,30.0,6.233333333333333,2021,10,October,4,Friday,False,41
2021-10-16,LA PIAZZA,CHICKEN INN,1304.8226136132282,1161.0,-143.8226136132282,-11.022388186158436,135.0,8.6,2021,10,October,4,Saturday,True,41
2021-10-16,LA PIAZZA,PIZZA INN,2375.021778767712,1788.75,-586.271778767712,-24.68490116633377,190.0,9.414473684210526,2021,10,October,4,Saturday,True,41
2021-10-16,LA PIAZZA,CREAMY INN,545.731294766741,389.0,-156.73129476674103,-28.71949918755013,77.0,5.051948051948052,2021,10,October,4,Saturday,True,41
2021-10-16,LA PIAZZA,GALITOS,866.1755340914087,699.75,-166.42553409140874,-19.21383455675459,105.0,6.664285714285715,2021,10,October,4,Saturday,True,41
2021-10-16,CARREFOUR,CHICKEN INN,1750.841636833751,2137.5,386.65836316624905,22.084142565028785,224.0,9.542410714285714,2021,10,October,4,Saturday,True,41
2021-10-16,CARREFOUR,PIZZA INN,5197.268126221764,4320.75,-876.5181262217639,-16.864978002567717,308.0,14.028409090909092,2021,10,October,4,Saturday,True,41
2021-10-16,CARREFOUR,CREAMY INN,1077.579302421638,898.0,-179.57930242163798,-16.66506604368425,205.0,4.380487804878049,2021,10,October,4,Saturday,True,41
2021-10-16,CARREFOUR,GALITOS,1364.1484975547728,1077.25,-286.8984975547728,-21.031324527281043,117.0,9.207264957264956,2021,10,October,4,Saturday,True,41
2021-10-16,CITY MARKET,CHICKEN INN,560.0162953308815,593.25,33.23370466911854,5.93441743502886,132.0,4.494318181818182,2021,10,October,4,Saturday,True,41
2021-10-16,CITY MARKET,PIZZA INN,412.0351656190387,500.0,87.96483438096129,21.348865757320382,88.0,5.681818181818182,2021,10,October,4,Saturday,True,41
2021-10-16,JUNCTION,CHICKEN INN,3300.6707467979863,1994.5,-1306.1707467979863,-39.57288827021343,244.0,8.174180327868852,2021,10,October,4,Saturday,True,41
2021-10-16,JUNCTION,PIZZA INN,8100.584485292288,5942.0,-2158.5844852922883,-26.647268344790326,386.0,15.393782383419689,2021,10,October,4,Saturday,True,41
2021-10-16,JUNCTION,CREAMY INN,707.5828721664544,506.0,-201.5828721664544,-28.48894173332016,90.0,5.622222222222222,2021,10,October,4,Saturday,True,41
2021-10-16,JUNCTION,GALITOS,1875.540764220972,916.5,-959.0407642209718,-51.13409329811719,97.0,9.448453608247425,2021,10,October,4,Saturday,True,41
2021-10-16,Bon Marche,CHICKEN INN,2258.967602381016,743.75,-1515.217602381016,-67.07566769810836,85.0,8.75,2021,10,October,4,Saturday,True,41
2021-10-16,Bon Marche,PIZZA INN,5824.542093544097,2345.5,-3479.042093544097,-59.73073999070684,152.0,15.43092105263158,2021,10,October,4,Saturday,True,41
2021-10-16,Bon Marche,CREAMY INN,470.1409926726556,336.0,-134.14099267265556,-28.53207756041255,66.0,5.090909090909091,2021,10,October,4,Saturday,True,41
2021-10-16,Bon Marche,GALITOS,952.3235010201296,636.0,-316.3235010201296,-33.215971325004965,64.0,9.9375,2021,10,October,4,Saturday,True,41
2021-10-16,OASIS,CHICKEN INN,959.564638377468,1166.0,206.43536162253213,21.513439883695025,113.0,10.31858407079646,2021,10,October,4,Saturday,True,41
2021-10-16,OASIS,PIZZA INN,2695.061335723128,2665.0,-30.061335723128195,-1.1154230638339908,202.0,13.193069306930694,2021,10,October,4,Saturday,True,41
2021-10-16,OASIS,CREAMY INN,111.55439919115116,217.0,105.44560080884884,94.5239287499234,76.0,2.8552631578947367,2021,10,October,4,Saturday,True,41
2021-10-17,LA PIAZZA,CHICKEN INN,1773.5865572948703,1782.5,8.913442705129455,0.5025659823856872,228.0,7.817982456140351,2021,10,October,4,Sunday,True,41
2021-10-17,LA PIAZZA,PIZZA INN,3017.137559037716,3156.25,139.11244096228438,4.610742408664086,275.0,11.477272727272728,2021,10,October,4,Sunday,True,41
2021-10-17,LA PIAZZA,CREAMY INN,551.0044046263588,705.5,154.4955953736412,28.03890387743926,149.0,4.73489932885906,2021,10,October,4,Sunday,True,41
2021-10-17,LA PIAZZA,GALITOS,797.3952958876097,1227.75,430.3547041123903,53.9700580542486,124.0,9.901209677419354,2021,10,October,4,Sunday,True,41
2021-10-17,CARREFOUR,CHICKEN INN,2896.113325661433,2992.5,96.38667433856745,3.3281389054951447,268.0,11.166044776119405,2021,10,October,4,Sunday,True,41
2021-10-17,CARREFOUR,PIZZA INN,7346.358853807828,7585.0,238.6411461921716,3.2484275671951024,487.0,15.57494866529774,2021,10,October,4,Sunday,True,41
2021-10-17,CARREFOUR,CREAMY INN,1473.3417662001527,1815.0,341.65823379984727,23.189340154321883,328.0,5.533536585365853,2021,10,October,4,Sunday,True,41
2021-10-17,CARREFOUR,GALITOS,1694.1461200414087,1291.25,-402.8961200414087,-23.78166294366397,143.0,9.02972027972028,2021,10,October,4,Sunday,True,41
2021-10-17,CITY MARKET,CHICKEN INN,404.5848001973935,646.0,241.41519980260648,59.66986394071701,119.0,5.428571428571429,2021,10,October,4,Sunday,True,41
2021-10-17,CITY MARKET,PIZZA INN,290.28002334887225,242.5,-47.78002334887225,-16.45997640404209,44.0,5.511363636363637,2021,10,October,4,Sunday,True,41
2021-10-17,JUNCTION,CHICKEN INN,4768.767591691412,3519.0,-1249.7675916914122,-26.20734954391304,411.0,8.562043795620438,2021,10,October,4,Sunday,True,41
2021-10-17,JUNCTION,PIZZA INN,10190.015339277248,9233.0,-957.015339277248,-9.391696748369435,550.0,16.78727272727273,2021,10,October,4,Sunday,True,41
2021-10-17,JUNCTION,CREAMY INN,992.428592582052,777.0,-215.42859258205192,-21.70721341487757,144.0,5.395833333333333,2021,10,October,4,Sunday,True,41
2021-10-17,JUNCTION,GALITOS,2233.026643601206,1981.5,-251.52664360120616,-11.263933832673338,181.0,10.947513812154696,2021,10,October,4,Sunday,True,41
2021-10-17,Bon Marche,CHICKEN INN,3263.7279872177323,1833.25,-1430.4779872177323,-43.82957136195619,195.0,9.40128205128205,2021,10,October,4,Sunday,True,41
2021-10-17,Bon Marche,PIZZA INN,7326.9001002634195,3731.0,-3595.9001002634195,-49.078055535848485,209.0,17.851674641148325,2021,10,October,4,Sunday,True,41
2021-10-17,Bon Marche,CREAMY INN,659.4017210234167,899.0,239.5982789765833,36.33570725364768,203.0,4.428571428571429,2021,10,October,4,Sunday,True,41
2021-10-17,Bon Marche,GALITOS,1133.8403257733637,1236.5,102.65967422663653,9.05415620639661,115.0,10.752173913043478,2021,10,October,4,Sunday,True,41
2021-10-17,OASIS,CHICKEN INN,1480.2965313058771,1679.0,198.70346869412288,13.4232205839753,180.0,9.327777777777778,2021,10,October,4,Sunday,True,41
2021-10-17,OASIS,PIZZA INN,4391.500212703864,4667.5,275.99978729613576,6.284863348012946,307.0,15.203583061889251,2021,10,October,4,Sunday,True,41
2021-10-17,OASIS,CREAMY INN,347.7863500410058,273.0,-74.78635004100579,-21.503532278419808,89.0,3.067415730337079,2021,10,October,4,Sunday,True,41
2021-10-18,LA PIAZZA,CHICKEN INN,863.6303432181114,758.0,-105.63034321811142,-12.230967108509097,156.0,4.858974358974359,2021,10,October,4,Monday,False,42
2021-10-18,LA PIAZZA,PIZZA INN,1285.1883647867926,1409.75,124.5616352132074,9.69209172959418,147.0,9.59013605442177,2021,10,October,4,Monday,False,42
2021-10-18,LA PIAZZA,CREAMY INN,427.8650355507865,441.75,13.884964449213498,3.2451738972640096,130.0,3.398076923076923,2021,10,October,4,Monday,False,42
2021-10-18,LA PIAZZA,GALITOS,659.569650175223,480.5,-179.06965017522305,-27.149467857966314,88.0,5.4602272727272725,2021,10,October,4,Monday,False,42
2021-10-18,CARREFOUR,CHICKEN INN,1214.9991450343512,1828.0,613.0008549656488,50.45278076704472,191.0,9.570680628272251,2021,10,October,4,Monday,False,42
2021-10-18,CARREFOUR,PIZZA INN,2607.471553724829,2817.25,209.77844627517104,8.045282257269424,225.0,12.52111111111111,2021,10,October,4,Monday,False,42
2021-10-18,CARREFOUR,CREAMY INN,590.3973190910084,822.5,232.1026809089916,39.312963220487376,182.0,4.519230769230769,2021,10,October,4,Monday,False,42
2021-10-18,CARREFOUR,GALITOS,870.3122010533476,853.0,-17.31220105334762,-1.9891943411105224,89.0,9.584269662921349,2021,10,October,4,Monday,False,42
2021-10-18,CITY MARKET,CHICKEN INN,537.9841180225595,648.5,110.51588197744049,20.54259192328168,177.0,3.6638418079096047,2021,10,October,4,Monday,False,42
2021-10-18,CITY MARKET,PIZZA INN,343.750542663837,291.0,-52.750542663837,-15.345588185855808,60.0,4.85,2021,10,October,4,Monday,False,42
2021-10-18,JUNCTION,CHICKEN INN,1247.3793426180334,1489.5,242.12065738196657,19.410346885639232,200.0,7.4475,2021,10,October,4,Monday,False,42
2021-10-18,JUNCTION,PIZZA INN,3744.3506384089337,3181.25,-563.1006384089337,-15.038672730933367,227.0,14.01431718061674,2021,10,October,4,Monday,False,42
2021-10-18,JUNCTION,CREAMY INN,299.60204198485246,296.0,-3.6020419848524625,-1.202275512205814,69.0,4.2898550724637685,2021,10,October,4,Monday,False,42
2021-10-18,JUNCTION,GALITOS,1098.7177582042436,929.0,-169.71775820424364,-15.446893156767777,111.0,8.36936936936937,2021,10,October,4,Monday,False,42
2021-10-18,Bon Marche,CHICKEN INN,853.7020923965326,325.25,-528.4520923965326,-61.90122960962289,50.0,6.505,2021,10,October,4,Monday,False,42
2021-10-18,Bon Marche,PIZZA INN,2692.290654581652,1227.0,-1465.2906545816518,-54.425425876216906,83.0,14.783132530120485,2021,10,October,4,Monday,False,42
2021-10-18,Bon Marche,CREAMY INN,199.06530664633988,174.5,-24.56530664633988,-12.340325423948778,55.0,3.172727272727273,2021,10,October,4,Monday,False,42
2021-10-18,Bon Marche,GALITOS,557.8842977378106,330.0,-227.88429773781056,-40.84794977415005,35.0,9.428571428571429,2021,10,October,4,Monday,False,42
2021-10-18,OASIS,CHICKEN INN,488.644540371201,658.0,169.355459628799,34.65821177499443,85.0,7.741176470588235,2021,10,October,4,Monday,False,42
2021-10-18,OASIS,PIZZA INN,1868.816146962232,1352.5,-516.3161469622319,-27.62797976684361,117.0,11.55982905982906,2021,10,October,4,Monday,False,42
2021-10-18,OASIS,CREAMY INN,100.74262467848644,59.5,-41.24262467848644,-40.93860449845297,26.0,2.2884615384615383,2021,10,October,4,Monday,False,42
2021-10-19,LA PIAZZA,CHICKEN INN,1045.0665127428765,975.75,-69.31651274287651,-6.632736950009884,172.0,5.6729651162790695,2021,10,October,4,Tuesday,False,42
2021-10-19,LA PIAZZA,PIZZA INN,4626.159658838265,3657.75,-968.4096588382654,-20.933338454675283,296.0,12.357263513513514,2021,10,October,4,Tuesday,False,42
2021-10-19,LA PIAZZA,CREAMY INN,503.087884597658,361.0,-142.087884597658,-28.24315372080408,107.0,3.3738317757009346,2021,10,October,4,Tuesday,False,42
2021-10-19,LA PIAZZA,GALITOS,473.7093648101321,612.25,138.54063518986788,29.245914368907712,88.0,6.957386363636363,2021,10,October,4,Tuesday,False,42
2021-10-19,CARREFOUR,CHICKEN INN,1411.2751726620395,1325.0,-86.27517266203972,-6.113277859150731,188.0,7.047872340425532,2021,10,October,4,Tuesday,False,42
2021-10-19,CARREFOUR,PIZZA INN,8008.781087925025,7512.75,-496.0310879250246,-6.19359029144771,443.0,16.958803611738148,2021,10,October,4,Tuesday,False,42
2021-10-19,CARREFOUR,CREAMY INN,654.8116509758192,776.5,121.68834902418077,18.583717751942448,194.0,4.002577319587629,2021,10,October,4,Tuesday,False,42
2021-10-19,CARREFOUR,GALITOS,699.3671178191007,624.5,-74.86711781910071,-10.704981105283528,73.0,8.554794520547945,2021,10,October,4,Tuesday,False,42
2021-10-19,CITY MARKET,CHICKEN INN,604.5342839211178,578.75,-25.784283921117776,-4.26514833102207,156.0,3.709935897435898,2021,10,October,4,Tuesday,False,42
2021-10-19,CITY MARKET,PIZZA INN,691.6180689996637,555.75,-135.8680689996637,-19.644956528706565,73.0,7.613013698630137,2021,10,October,4,Tuesday,False,42
2021-10-19,JUNCTION,CHICKEN INN,1937.6231679156228,1636.5,-301.12316791562284,-15.540852984306172,204.0,8.022058823529411,2021,10,October,4,Tuesday,False,42
2021-10-19,JUNCTION,PIZZA INN,4490.468671362897,5228.0,737.5313286371029,16.424373102535323,355.0,14.726760563380282,2021,10,October,4,Tuesday,False,42
2021-10-19,JUNCTION,CREAMY INN,265.0962006262095,254.5,-10.596200626209509,-3.997115236347859,82.0,3.1036585365853657,2021,10,October,4,Tuesday,False,42
2021-10-19,JUNCTION,GALITOS,1300.1841996308167,1046.25,-253.9341996308167,-19.530632636738744,120.0,8.71875,2021,10,October,4,Tuesday,False,42
2021-10-19,Bon Marche,CHICKEN INN,1326.102570573106,504.25,-821.852570573106,-61.97503789001203,64.0,7.87890625,2021,10,October,4,Tuesday,False,42
2021-10-19,Bon Marche,PIZZA INN,3228.769954017768,1482.5,-1746.2699540177682,-54.08468174837824,104.0,14.254807692307692,2021,10,October,4,Tuesday,False,42
2021-10-19,Bon Marche,CREAMY INN,176.13850733068134,207.5,31.361492669318665,17.805017849073057,47.0,4.414893617021277,2021,10,October,4,Tuesday,False,42
2021-10-19,Bon Marche,GALITOS,660.1807823024171,525.5,-134.68078230241713,-20.40059115818404,47.0,11.180851063829786,2021,10,October,4,Tuesday,False,42
2021-10-19,OASIS,CHICKEN INN,589.4905055509986,858.0,268.5094944490014,45.54941800089295,87.0,9.862068965517242,2021,10,October,4,Tuesday,False,42
2021-10-19,OASIS,PIZZA INN,2524.8948896473416,2173.5,-351.39488964734164,-13.917208636610685,161.0,13.5,2021,10,October,4,Tuesday,False,42
2021-10-19,OASIS,CREAMY INN,108.72600248319668,122.5,13.77399751680332,12.668540369569875,37.0,3.310810810810811,2021,10,October,4,Tuesday,False,42
2021-10-20,LA PIAZZA,CHICKEN INN,921.5399566819564,790.0,-131.53995668195637,-14.273928735067717,123.0,6.4227642276422765,2021,10,October,4,Wednesday,False,42
2021-10-20,LA PIAZZA,PIZZA INN,1257.563423568558,1432.75,175.18657643144206,13.930635477161005,141.0,10.161347517730496,2021,10,October,4,Wednesday,False,42
2021-10-20,LA PIAZZA,CREAMY INN,424.987356407007,393.25,-31.737356407006985,-7.467835437582377,103.0,3.817961165048544,2021,10,October,4,Wednesday,False,42
2021-10-20,LA PIAZZA,GALITOS,482.031001522169,521.75,39.71899847783101,8.239926135955034,80.0,6.521875,2021,10,October,4,Wednesday,False,42
2021-10-20,CARREFOUR,CHICKEN INN,1056.8332015010192,1467.25,410.4167984989808,38.83458599862932,186.0,7.888440860215054,2021,10,October,4,Wednesday,False,42
2021-10-20,CARREFOUR,PIZZA INN,3095.7818663382814,2742.5,-353.28186633828136,-11.411717026308004,205.0,13.378048780487806,2021,10,October,4,Wednesday,False,42
2021-10-20,CARREFOUR,CREAMY INN,610.2799176701322,929.5,319.2200823298677,52.30715825429015,215.0,4.323255813953488,2021,10,October,4,Wednesday,False,42
2021-10-20,CARREFOUR,GALITOS,813.7339007632241,940.0,126.26609923677586,15.516878320830346,108.0,8.703703703703704,2021,10,October,4,Wednesday,False,42
2021-10-20,CITY MARKET,CHICKEN INN,555.016011758333,595.0,39.98398824166702,7.20411436689812,158.0,3.765822784810127,2021,10,October,4,Wednesday,False,42
2021-10-20,CITY MARKET,PIZZA INN,387.0517604300405,259.75,-127.30176043004047,-32.89011275613362,37.0,7.02027027027027,2021,10,October,4,Wednesday,False,42
2021-10-20,JUNCTION,CHICKEN INN,1758.2518689667886,1333.0,-425.2518689667886,-24.18606096615053,170.0,7.841176470588235,2021,10,October,4,Wednesday,False,42
2021-10-20,JUNCTION,PIZZA INN,3901.4056272465136,3466.5,-434.9056272465136,-11.147408621375677,239.0,14.50418410041841,2021,10,October,4,Wednesday,False,42
2021-10-20,JUNCTION,CREAMY INN,259.99136586050446,279.0,19.00863413949554,7.311255924434974,62.0,4.5,2021,10,October,4,Wednesday,False,42
2021-10-20,JUNCTION,GALITOS,1255.4953404871503,1097.0,-158.49534048715054,-12.624128133016567,118.0,9.296610169491526,2021,10,October,4,Wednesday,False,42
2021-10-20,Bon Marche,CHICKEN INN,1203.3414761757024,687.75,-515.5914761757024,-42.84664713912178,79.0,8.705696202531646,2021,10,October,4,Wednesday,False,42
2021-10-20,Bon Marche,PIZZA INN,2805.2174927803617,1426.5,-1378.7174927803617,-49.14832793994381,93.0,15.338709677419354,2021,10,October,4,Wednesday,False,42
2021-10-20,Bon Marche,CREAMY INN,172.74668966721777,211.5,38.75331033278224,22.43360518655222,44.0,4.806818181818182,2021,10,October,4,Wednesday,False,42
2021-10-20,Bon Marche,GALITOS,637.4895928555331,414.5,-222.98959285553315,-34.97933069882549,39.0,10.628205128205128,2021,10,October,4,Wednesday,False,42
2021-10-20,OASIS,CHICKEN INN,514.0088285830894,628.5,114.49117141691056,22.274164382062374,75.0,8.38,2021,10,October,4,Wednesday,False,42
2021-10-20,OASIS,PIZZA INN,1601.7754170181036,1410.5,-191.27541701810355,-11.941462890858045,108.0,13.060185185185183,2021,10,October,4,Wednesday,False,42
2021-10-20,OASIS,CREAMY INN,119.7506670706537,163.0,43.249332929346295,36.11615199089363,38.0,4.289473684210527,2021,10,October,4,Wednesday,False,42
2021-10-21,LA PIAZZA,CHICKEN INN,995.710487691353,959.75,-35.96048769135302,-3.611540516634584,147.0,6.52891156462585,2021,10,October,4,Thursday,False,42
2021-10-21,LA PIAZZA,PIZZA INN,1521.140742296387,2354.5,833.3592577036129,54.78515133619614,225.0,10.464444444444444,2021,10,October,4,Thursday,False,42
2021-10-21,LA PIAZZA,CREAMY INN,440.7987802739269,381.5,-59.29878027392692,-13.452573584045924,96.0,3.9739583333333335,2021,10,October,4,Thursday,False,42
2021-10-21,LA PIAZZA,GALITOS,676.7744585976723,755.25,78.47554140232774,11.59552350201498,91.0,8.29945054945055,2021,10,October,4,Thursday,False,42
2021-10-21,CARREFOUR,CHICKEN INN,1086.7898312062323,1919.25,832.4601687937677,76.59808225016394,180.0,10.6625,2021,10,October,4,Thursday,False,42
2021-10-21,CARREFOUR,PIZZA INN,2392.856321963965,4962.0,2569.1436780360345,107.36723531847409,324.0,15.314814814814817,2021,10,October,4,Thursday,False,42
2021-10-21,CARREFOUR,CREAMY INN,625.7847677158001,917.25,291.46523228419994,46.57595507606999,198.0,4.632575757575758,2021,10,October,4,Thursday,False,42
2021-10-21,CARREFOUR,GALITOS,1089.518992994383,861.5,-228.01899299438327,-20.928409184286597,86.0,10.017441860465116,2021,10,October,4,Thursday,False,42
2021-10-21,CITY MARKET,CHICKEN INN,567.3569178126435,446.0,-121.35691781264347,-21.38987187827307,142.0,3.140845070422535,2021,10,October,4,Thursday,False,42
2021-10-21,CITY MARKET,PIZZA INN,402.3584945951309,413.5,11.141505404869063,2.7690493812191264,54.0,7.657407407407407,2021,10,October,4,Thursday,False,42
2021-10-21,JUNCTION,CHICKEN INN,1979.1737891092648,1389.5,-589.6737891092648,-29.793936861636084,193.0,7.199481865284974,2021,10,October,4,Thursday,False,42
2021-10-21,JUNCTION,PIZZA INN,4249.471130378978,5078.0,828.5288696210218,19.49722316497139,338.0,15.023668639053254,2021,10,October,4,Thursday,False,42
2021-10-21,JUNCTION,CREAMY INN,447.0333235780896,268.5,-178.5333235780896,-39.93736353905229,76.0,3.5328947368421053,2021,10,October,4,Thursday,False,42
2021-10-21,JUNCTION,GALITOS,1257.0116291456418,998.5,-258.5116291456418,-20.565571801538976,127.0,7.862204724409449,2021,10,October,4,Thursday,False,42
2021-10-21,Bon Marche,CHICKEN INN,1354.5396714945778,407.25,-947.2896714945778,-69.93443539747737,56.0,7.272321428571429,2021,10,October,4,Thursday,False,42
2021-10-21,Bon Marche,PIZZA INN,3055.486121912805,1824.0,-1231.4861219128052,-40.30409803144078,131.0,13.923664122137405,2021,10,October,4,Thursday,False,42
2021-10-21,Bon Marche,CREAMY INN,297.02342831062566,188.5,-108.52342831062566,-36.536992697132426,52.0,3.625,2021,10,October,4,Thursday,False,42
2021-10-21,Bon Marche,GALITOS,638.2595027137235,565.5,-72.75950271372346,-11.399674020420822,42.0,13.464285714285714,2021,10,October,4,Thursday,False,42
2021-10-21,OASIS,CHICKEN INN,671.6952468642276,757.0,85.30475313577244,12.699919127612263,90.0,8.411111111111111,2021,10,October,4,Thursday,False,42
2021-10-21,OASIS,PIZZA INN,1672.8567553198395,1581.5,-91.35675531983952,-5.461122420034864,129.0,12.25968992248062,2021,10,October,4,Thursday,False,42
2021-10-21,OASIS,CREAMY INN,110.41391664762114,167.0,56.586083352378864,51.2490500024283,37.0,4.513513513513513,2021,10,October,4,Thursday,False,42
2021-10-22,LA PIAZZA,CHICKEN INN,723.8246704873582,934.25,210.42532951264184,29.07131216886548,121.0,7.721074380165289,2021,10,October,4,Friday,False,42
2021-10-22,LA PIAZZA,PIZZA INN,1495.718675971914,1480.0,-15.718675971913854,-1.0509112592112215,154.0,9.61038961038961,2021,10,October,4,Friday,False,42
2021-10-22,LA PIAZZA,CREAMY INN,468.1130150040311,430.75,-37.36301500403107,-7.981622771951624,114.0,3.778508771929825,2021,10,October,4,Friday,False,42
2021-10-22,LA PIAZZA,GALITOS,803.026244065764,951.5,148.473755934236,18.48927815640316,117.0,8.132478632478632,2021,10,October,4,Friday,False,42
2021-10-22,CARREFOUR,CHICKEN INN,1347.0439829931536,1638.25,291.2060170068464,21.61815209328072,212.0,7.727594339622642,2021,10,October,4,Friday,False,42
2021-10-22,CARREFOUR,PIZZA INN,3527.6056992719086,3194.25,-333.35569927190863,-9.449913842148304,238.0,13.421218487394958,2021,10,October,4,Friday,False,42
2021-10-22,CARREFOUR,CREAMY INN,698.0292821462416,919.75,221.7207178537584,31.763813284742188,224.0,4.106026785714286,2021,10,October,4,Friday,False,42
2021-10-22,CARREFOUR,GALITOS,1766.54778221711,1524.0,-242.54778221711013,-13.730043685130324,123.0,12.390243902439025,2021,10,October,4,Friday,False,42
2021-10-22,CITY MARKET,CHICKEN INN,574.2284415262593,543.75,-30.478441526259303,-5.3077206425459735,167.0,3.255988023952096,2021,10,October,4,Friday,False,42
2021-10-22,CITY MARKET,PIZZA INN,318.46050010732785,231.25,-87.21050010732785,-27.385028937006656,54.0,4.282407407407407,2021,10,October,4,Friday,False,42
2021-10-22,JUNCTION,CHICKEN INN,2139.1576671904286,1777.5,-361.6576671904286,-16.906545634171515,213.0,8.345070422535212,2021,10,October,4,Friday,False,42
2021-10-22,JUNCTION,PIZZA INN,4832.356002657391,4366.0,-466.3560026573914,-9.650696314612055,283.0,15.42756183745583,2021,10,October,4,Friday,False,42
2021-10-22,JUNCTION,CREAMY INN,562.8613139975578,401.5,-161.36131399755777,-28.668041306931592,104.0,3.860576923076923,2021,10,October,4,Friday,False,42
2021-10-22,JUNCTION,GALITOS,1565.5180523540612,2395.5,829.9819476459388,53.01644055767351,196.0,12.221938775510203,2021,10,October,4,Friday,False,42
2021-10-22,Bon Marche,CHICKEN INN,1464.032082344469,622.0,-842.032082344469,-57.51459223462215,78.0,7.9743589743589745,2021,10,October,4,Friday,False,42
2021-10-22,Bon Marche,PIZZA INN,3474.5963083987126,1503.0,-1971.5963083987128,-56.74317628304089,107.0,14.046728971962615,2021,10,October,4,Friday,False,42
2021-10-22,Bon Marche,CREAMY INN,373.9832990722759,212.0,-161.98329907227588,-43.312976668771256,44.0,4.818181818181818,2021,10,October,4,Friday,False,42
2021-10-22,Bon Marche,GALITOS,794.9065469378313,682.5,-112.40654693783132,-14.14085056549704,65.0,10.5,2021,10,October,4,Friday,False,42
2021-10-22,OASIS,CHICKEN INN,706.8385377602176,762.5,55.6614622397824,7.8747067776127055,76.0,10.032894736842104,2021,10,October,4,Friday,False,42
2021-10-22,OASIS,PIZZA INN,2406.7832973514314,2009.0,-397.7832973514314,-16.527590904805432,138.0,14.557971014492754,2021,10,October,4,Friday,False,42
2021-10-22,OASIS,CREAMY INN,142.18015709341103,89.0,-53.180157093411054,-37.40336076466154,40.0,2.225,2021,10,October,4,Friday,False,42
2021-10-23,LA PIAZZA,CHICKEN INN,1701.063047032953,1322.75,-378.3130470329529,-22.23980161657255,184.0,7.188858695652174,2021,10,October,4,Saturday,True,42
2021-10-23,LA PIAZZA,PIZZA INN,2753.8383810793,2286.25,-467.5883810793002,-16.97951427694316,220.0,10.392045454545457,2021,10,October,4,Saturday,True,42
2021-10-23,LA PIAZZA,CREAMY INN,538.3078312612221,578.75,40.44216873877792,7.512833065055808,145.0,3.9913793103448274,2021,10,October,4,Saturday,True,42
2021-10-23,LA PIAZZA,GALITOS,619.7708571653594,798.0,178.22914283464058,28.75726420080571,100.0,7.98,2021,10,October,4,Saturday,True,42
2021-10-23,CARREFOUR,CHICKEN INN,2180.056557800154,2151.5,-28.556557800154224,-1.309899860073814,238.0,9.039915966386555,2021,10,October,4,Saturday,True,42
2021-10-23,CARREFOUR,PIZZA INN,5573.896599011105,4101.5,-1472.3965990111046,-26.41592955406332,316.0,12.979430379746836,2021,10,October,4,Saturday,True,42
2021-10-23,CARREFOUR,CREAMY INN,1032.899829822637,982.5,-50.399829822637,-4.879449910577616,231.0,4.253246753246753,2021,10,October,4,Saturday,True,42
2021-10-23,CARREFOUR,GALITOS,904.3974877832932,940.5,36.10251221670683,3.991885504369901,99.0,9.5,2021,10,October,4,Saturday,True,42
2021-10-23,CITY MARKET,CHICKEN INN,715.7570863554552,623.0,-92.75708635545516,-12.95929696313068,178.0,3.5,2021,10,October,4,Saturday,True,42
2021-10-23,CITY MARKET,PIZZA INN,358.0619620950398,320.75,-37.3119620950398,-10.420532210884817,57.0,5.62719298245614,2021,10,October,4,Saturday,True,42
2021-10-23,JUNCTION,CHICKEN INN,3602.574418811136,2984.75,-617.8244188111362,-17.14952550556945,309.0,9.659385113268607,2021,10,October,4,Saturday,True,42
2021-10-23,JUNCTION,PIZZA INN,8936.559387895742,6932.0,-2004.5593878957425,-22.430997220371506,429.0,16.15850815850816,2021,10,October,4,Saturday,True,42
2021-10-23,JUNCTION,CREAMY INN,1041.5689701875076,620.5,-421.0689701875076,-40.42641267545682,131.0,4.736641221374046,2021,10,October,4,Saturday,True,42
2021-10-23,JUNCTION,GALITOS,1520.0793801375144,1519.5,-0.579380137514363,-0.0381151237945184,129.0,11.77906976744186,2021,10,October,4,Saturday,True,42
2021-10-23,Bon Marche,CHICKEN INN,2465.589427590082,987.5,-1478.089427590082,-59.94872508172608,99.0,9.974747474747474,2021,10,October,4,Saturday,True,42
2021-10-23,Bon Marche,PIZZA INN,6425.630943145122,1949.5,-4476.130943145122,-69.66056691942865,124.0,15.721774193548388,2021,10,October,4,Saturday,True,42
2021-10-23,Bon Marche,CREAMY INN,692.0521805194222,503.5,-188.55218051942225,-27.245370483177105,126.0,3.996031746031746,2021,10,October,4,Saturday,True,42
2021-10-23,Bon Marche,GALITOS,771.8346328357983,824.0,52.16536716420171,6.758619650499602,73.0,11.287671232876711,2021,10,October,4,Saturday,True,42
2021-10-23,OASIS,CHICKEN INN,838.2438863278326,859.5,21.25611367216743,2.535791076900772,109.0,7.885321100917431,2021,10,October,4,Saturday,True,42
2021-10-23,OASIS,PIZZA INN,2898.8591030312155,2745.5,-153.35910303121543,-5.29032621388374,207.0,13.26328502415459,2021,10,October,4,Saturday,True,42
2021-10-23,OASIS,CREAMY INN,231.1377954887538,137.5,-93.6377954887538,-40.511676288489056,43.0,3.197674418604651,2021,10,October,4,Saturday,True,42
2021-10-24,LA PIAZZA,CHICKEN INN,2064.49955893521,1894.5,-169.99955893521064,-8.234419726536046,264.0,7.176136363636363,2021,10,October,4,Sunday,True,42
2021-10-24,LA PIAZZA,PIZZA INN,3479.6189047891457,3270.0,-209.61890478914572,-6.024191456732185,261.0,12.528735632183908,2021,10,October,4,Sunday,True,42
2021-10-24,LA PIAZZA,CREAMY INN,760.8615279000534,603.75,-157.11152790005335,-20.649161790802427,120.0,5.03125,2021,10,October,4,Sunday,True,42
2021-10-24,LA PIAZZA,GALITOS,1140.797344685827,721.25,-419.5473446858271,-36.776676123958666,90.0,8.01388888888889,2021,10,October,4,Sunday,True,42
2021-10-24,CARREFOUR,CHICKEN INN,3083.998649984678,2987.75,-96.2486499846782,-3.1209044136629687,316.0,9.45490506329114,2021,10,October,4,Sunday,True,42
2021-10-24,CARREFOUR,PIZZA INN,7439.7312829771,7395.0,-44.73128297709991,-0.601248637561008,468.0,15.801282051282053,2021,10,October,4,Sunday,True,42
2021-10-24,CARREFOUR,CREAMY INN,1839.0820504268495,1730.25,-108.83205042684972,-5.917737623592697,312.0,5.545673076923077,2021,10,October,4,Sunday,True,42
2021-10-24,CARREFOUR,GALITOS,1876.3468091712623,1920.0,43.653190828737706,2.3264990573900506,176.0,10.909090909090908,2021,10,October,4,Sunday,True,42
2021-10-24,CITY MARKET,CHICKEN INN,460.35084936010486,651.5,191.14915063989517,41.52249331256705,164.0,3.972560975609756,2021,10,October,4,Sunday,True,42
2021-10-24,CITY MARKET,PIZZA INN,317.6964201095959,281.25,-36.44642010959592,-11.472090273168009,55.0,5.113636363636363,2021,10,October,4,Sunday,True,42
2021-10-24,JUNCTION,CHICKEN INN,4553.268124444222,3687.5,-865.7681244442219,-19.014213544692115,409.0,9.015892420537895,2021,10,October,4,Sunday,True,42
2021-10-24,JUNCTION,PIZZA INN,11210.6224652933,8981.5,-2229.1224652933,-19.8840204653612,565.0,15.89646017699115,2021,10,October,4,Sunday,True,42
2021-10-24,JUNCTION,CREAMY INN,1259.8590118884051,802.0,-457.8590118884051,-36.34208332582543,169.0,4.745562130177515,2021,10,October,4,Sunday,True,42
2021-10-24,JUNCTION,GALITOS,2457.7206277743376,2358.0,-99.72062777433756,-4.057443577899355,220.0,10.71818181818182,2021,10,October,4,Sunday,True,42
2021-10-24,Bon Marche,CHICKEN INN,3116.2408998388937,1598.25,-1517.9908998388937,-48.71224493322619,174.0,9.185344827586206,2021,10,October,4,Sunday,True,42
2021-10-24,Bon Marche,PIZZA INN,8060.744574973204,3498.0,-4562.744574973204,-56.60450511159352,199.0,17.57788944723618,2021,10,October,4,Sunday,True,42
2021-10-24,Bon Marche,CREAMY INN,837.0911588960397,800.5,-36.5911588960397,-4.371227495019338,203.0,3.943349753694581,2021,10,October,4,Sunday,True,42
2021-10-24,Bon Marche,GALITOS,1247.9308140996986,1202.0,-45.93081409969864,-3.680557734511488,111.0,10.82882882882883,2021,10,October,4,Sunday,True,42
2021-10-24,OASIS,CHICKEN INN,1610.4795045379797,1592.25,-18.229504537979665,-1.131930241062547,175.0,9.098571428571429,2021,10,October,4,Sunday,True,42
2021-10-24,OASIS,PIZZA INN,4883.576018383648,4731.25,-152.32601838364826,-3.1191491196253494,346.0,13.67413294797688,2021,10,October,4,Sunday,True,42
2021-10-24,OASIS,CREAMY INN,412.47451991002936,249.0,-163.47451991002936,-39.63263474933848,67.0,3.716417910447761,2021,10,October,4,Sunday,True,42
2021-10-25,LA PIAZZA,CHICKEN INN,980.550617164834,878.0,-102.55061716483408,-10.45847255303853,162.0,5.419753086419753,2021,10,October,4,Monday,False,43
2021-10-25,LA PIAZZA,PIZZA INN,1299.7518154733289,1848.25,548.4981845266711,42.20022453493748,161.0,11.479813664596271,2021,10,October,4,Monday,False,43
2021-10-25,LA PIAZZA,CREAMY INN,429.3038751226761,491.25,61.94612487732388,14.429435294433905,129.0,3.808139534883721,2021,10,October,4,Monday,False,43
2021-10-25,LA PIAZZA,GALITOS,533.2710701239333,586.25,52.97892987606667,9.934709164656963,95.0,6.171052631578948,2021,10,October,4,Monday,False,43
2021-10-25,CARREFOUR,CHICKEN INN,1349.4401970376837,1746.5,397.0598029623163,29.424038488993396,183.0,9.543715846994536,2021,10,October,4,Monday,False,43
2021-10-25,CARREFOUR,PIZZA INN,2726.532809514993,2604.0,-122.532809514993,-4.494088942828077,207.0,12.579710144927535,2021,10,October,4,Monday,False,43
2021-10-25,CARREFOUR,CREAMY INN,713.1375688256461,581.5,-131.6375688256461,-18.45893058788352,149.0,3.902684563758389,2021,10,October,4,Monday,False,43
2021-10-25,CARREFOUR,GALITOS,892.7051243428285,697.5,-195.20512434282853,-21.86669696631687,86.0,8.11046511627907,2021,10,October,4,Monday,False,43
2021-10-25,CITY MARKET,CHICKEN INN,616.2462883302211,587.75,-28.49628833022109,-4.624172002306827,162.0,3.628086419753086,2021,10,October,4,Monday,False,43
2021-10-25,CITY MARKET,PIZZA INN,304.95840225267,266.5,-38.45840225267,-12.61103218294202,71.0,3.753521126760564,2021,10,October,4,Monday,False,43
2021-10-25,JUNCTION,CHICKEN INN,1461.1251197423428,1603.5,142.3748802576572,9.744194958660612,183.0,8.762295081967213,2021,10,October,4,Monday,False,43
2021-10-25,JUNCTION,PIZZA INN,3492.229946151514,3027.5,-464.729946151514,-13.307541408138167,214.0,14.147196261682245,2021,10,October,4,Monday,False,43
2021-10-25,JUNCTION,CREAMY INN,418.5558556803389,347.0,-71.55585568033894,-17.09589167353278,68.0,5.102941176470588,2021,10,October,4,Monday,False,43
2021-10-25,JUNCTION,GALITOS,1127.5022489464825,899.5,-228.00224894648227,-20.221888617918363,88.0,10.221590909090908,2021,10,October,4,Monday,False,43
2021-10-25,Bon Marche,CHICKEN INN,999.988960342383,580.5,-419.4889603423831,-41.94935914080047,69.0,8.41304347826087,2021,10,October,4,Monday,False,43
2021-10-25,Bon Marche,PIZZA INN,2511.0089720841656,1466.75,-1044.2589720841656,-41.58722584003429,99.0,14.815656565656566,2021,10,October,4,Monday,False,43
2021-10-25,Bon Marche,CREAMY INN,278.10207569893805,245.5,-32.60207569893805,-11.723060900211232,55.0,4.463636363636364,2021,10,October,4,Monday,False,43
2021-10-25,Bon Marche,GALITOS,572.4998942215885,734.0,161.50010577841147,28.20963067565252,58.0,12.655172413793103,2021,10,October,4,Monday,False,43
2021-10-25,OASIS,CHICKEN INN,484.6718205307847,618.5,133.82817946921529,27.61212304908801,79.0,7.829113924050633,2021,10,October,4,Monday,False,43
2021-10-25,OASIS,PIZZA INN,1747.4218161396627,1600.25,-147.17181613966272,-8.422226092197308,125.0,12.802,2021,10,October,4,Monday,False,43
2021-10-25,OASIS,CREAMY INN,84.77586906906595,81.0,-3.775869069065948,-4.453943215833965,29.0,2.793103448275862,2021,10,October,4,Monday,False,43
2021-10-26,LA PIAZZA,CHICKEN INN,997.9216812915596,899.5,-98.4216812915596,-9.862665892194803,163.0,5.5184049079754605,2021,10,October,4,Tuesday,False,43
2021-10-26,LA PIAZZA,PIZZA INN,4013.382166926089,4059.75,46.36783307391079,1.1553306200447044,296.0,13.71537162162162,2021,10,October,4,Tuesday,False,43
2021-10-26,LA PIAZZA,CREAMY INN,454.6495875813488,332.0,-122.64958758134884,-26.97672909675819,95.0,3.494736842105264,2021,10,October,4,Tuesday,False,43
2021-10-26,LA PIAZZA,GALITOS,450.83461272353,604.0,153.16538727646997,33.973741801053144,106.0,5.69811320754717,2021,10,October,4,Tuesday,False,43
2021-10-26,CARREFOUR,CHICKEN INN,1272.7534393155477,1215.75,-57.00343931554767,-4.478749579824555,196.0,6.20280612244898,2021,10,October,4,Tuesday,False,43
2021-10-26,CARREFOUR,PIZZA INN,6967.82709273765,6453.75,-514.0770927376498,-7.3778681057320785,424.0,15.22110849056604,2021,10,October,4,Tuesday,False,43
2021-10-26,CARREFOUR,CREAMY INN,751.8919181875361,905.75,153.8580818124639,20.46279233634331,209.0,4.333732057416268,2021,10,October,4,Tuesday,False,43
2021-10-26,CARREFOUR,GALITOS,837.4461958027966,924.0,86.55380419720336,10.33544657925525,93.0,9.935483870967742,2021,10,October,4,Tuesday,False,43
2021-10-26,CITY MARKET,CHICKEN INN,637.3351131707326,489.0,-148.3351131707326,-23.274272844119263,141.0,3.4680851063829787,2021,10,October,4,Tuesday,False,43
2021-10-26,CITY MARKET,PIZZA INN,635.6693165341605,380.75,-254.91931653416052,-40.10250454183458,66.0,5.768939393939394,2021,10,October,4,Tuesday,False,43
2021-10-26,JUNCTION,CHICKEN INN,1492.594712438201,1764.5,271.905287561799,18.216953691175352,200.0,8.8225,2021,10,October,4,Tuesday,False,43
2021-10-26,JUNCTION,PIZZA INN,3776.303752440493,5203.0,1426.696247559507,37.780230116221006,369.0,14.100271002710029,2021,10,October,4,Tuesday,False,43
2021-10-26,JUNCTION,CREAMY INN,355.57254642394537,569.5,213.92745357605463,60.16422126161315,119.0,4.785714285714286,2021,10,October,4,Tuesday,False,43
2021-10-26,JUNCTION,GALITOS,1422.3704054848452,1305.5,-116.87040548484516,-8.216594287548284,144.0,9.06597222222222,2021,10,October,4,Tuesday,False,43
2021-10-26,Bon Marche,CHICKEN INN,1021.5266403515246,494.25,-527.2766403515246,-51.61653348267842,56.0,8.825892857142858,2021,10,October,4,Tuesday,False,43
2021-10-26,Bon Marche,PIZZA INN,2715.2658186620392,2163.75,-551.5158186620392,-20.311669482651293,138.0,15.679347826086955,2021,10,October,4,Tuesday,False,43
2021-10-26,Bon Marche,CREAMY INN,236.2539237715919,294.0,57.7460762284081,24.44237763612192,81.0,3.6296296296296298,2021,10,October,4,Tuesday,False,43
2021-10-26,Bon Marche,GALITOS,722.2219799959296,509.0,-213.2219799959296,-29.523053285796053,49.0,10.387755102040815,2021,10,October,4,Tuesday,False,43
2021-10-26,OASIS,CHICKEN INN,463.58584599319073,695.5,231.91415400680927,50.02615071432006,91.0,7.642857142857143,2021,10,October,4,Tuesday,False,43
2021-10-26,OASIS,PIZZA INN,2251.3556773137047,2373.5,122.14432268629524,5.425367653681299,187.0,12.692513368983958,2021,10,October,4,Tuesday,False,43
2021-10-26,OASIS,CREAMY INN,121.43858123507816,127.0,5.561418764921854,4.579614409489997,25.0,5.08,2021,10,October,4,Tuesday,False,43
2021-10-27,LA PIAZZA,CHICKEN INN,929.538471803691,784.25,-145.28847180369098,-15.630173060160809,146.0,5.3715753424657535,2021,10,October,4,Wednesday,False,43
2021-10-27,LA PIAZZA,PIZZA INN,1716.5179443638135,1418.25,-298.26794436381374,-17.37633709820375,134.0,10.583955223880595,2021,10,October,4,Wednesday,False,43
2021-10-27,LA PIAZZA,CREAMY INN,412.00617741226574,392.75,-19.256177412265743,-4.673759391961115,111.0,3.5382882882882885,2021,10,October,4,Wednesday,False,43
2021-10-27,LA PIAZZA,GALITOS,499.7115548737976,478.75,-20.96155487379758,-4.1947308741122535,82.0,5.838414634146342,2021,10,October,4,Wednesday,False,43
2021-10-27,CARREFOUR,CHICKEN INN,1130.8864962633254,1244.5,113.6135037366746,10.04641085662233,164.0,7.588414634146342,2021,10,October,4,Wednesday,False,43
2021-10-27,CARREFOUR,PIZZA INN,2476.200314051163,2840.75,364.5496859488371,14.722140364824494,216.0,13.15162037037037,2021,10,October,4,Wednesday,False,43
2021-10-27,CARREFOUR,CREAMY INN,666.3586431111336,777.75,111.39135688886644,16.71642711330284,183.0,4.25,2021,10,October,4,Wednesday,False,43
2021-10-27,CARREFOUR,GALITOS,923.6694144501444,746.0,-177.66941445014447,-19.235173501540064,88.0,8.477272727272727,2021,10,October,4,Wednesday,False,43
2021-10-27,CITY MARKET,CHICKEN INN,582.97636031246,554.5,-28.47636031245997,-4.88465094831588,171.0,3.242690058479532,2021,10,October,4,Wednesday,False,43
2021-10-27,CITY MARKET,PIZZA INN,336.5219437379256,232.75,-103.7719437379256,-30.836605359304727,57.0,4.083333333333333,2021,10,October,4,Wednesday,False,43
2021-10-27,JUNCTION,CHICKEN INN,1458.1771989222864,1341.0,-117.17719892228638,-8.035868275055325,159.0,8.433962264150944,2021,10,October,4,Wednesday,False,43
2021-10-27,JUNCTION,PIZZA INN,3185.8732078382345,3553.0,367.1267921617655,11.52358453118975,238.0,14.928571428571429,2021,10,October,4,Wednesday,False,43
2021-10-27,JUNCTION,CREAMY INN,419.6011796979684,194.5,-225.1011796979684,-53.64646016009719,42.0,4.630952380952381,2021,10,October,4,Wednesday,False,43
2021-10-27,JUNCTION,GALITOS,1420.1043037534737,888.0,-532.1043037534737,-37.46938181562229,94.0,9.4468085106383,2021,10,October,4,Wednesday,False,43
2021-10-27,Bon Marche,CHICKEN INN,997.9714135654584,540.0,-457.9714135654583,-45.890233662030575,56.0,9.642857142857142,2021,10,October,4,Wednesday,False,43
2021-10-27,Bon Marche,PIZZA INN,2290.7300871239054,1388.0,-902.7300871239054,-39.407963958657206,89.0,15.595505617977528,2021,10,October,4,Wednesday,False,43
2021-10-27,Bon Marche,CREAMY INN,278.7966228546771,144.5,-134.29662285467708,-48.170103884177706,43.0,3.36046511627907,2021,10,October,4,Wednesday,False,43
2021-10-27,Bon Marche,GALITOS,721.0713454825902,430.0,-291.07134548259023,-40.36651120670804,40.0,10.75,2021,10,October,4,Wednesday,False,43
2021-10-27,OASIS,CHICKEN INN,446.4725912960129,677.5,231.02740870398708,51.7450372560082,75.0,9.033333333333331,2021,10,October,4,Wednesday,False,43
2021-10-27,OASIS,PIZZA INN,1235.3816006446873,1463.75,228.3683993553127,18.485656515860203,112.0,13.069196428571429,2021,10,October,4,Wednesday,False,43
2021-10-27,OASIS,CREAMY INN,71.09007854670553,83.5,12.409921453294473,17.45661519439913,27.0,3.092592592592593,2021,10,October,4,Wednesday,False,43
2021-10-28,LA PIAZZA,CHICKEN INN,1075.4044529201956,947.25,-128.15445292019558,-11.916860914254162,170.0,5.572058823529412,2021,10,October,4,Thursday,False,43
2021-10-28,LA PIAZZA,PIZZA INN,1591.3657237581258,3087.75,1496.3842762418742,94.03145071568176,224.0,13.784598214285714,2021,10,October,4,Thursday,False,43
2021-10-28,LA PIAZZA,CREAMY INN,408.9387611820833,373.25,-35.68876118208328,-8.72716518212187,107.0,3.4883177570093458,2021,10,October,4,Thursday,False,43
2021-10-28,LA PIAZZA,GALITOS,488.792818794274,514.25,25.457181205726044,5.2081741439087335,86.0,5.979651162790698,2021,10,October,4,Thursday,False,43
2021-10-28,CARREFOUR,CHICKEN INN,1116.7464609114452,1342.75,226.0035390885548,20.23767676900444,184.0,7.297554347826087,2021,10,October,4,Thursday,False,43
2021-10-28,CARREFOUR,PIZZA INN,3140.1696655428404,4133.75,993.5803344571596,31.64097613449812,280.0,14.763392857142858,2021,10,October,4,Thursday,False,43
2021-10-28,CARREFOUR,CREAMY INN,650.6205204970755,682.5,31.87947950292448,4.899857674112167,174.0,3.922413793103448,2021,10,October,4,Thursday,False,43
2021-10-28,CARREFOUR,GALITOS,892.4867455703996,918.75,26.26325442960035,2.942705262565571,95.0,9.671052631578949,2021,10,October,4,Thursday,False,43
2021-10-28,CITY MARKET,CHICKEN INN,633.4276750800194,494.75,-138.6776750800194,-21.893213785220325,160.0,3.0921875,2021,10,October,4,Thursday,False,43
2021-10-28,CITY MARKET,PIZZA INN,427.7088592567242,429.25,1.5411407432757755,0.3603247185372736,67.0,6.406716417910448,2021,10,October,4,Thursday,False,43
2021-10-28,JUNCTION,CHICKEN INN,2119.4905166099065,1797.25,-322.24051660990654,-15.20367815211202,232.0,7.7467672413793105,2021,10,October,4,Thursday,False,43
2021-10-28,JUNCTION,PIZZA INN,5085.795356097618,5155.0,69.20464390238158,1.3607437786384506,368.0,14.008152173913045,2021,10,October,4,Thursday,False,43
2021-10-28,JUNCTION,CREAMY INN,549.881028380586,299.5,-250.38102838058603,-45.53367282336775,60.0,4.991666666666666,2021,10,October,4,Thursday,False,43
2021-10-28,JUNCTION,GALITOS,1501.9005787483495,890.5,-611.4005787483497,-40.708458828738,111.0,8.022522522522523,2021,10,October,4,Thursday,False,43
2021-10-28,Bon Marche,CHICKEN INN,1450.5719527524316,603.5,-847.0719527524316,-58.39572115985901,83.0,7.271084337349397,2021,10,October,4,Thursday,False,43
2021-10-28,Bon Marche,PIZZA INN,3656.826144400471,1718.5,-1938.3261444004704,-53.00569586466505,115.0,14.943478260869565,2021,10,October,4,Thursday,False,43
2021-10-28,Bon Marche,CREAMY INN,365.3587766238268,257.5,-107.85877662382676,-29.52133177708719,70.0,3.678571428571429,2021,10,October,4,Thursday,False,43
2021-10-28,Bon Marche,GALITOS,762.6041750854066,514.5,-248.1041750854066,-32.533807601777234,57.0,9.026315789473683,2021,10,October,4,Thursday,False,43
2021-10-28,OASIS,CHICKEN INN,556.4863714921557,669.5,113.01362850784426,20.30842699791747,80.0,8.36875,2021,10,October,4,Thursday,False,43
2021-10-28,OASIS,PIZZA INN,2172.167984691036,2101.25,-70.9179846910356,-3.264848077627975,184.0,11.419836956521738,2021,10,October,4,Thursday,False,43
2021-10-28,OASIS,CREAMY INN,130.7753316581107,110.0,-20.7753316581107,-15.886277170700804,39.0,2.8205128205128207,2021,10,October,4,Thursday,False,43
2021-10-29,LA PIAZZA,CHICKEN INN,929.2563853773272,1203.0,273.7436146226727,29.45835174557539,138.0,8.717391304347826,2021,10,October,4,Friday,False,43
2021-10-29,LA PIAZZA,PIZZA INN,2010.8353809273185,1728.5,-282.3353809273183,-14.040700875131623,172.0,10.049418604651162,2021,10,October,4,Friday,False,43
2021-10-29,LA PIAZZA,CREAMY INN,366.0581796549965,474.5,108.44182034500346,29.624203575291773,128.0,3.70703125,2021,10,October,4,Friday,False,43
2021-10-29,LA PIAZZA,GALITOS,502.9247829200574,920.0,417.0752170799426,82.9299392760764,123.0,7.479674796747967,2021,10,October,4,Friday,False,43
2021-10-29,CARREFOUR,CHICKEN INN,1160.3607198407617,1862.75,702.3892801592383,60.53197666460378,211.0,8.828199052132701,2021,10,October,4,Friday,False,43
2021-10-29,CARREFOUR,PIZZA INN,3464.552318506154,3662.25,197.69768149384615,5.706298052935437,265.0,13.819811320754717,2021,10,October,4,Friday,False,43
2021-10-29,CARREFOUR,CREAMY INN,630.8701097067062,875.07,244.19989029329383,38.708426114342814,204.0,4.289558823529412,2021,10,October,4,Friday,False,43
2021-10-29,CARREFOUR,GALITOS,1233.121234097427,2099.0,865.8787659025729,70.21846205870794,148.0,14.182432432432432,2021,10,October,4,Friday,False,43
2021-10-29,CITY MARKET,CHICKEN INN,611.2511596891907,716.25,104.99884031080931,17.177691795987627,199.0,3.599246231155779,2021,10,October,4,Friday,False,43
2021-10-29,CITY MARKET,PIZZA INN,570.652140937681,432.25,-138.402140937681,-24.253328956281862,81.0,5.33641975308642,2021,10,October,4,Friday,False,43
2021-10-29,JUNCTION,CHICKEN INN,1455.702666847057,1909.0,453.29733315294334,31.13941764871198,219.0,8.71689497716895,2021,10,October,4,Friday,False,43
2021-10-29,JUNCTION,PIZZA INN,4031.183865321196,4427.5,396.31613467880425,9.8312592012527,295.0,15.008474576271189,2021,10,October,4,Friday,False,43
2021-10-29,JUNCTION,CREAMY INN,409.7061222495341,294.5,-115.20612224953408,-28.11920935351976,61.0,4.827868852459017,2021,10,October,4,Friday,False,43
2021-10-29,JUNCTION,GALITOS,1172.9409211630289,2374.5,1201.5590788369711,102.43986352233034,208.0,11.415865384615383,2021,10,October,4,Friday,False,43
2021-10-29,Bon Marche,CHICKEN INN,996.2778524023464,524.5,-471.7778524023463,-47.35404398127873,65.0,8.069230769230769,2021,10,October,4,Friday,False,43
2021-10-29,Bon Marche,PIZZA INN,2898.5316001592078,1937.75,-960.7816001592072,-33.14718390879142,115.0,16.85,2021,10,October,4,Friday,False,43
2021-10-29,Bon Marche,CREAMY INN,272.22202599209857,155.5,-116.72202599209857,-42.877509843926624,49.0,3.173469387755102,2021,10,October,4,Friday,False,43
2021-10-29,Bon Marche,GALITOS,595.5718083236217,832.5,236.92819167637836,39.781633107058745,65.0,12.807692307692308,2021,10,October,4,Friday,False,43
2021-10-29,OASIS,CHICKEN INN,568.7101248472827,748.0,179.2898751527173,31.525704804510468,84.0,8.904761904761905,2021,10,October,4,Friday,False,43
2021-10-29,OASIS,PIZZA INN,1919.732091457349,2208.75,289.01790854265096,15.055116796179895,148.0,14.923986486486486,2021,10,October,4,Friday,False,43
2021-10-29,OASIS,CREAMY INN,164.77691788921948,124.0,-40.77691788921948,-24.746741480280654,37.0,3.3513513513513518,2021,10,October,4,Friday,False,43
2021-10-30,LA PIAZZA,CHICKEN INN,944.425355465987,1507.75,563.324644534013,59.64734441676062,188.0,8.019946808510639,2021,10,October,4,Saturday,True,43
2021-10-30,LA PIAZZA,PIZZA INN,1826.4169251748176,2328.75,502.33307482518217,27.50374615462462,207.0,11.25,2021,10,October,4,Saturday,True,43
2021-10-30,LA PIAZZA,CREAMY INN,371.5684608726181,651.5,279.9315391273819,75.33780947660911,166.0,3.924698795180723,2021,10,October,4,Saturday,True,43
2021-10-30,LA PIAZZA,GALITOS,565.8401000297124,919.5,353.6598999702876,62.50173855683201,90.0,10.216666666666669,2021,10,October,4,Saturday,True,43
2021-10-30,CARREFOUR,CHICKEN INN,1122.7409501713587,2619.75,1497.0090498286413,133.3352141115152,301.0,8.703488372093023,2021,10,October,4,Saturday,True,43
2021-10-30,CARREFOUR,PIZZA INN,3144.1877185801645,5127.25,1983.0622814198357,63.07073428539872,385.0,13.317532467532468,2021,10,October,4,Saturday,True,43
2021-10-30,CARREFOUR,CREAMY INN,556.0362697671337,1158.0,601.9637302328663,108.25979580162404,253.0,4.5770750988142295,2021,10,October,4,Saturday,True,43
2021-10-30,CARREFOUR,GALITOS,841.7500774427497,1416.25,574.4999225572503,68.25065277125847,143.0,9.903846153846152,2021,10,October,4,Saturday,True,43
2021-10-30,CITY MARKET,CHICKEN INN,564.8567760263693,1001.25,436.3932239736307,77.25732300558585,221.0,4.530542986425339,2021,10,October,4,Saturday,True,43
2021-10-30,CITY MARKET,PIZZA INN,323.89451640698724,392.0,68.10548359301276,21.02705669380192,75.0,5.226666666666667,2021,10,October,4,Saturday,True,43
2021-10-30,JUNCTION,CHICKEN INN,1592.3075962348537,2790.25,1197.9424037651463,75.23310236023386,294.0,9.490646258503402,2021,10,October,4,Saturday,True,43
2021-10-30,JUNCTION,PIZZA INN,4200.180063758648,6241.0,2040.8199362413525,48.58886774523348,399.0,15.641604010025064,2021,10,October,4,Saturday,True,43
2021-10-30,JUNCTION,CREAMY INN,486.0452218670965,453.5,-32.54522186709653,-6.69592465945394,97.0,4.675257731958763,2021,10,October,4,Saturday,True,43
2021-10-30,JUNCTION,GALITOS,1557.1867959887245,1123.5,-433.6867959887242,-27.85065973497149,111.0,10.12162162162162,2021,10,October,4,Saturday,True,43
2021-10-30,Bon Marche,CHICKEN INN,1089.7697919155323,845.0,-244.76979191553232,-22.46068791146161,92.0,9.184782608695652,2021,10,October,4,Saturday,True,43
2021-10-30,Bon Marche,PIZZA INN,3020.0444950910537,2084.0,-936.0444950910536,-30.99439417573324,129.0,16.155038759689923,2021,10,October,4,Saturday,True,43
2021-10-30,Bon Marche,CREAMY INN,322.9441978898584,497.0,174.0558021101416,53.89655650958749,108.0,4.601851851851852,2021,10,October,4,Saturday,True,43
2021-10-30,Bon Marche,GALITOS,790.6762729917307,654.0,-136.67627299173068,-17.28599651467727,60.0,10.9,2021,10,October,4,Saturday,True,43
2021-10-30,OASIS,CHICKEN INN,752.0664251741874,1065.75,313.68357482581257,41.70955707179186,112.0,9.515625,2021,10,October,4,Saturday,True,43
2021-10-30,OASIS,PIZZA INN,2608.772208736666,3152.75,543.977791263334,20.851870065219792,226.0,13.950221238938052,2021,10,October,4,Saturday,True,43
2021-10-30,OASIS,CREAMY INN,108.2850158996984,228.5,120.2149841003016,111.0171920846866,60.0,3.808333333333333,2021,10,October,4,Saturday,True,43
2021-10-31,LA PIAZZA,CHICKEN INN,1254.638528406895,1482.25,227.61147159310508,18.14159747526005,202.0,7.337871287128713,2021,10,October,4,Sunday,True,43
2021-10-31,LA PIAZZA,PIZZA INN,4862.312297701838,3275.0,-1587.3122977018384,-32.64521487959706,246.0,13.3130081300813,2021,10,October,4,Sunday,True,43
2021-10-31,LA PIAZZA,CREAMY INN,426.6633673369005,761.5,334.8366326630995,78.47794263497362,161.0,4.729813664596273,2021,10,October,4,Sunday,True,43
2021-10-31,LA PIAZZA,GALITOS,686.6949102356396,1009.5,322.80508976436045,47.0085164390675,102.0,9.897058823529411,2021,10,October,4,Sunday,True,43
2021-10-31,CARREFOUR,CHICKEN INN,1470.2236198169128,3101.25,1631.0263801830872,110.93729948279562,308.0,10.068993506493506,2021,10,October,4,Sunday,True,43
2021-10-31,CARREFOUR,PIZZA INN,8567.824716472524,7715.0,-852.8247164725235,-9.953806767695426,474.0,16.276371308016877,2021,10,October,4,Sunday,True,43
2021-10-31,CARREFOUR,CREAMY INN,679.4141311887045,1777.5,1098.0858688112955,161.6224653570396,303.0,5.866336633663367,2021,10,October,4,Sunday,True,43
2021-10-31,CARREFOUR,GALITOS,996.1620677810243,2112.0,1115.8379322189755,112.01369418778732,178.0,11.865168539325843,2021,10,October,4,Sunday,True,43
2021-10-31,CITY MARKET,CHICKEN INN,652.1761610113174,491.5,-160.6761610113174,-24.636926434440635,132.0,3.7234848484848486,2021,10,October,4,Sunday,True,43
2021-10-31,CITY MARKET,PIZZA INN,470.4319901825384,303.0,-167.43199018253836,-35.59111490644395,51.0,5.941176470588236,2021,10,October,4,Sunday,True,43
2021-10-31,JUNCTION,CHICKEN INN,2599.0763504596694,4080.0,1480.9236495403306,56.97884362952309,438.0,9.315068493150685,2021,10,October,4,Sunday,True,43
2021-10-31,JUNCTION,PIZZA INN,5866.625923706425,9328.0,3461.374076293575,59.0011042344889,581.0,16.055077452667813,2021,10,October,4,Sunday,True,43
2021-10-31,JUNCTION,CREAMY INN,655.3674151693315,978.0,322.6325848306685,49.22926855423654,182.0,5.373626373626373,2021,10,October,4,Sunday,True,43
2021-10-31,JUNCTION,GALITOS,1584.7049357634316,1717.5,132.79506423656835,8.379797477730094,197.0,8.718274111675127,2021,10,October,4,Sunday,True,43
2021-10-31,Bon Marche,CHICKEN INN,1778.7988327823423,1930.5,151.7011672176577,8.528292487148276,176.0,10.96875,2021,10,October,4,Sunday,True,43
2021-10-31,Bon Marche,PIZZA INN,4218.264706916657,4061.5,-156.7647069166569,-3.716331662629208,233.0,17.431330472103003,2021,10,October,4,Sunday,True,43
2021-10-31,Bon Marche,CREAMY INN,435.4473507670487,815.5,380.05264923295135,87.27866837712561,201.0,4.057213930348259,2021,10,October,4,Sunday,True,43
2021-10-31,Bon Marche,GALITOS,804.6488678357013,1204.0,399.3511321642988,49.63048456632403,113.0,10.654867256637168,2021,10,October,4,Sunday,True,43
2021-10-31,OASIS,CHICKEN INN,916.4759078006452,1570.5,654.0240921993548,71.36293345330581,189.0,8.30952380952381,2021,10,October,4,Sunday,True,43
2021-10-31,OASIS,PIZZA INN,3398.237327066221,5164.5,1766.262672933779,51.975848151213015,349.0,14.797994269340974,2021,10,October,4,Sunday,True,43
2021-10-31,OASIS,CREAMY INN,317.3734822135382,281.0,-36.37348221353818,-11.460781776678193,73.0,3.8493150684931514,2021,10,October,4,Sunday,True,43
2021-11-01,LA PIAZZA,CHICKEN INN,1094.7557044869836,894.0,-200.75570448698363,-18.33794550365557,176.0,5.079545454545454,2021,11,November,4,Monday,False,44
2021-11-01,LA PIAZZA,PIZZA INN,1636.7348576410432,1572.0,-64.73485764104316,-3.9551218292217936,165.0,9.527272727272727,2021,11,November,4,Monday,False,44
2021-11-01,LA PIAZZA,CREAMY INN,503.43782602282994,464.5,-38.93782602282994,-7.734386255883797,123.0,3.776422764227642,2021,11,November,4,Monday,False,44
2021-11-01,LA PIAZZA,GALITOS,702.0088157709766,452.75,-249.25881577097664,-35.50650792002231,82.0,5.521341463414634,2021,11,November,4,Monday,False,44
2021-11-01,CARREFOUR,CHICKEN INN,1367.8862493552251,1392.75,24.86375064477488,1.8176767736714077,206.0,6.760922330097087,2021,11,November,4,Monday,False,44
2021-11-01,CARREFOUR,PIZZA INN,2733.76287560371,2469.0,-264.7628756037102,-9.68492468628031,200.0,12.345,2021,11,November,4,Monday,False,44
2021-11-01,CARREFOUR,CREAMY INN,948.35949880045,726.75,-221.60949880045007,-23.36766796565616,192.0,3.78515625,2021,11,November,4,Monday,False,44
2021-11-01,CARREFOUR,GALITOS,979.8381886566582,599.25,-380.5881886566582,-38.84194278837389,75.0,7.99,2021,11,November,4,Monday,False,44
2021-11-01,CITY MARKET,CHICKEN INN,584.8019210346728,609.5,24.698078965327227,4.223323842991085,179.0,3.405027932960894,2021,11,November,4,Monday,False,44
2021-11-01,CITY MARKET,PIZZA INN,309.1775006689184,317.5,8.322499331081644,2.6918192019392007,63.0,5.03968253968254,2021,11,November,4,Monday,False,44
2021-11-01,JUNCTION,CHICKEN INN,1737.1338274026743,1196.0,-541.1338274026743,-31.150957909314688,155.0,7.716129032258064,2021,11,November,4,Monday,False,44
2021-11-01,JUNCTION,PIZZA INN,4211.118660411838,2960.0,-1251.1186604118384,-29.70988854276269,228.0,12.982456140350877,2021,11,November,4,Monday,False,44
2021-11-01,JUNCTION,CREAMY INN,388.17423520350417,278.0,-110.17423520350415,-28.382675925346835,54.0,5.148148148148148,2021,11,November,4,Monday,False,44
2021-11-01,JUNCTION,GALITOS,1123.3462301779937,1060.5,-62.84623017799368,-5.594555666781,113.0,9.38495575221239,2021,11,November,4,Monday,False,44
2021-11-01,Bon Marche,CHICKEN INN,703.5574372050036,554.0,-149.55743720500357,-21.257317355516108,75.0,7.386666666666667,2021,11,November,4,Monday,False,44
2021-11-01,Bon Marche,PIZZA INN,1381.0627853360995,1243.5,-137.56278533609952,-9.960646742256678,82.0,15.164634146341465,2021,11,November,4,Monday,False,44
2021-11-01,Bon Marche,CREAMY INN,273.7991142247332,262.75,-11.049114224733216,-4.035482092781406,54.0,4.8657407407407405,2021,11,November,4,Monday,False,44
2021-11-01,Bon Marche,GALITOS,510.7894532939363,268.0,-242.78945329393628,-47.53219780249102,29.0,9.241379310344827,2021,11,November,4,Monday,False,44
2021-11-01,OASIS,CHICKEN INN,632.7641621950748,605.5,-27.26416219507485,-4.308739941986407,86.0,7.040697674418604,2021,11,November,4,Monday,False,44
2021-11-01,OASIS,PIZZA INN,2433.438100987083,1372.0,-1061.438100987083,-43.61886585718078,114.0,12.035087719298245,2021,11,November,4,Monday,False,44
2021-11-01,OASIS,CREAMY INN,91.52250923205408,99.0,7.477490767945909,8.17011118979139,25.0,3.96,2021,11,November,4,Monday,False,44
2021-11-02,LA PIAZZA,CHICKEN INN,962.4594166734504,918.5,-43.95941667345039,-4.56740470423027,174.0,5.278735632183908,2021,11,November,4,Tuesday,False,44
2021-11-02,LA PIAZZA,PIZZA INN,4830.375379171815,4196.75,-633.6253791718154,-13.11751840041162,297.0,14.13047138047138,2021,11,November,4,Tuesday,False,44
2021-11-02,LA PIAZZA,CREAMY INN,607.1823486483132,469.75,-137.43234864831322,-22.63444399433877,143.0,3.284965034965035,2021,11,November,4,Tuesday,False,44
2021-11-02,LA PIAZZA,GALITOS,717.0327837686117,561.75,-155.2827837686117,-21.656301815444166,93.0,6.040322580645161,2021,11,November,4,Tuesday,False,44
2021-11-02,CARREFOUR,CHICKEN INN,1364.1661463561402,1384.75,20.58385364385981,1.5088963832478823,182.0,7.608516483516484,2021,11,November,4,Tuesday,False,44
2021-11-02,CARREFOUR,PIZZA INN,9242.076481663538,7276.75,-1965.3264816635383,-21.26498829091909,448.0,16.242745535714285,2021,11,November,4,Tuesday,False,44
2021-11-02,CARREFOUR,CREAMY INN,963.224985075324,820.0,-143.22498507532407,-14.86931789504234,184.0,4.456521739130435,2021,11,November,4,Tuesday,False,44
2021-11-02,CARREFOUR,GALITOS,1008.9110371174278,722.0,-286.9110371174278,-28.43769436175115,91.0,7.934065934065934,2021,11,November,4,Tuesday,False,44
2021-11-02,CITY MARKET,CHICKEN INN,625.9130289012068,597.5,-28.41302890120676,-4.53945318107309,179.0,3.3379888268156424,2021,11,November,4,Tuesday,False,44
2021-11-02,CITY MARKET,PIZZA INN,692.5796636467551,527.75,-164.82966364675508,-23.799379666860272,72.0,7.329861111111111,2021,11,November,4,Tuesday,False,44
2021-11-02,JUNCTION,CHICKEN INN,2208.8699792332213,1683.75,-525.1199792332213,-23.773240805034145,202.0,8.33539603960396,2021,11,November,4,Tuesday,False,44
2021-11-02,JUNCTION,PIZZA INN,5112.966413013584,6108.5,995.5335869864156,19.470763282398483,378.0,16.16005291005291,2021,11,November,4,Tuesday,False,44
2021-11-02,JUNCTION,CREAMY INN,531.3716351313353,327.5,-203.87163513133527,-38.36705267132782,88.0,3.721590909090909,2021,11,November,4,Tuesday,False,44
2021-11-02,JUNCTION,GALITOS,1401.8931258715727,1218.25,-183.6431258715727,-13.099652354554468,109.0,11.176605504587156,2021,11,November,4,Tuesday,False,44
2021-11-02,Bon Marche,CHICKEN INN,894.6155311660717,659.0,-235.6155311660717,-26.33707139635309,76.0,8.671052631578947,2021,11,November,4,Tuesday,False,44
2021-11-02,Bon Marche,PIZZA INN,1676.8294140151077,1926.25,249.42058598489237,14.874535471539929,125.0,15.41,2021,11,November,4,Tuesday,False,44
2021-11-02,Bon Marche,CREAMY INN,374.8035542514399,284.0,-90.80355425143988,-24.226972562411618,60.0,4.733333333333333,2021,11,November,4,Tuesday,False,44
2021-11-02,Bon Marche,GALITOS,637.4456993789054,587.0,-50.445699378905374,-7.913724953836397,49.0,11.979591836734691,2021,11,November,4,Tuesday,False,44
2021-11-02,OASIS,CHICKEN INN,683.4775012416746,789.0,105.52249875832536,15.439059598395332,107.0,7.373831775700935,2021,11,November,4,Tuesday,False,44
2021-11-02,OASIS,PIZZA INN,3378.0770344221446,2176.5,-1201.5770344221446,-35.56985297191977,172.0,12.65406976744186,2021,11,November,4,Tuesday,False,44
2021-11-02,OASIS,CREAMY INN,155.94027534538446,117.5,-38.440275345384464,-24.65063965049759,34.0,3.4558823529411766,2021,11,November,4,Tuesday,False,44
2021-11-03,LA PIAZZA,CHICKEN INN,1052.24145752758,1005.25,-46.99145752758,-4.465843575294439,157.0,6.4028662420382165,2021,11,November,4,Wednesday,False,44
2021-11-03,LA PIAZZA,PIZZA INN,1915.785339914882,1728.5,-187.2853399148819,-9.775904221252834,151.0,11.447019867549669,2021,11,November,4,Wednesday,False,44
2021-11-03,LA PIAZZA,CREAMY INN,516.9574917739678,383.0,-133.95749177396783,-25.91267055909866,111.0,3.4504504504504503,2021,11,November,4,Wednesday,False,44
2021-11-03,LA PIAZZA,GALITOS,863.3874780809272,632.25,-231.1374780809272,-26.771001890678587,81.0,7.805555555555555,2021,11,November,4,Wednesday,False,44
2021-11-03,CARREFOUR,CHICKEN INN,1372.9193298833986,1239.5,-133.41932988339863,-9.717929304318986,158.0,7.844936708860759,2021,11,November,4,Wednesday,False,44
2021-11-03,CARREFOUR,PIZZA INN,2856.3568070889737,2911.75,55.39319291102629,1.939295285993338,206.0,14.134708737864075,2021,11,November,4,Wednesday,False,44
2021-11-03,CARREFOUR,CREAMY INN,837.4419019967441,728.0,-109.44190199674416,-13.068596368989624,168.0,4.333333333333333,2021,11,November,4,Wednesday,False,44
2021-11-03,CARREFOUR,GALITOS,992.5454509199894,806.0,-186.54545091998943,-18.79465073836978,95.0,8.48421052631579,2021,11,November,4,Wednesday,False,44
2021-11-03,CITY MARKET,CHICKEN INN,551.9695225797122,621.25,69.28047742028775,12.551504129520604,152.0,4.087171052631579,2021,11,November,4,Wednesday,False,44
2021-11-03,CITY MARKET,PIZZA INN,348.52317225343023,307.5,-41.02317225343023,-11.770572380650789,36.0,8.541666666666666,2021,11,November,4,Wednesday,False,44
2021-11-03,JUNCTION,CHICKEN INN,1770.5585851940916,1542.25,-228.3085851940916,-12.89472074537788,149.0,10.350671140939598,2021,11,November,4,Wednesday,False,44
2021-11-03,JUNCTION,PIZZA INN,4663.540025674922,3473.5,-1190.0400256749217,-25.51795458221023,238.0,14.594537815126053,2021,11,November,4,Wednesday,False,44
2021-11-03,JUNCTION,CREAMY INN,385.9529833717416,208.0,-177.95298337174154,-46.10742526644523,54.0,3.851851851851852,2021,11,November,4,Wednesday,False,44
2021-11-03,JUNCTION,GALITOS,1364.060286871016,1082.25,-281.81028687101593,-20.659665088370367,119.0,9.094537815126053,2021,11,November,4,Wednesday,False,44
2021-11-03,Bon Marche,CHICKEN INN,717.094815016642,431.0,-286.094815016642,-39.89637200347104,51.0,8.450980392156863,2021,11,November,4,Wednesday,False,44
2021-11-03,Bon Marche,PIZZA INN,1529.43721057604,1459.0,-70.43721057604012,-4.605433298534104,94.0,15.52127659574468,2021,11,November,4,Wednesday,False,44
2021-11-03,Bon Marche,CREAMY INN,272.2323518565718,117.75,-154.48235185657182,-56.74650746064241,29.0,4.060344827586207,2021,11,November,4,Wednesday,False,44
2021-11-03,Bon Marche,GALITOS,620.2429753829473,321.75,-298.4929753829473,-48.12516823727883,35.0,9.192857142857145,2021,11,November,4,Wednesday,False,44
2021-11-03,OASIS,CHICKEN INN,708.8341707649746,896.0,187.1658292350254,26.404741328008477,102.0,8.784313725490197,2021,11,November,4,Wednesday,False,44
2021-11-03,OASIS,PIZZA INN,1726.8647322844458,2031.0,304.13526771555416,17.61199137544594,141.0,14.404255319148936,2021,11,November,4,Wednesday,False,44
2021-11-03,OASIS,CREAMY INN,73.7249012829285,112.5,38.7750987170715,52.59430401712879,44.0,2.5568181818181817,2021,11,November,4,Wednesday,False,44
2021-11-04,LA PIAZZA,CHICKEN INN,982.5996873780572,708.25,-274.3496873780572,-27.920799375595628,136.0,5.207720588235294,2021,11,November,4,Thursday,False,44
2021-11-04,LA PIAZZA,PIZZA INN,1378.4863204094358,2679.75,1301.2636795905642,94.39801181371644,222.0,12.070945945945946,2021,11,November,4,Thursday,False,44
2021-11-04,LA PIAZZA,CREAMY INN,490.8007209484161,377.75,-113.05072094841609,-23.03393538826889,113.0,3.3429203539823007,2021,11,November,4,Thursday,False,44
2021-11-04,LA PIAZZA,GALITOS,601.6972718675751,636.0,34.30272813242493,5.7009944595485,98.0,6.489795918367347,2021,11,November,4,Thursday,False,44
2021-11-04,CARREFOUR,CHICKEN INN,1160.9872503214222,1227.0,66.01274967857785,5.68591512613959,166.0,7.391566265060241,2021,11,November,4,Thursday,False,44
2021-11-04,CARREFOUR,PIZZA INN,2904.224577430354,4062.25,1158.0254225696458,39.87382489525868,274.0,14.825729927007298,2021,11,November,4,Thursday,False,44
2021-11-04,CARREFOUR,CREAMY INN,832.9588458996758,811.25,-21.708845899675797,-2.606232709639832,200.0,4.05625,2021,11,November,4,Thursday,False,44
2021-11-04,CARREFOUR,GALITOS,1048.6283545951942,657.5,-391.1283545951942,-37.29904430690155,78.0,8.429487179487179,2021,11,November,4,Thursday,False,44
2021-11-04,CITY MARKET,CHICKEN INN,574.9813714474534,720.0,145.0186285525466,25.221448164047107,167.0,4.311377245508982,2021,11,November,4,Thursday,False,44
2021-11-04,CITY MARKET,PIZZA INN,345.86486421118127,516.25,170.38513578881873,49.26349953974609,80.0,6.453125,2021,11,November,4,Thursday,False,44
2021-11-04,JUNCTION,CHICKEN INN,2163.308777338216,1410.75,-752.5587773382154,-34.787395364991816,200.0,7.05375,2021,11,November,4,Thursday,False,44
2021-11-04,JUNCTION,PIZZA INN,4266.211279331567,5938.0,1671.7887206684327,39.18673059554541,376.0,15.79255319148936,2021,11,November,4,Thursday,False,44
2021-11-04,JUNCTION,CREAMY INN,488.3820301043439,302.5,-185.88203010434395,-38.06078410883173,63.0,4.801587301587301,2021,11,November,4,Thursday,False,44
2021-11-04,JUNCTION,GALITOS,1258.421615491167,870.5,-387.9216154911667,-30.826045159734434,102.0,8.534313725490197,2021,11,November,4,Thursday,False,44
2021-11-04,Bon Marche,CHICKEN INN,876.1627660793667,601.0,-275.16276607936675,-31.4054393466934,72.0,8.347222222222221,2021,11,November,4,Thursday,False,44
2021-11-04,Bon Marche,PIZZA INN,1399.130755363166,2264.5,865.3692446368341,61.85049119388517,141.0,16.06028368794326,2021,11,November,4,Thursday,False,44
2021-11-04,Bon Marche,CREAMY INN,344.4807901166936,205.25,-139.23079011669358,-40.417577441554535,65.0,3.157692307692308,2021,11,November,4,Thursday,False,44
2021-11-04,Bon Marche,GALITOS,572.2087026438461,433.5,-138.7087026438461,-24.240928528866,48.0,9.03125,2021,11,November,4,Thursday,False,44
2021-11-04,OASIS,CHICKEN INN,729.1963447761093,654.5,-74.6963447761093,-10.243653209622696,72.0,9.09027777777778,2021,11,November,4,Thursday,False,44
2021-11-04,OASIS,PIZZA INN,2340.578736152448,2574.25,233.6712638475524,9.98348230026528,180.0,14.301388888888887,2021,11,November,4,Thursday,False,44
2021-11-04,OASIS,CREAMY INN,222.06176816903465,126.5,-95.56176816903464,-43.03386798951024,45.0,2.811111111111111,2021,11,November,4,Thursday,False,44
2021-11-05,LA PIAZZA,CHICKEN INN,965.5330693520178,867.75,-97.78306935201783,-10.1273661623668,172.0,5.045058139534884,2021,11,November,4,Friday,False,44
2021-11-05,LA PIAZZA,PIZZA INN,2377.971349439676,1577.75,-800.2213494396756,-33.6514293844723,152.0,10.379934210526317,2021,11,November,4,Friday,False,44
2021-11-05,LA PIAZZA,CREAMY INN,653.0270114930977,392.25,-260.7770114930977,-39.93357195085245,120.0,3.26875,2021,11,November,4,Friday,False,44
2021-11-05,LA PIAZZA,GALITOS,1404.321146046956,933.25,-471.0711460469561,-33.54440309988787,104.0,8.973557692307692,2021,11,November,4,Friday,False,44
2021-11-05,CARREFOUR,CHICKEN INN,1505.2849711825977,1535.25,29.965028817402526,1.99065488535776,207.0,7.416666666666667,2021,11,November,4,Friday,False,44
2021-11-05,CARREFOUR,PIZZA INN,4293.039807470798,3369.25,-923.7898074707982,-21.51831450207399,241.0,13.980290456431534,2021,11,November,4,Friday,False,44
2021-11-05,CARREFOUR,CREAMY INN,1094.8138013762173,922.25,-172.56380137621727,-15.761931495501688,213.0,4.32981220657277,2021,11,November,4,Friday,False,44
2021-11-05,CARREFOUR,GALITOS,2124.061624744967,1429.5,-694.561624744967,-32.69969273270789,139.0,10.284172661870503,2021,11,November,4,Friday,False,44
2021-11-05,CITY MARKET,CHICKEN INN,628.1540218291718,631.5,3.3459781708281757,0.5326684307591877,185.0,3.413513513513513,2021,11,November,4,Friday,False,44
2021-11-05,CITY MARKET,PIZZA INN,429.5970466099798,260.5,-169.09704660997983,-39.36178052068843,45.0,5.788888888888889,2021,11,November,4,Friday,False,44
2021-11-05,JUNCTION,CHICKEN INN,3156.4538129375733,1812.5,-1343.9538129375733,-42.57796541894635,205.0,8.841463414634147,2021,11,November,4,Friday,False,44
2021-11-05,JUNCTION,PIZZA INN,8131.634612817074,4300.0,-3831.6346128170735,-47.12010309437239,297.0,14.478114478114476,2021,11,November,4,Friday,False,44
2021-11-05,JUNCTION,CREAMY INN,715.4002538722755,348.5,-366.9002538722754,-51.28601113661057,83.0,4.198795180722891,2021,11,November,4,Friday,False,44
2021-11-05,JUNCTION,GALITOS,1554.7495265466905,2229.25,674.5004734533095,43.38322423879212,218.0,10.22591743119266,2021,11,November,4,Friday,False,44
2021-11-05,Bon Marche,CHICKEN INN,1278.3969319201697,563.5,-714.8969319201697,-55.92135854443774,72.0,7.826388888888889,2021,11,November,4,Friday,False,44
2021-11-05,Bon Marche,PIZZA INN,2666.8205893334493,1966.75,-700.0705893334493,-26.251131858421207,130.0,15.128846153846156,2021,11,November,4,Friday,False,44
2021-11-05,Bon Marche,CREAMY INN,504.6083383759058,199.75,-304.8583383759058,-60.414843590793566,53.0,3.768867924528302,2021,11,November,4,Friday,False,44
2021-11-05,Bon Marche,GALITOS,706.9500385005589,750.75,43.79996149944111,6.1956233275467145,81.0,9.26851851851852,2021,11,November,4,Friday,False,44
2021-11-05,OASIS,CHICKEN INN,866.3528753794134,817.25,-49.102875379413376,-5.667768501132879,89.0,9.182584269662922,2021,11,November,4,Friday,False,44
2021-11-05,OASIS,PIZZA INN,3014.045091278389,2206.5,-807.5450912783895,-26.79273424326489,140.0,15.760714285714286,2021,11,November,4,Friday,False,44
2021-11-05,OASIS,CREAMY INN,99.97074085347448,117.5,17.52925914652552,17.53438955925902,30.0,3.9166666666666665,2021,11,November,4,Friday,False,44
2021-11-06,LA PIAZZA,CHICKEN INN,1552.9053271697817,1419.5,-133.40532716978169,-8.59069286682898,209.0,6.791866028708134,2021,11,November,4,Saturday,True,44
2021-11-06,LA PIAZZA,PIZZA INN,2886.7426460878705,2322.25,-564.4926460878705,-19.55465780272703,205.0,11.328048780487803,2021,11,November,4,Saturday,True,44
2021-11-06,LA PIAZZA,CREAMY INN,808.2025150929604,681.25,-126.95251509296044,-15.708007921548994,164.0,4.153963414634147,2021,11,November,4,Saturday,True,44
2021-11-06,LA PIAZZA,GALITOS,1251.7039357814178,926.75,-324.95393578141784,-25.96092626157275,117.0,7.920940170940171,2021,11,November,4,Saturday,True,44
2021-11-06,CARREFOUR,CHICKEN INN,2265.7440496637378,2141.25,-124.49404966373775,-5.494621057582127,243.0,8.811728395061728,2021,11,November,4,Saturday,True,44
2021-11-06,CARREFOUR,PIZZA INN,5429.058977897037,5220.5,-208.55897789703704,-3.841530894140756,303.0,17.22937293729373,2021,11,November,4,Saturday,True,44
2021-11-06,CARREFOUR,CREAMY INN,1221.1587296053438,1220.25,-0.9087296053437512,-0.0744153551305681,254.0,4.804133858267717,2021,11,November,4,Saturday,True,44
2021-11-06,CARREFOUR,GALITOS,1352.1894645916902,981.5,-370.68946459169024,-27.41401810164409,106.0,9.25943396226415,2021,11,November,4,Saturday,True,44
2021-11-06,CITY MARKET,CHICKEN INN,803.2570601551756,818.25,14.992939844824376,1.8665182777139853,211.0,3.8779620853080567,2021,11,November,4,Saturday,True,44
2021-11-06,CITY MARKET,PIZZA INN,418.15004667294846,443.0,24.849953327051537,5.942831652124067,71.0,6.23943661971831,2021,11,November,4,Saturday,True,44
2021-11-06,JUNCTION,CHICKEN INN,4282.319533698328,2537.0,-1745.319533698328,-40.75640596093077,275.0,9.225454545454545,2021,11,November,4,Saturday,True,44
2021-11-06,JUNCTION,PIZZA INN,10382.225749013096,6218.25,-4163.975749013096,-40.10677334201591,382.0,16.278141361256544,2021,11,November,4,Saturday,True,44
2021-11-06,JUNCTION,CREAMY INN,1039.2524843814826,573.5,-465.75248438148265,-44.81610497748081,88.0,6.517045454545454,2021,11,November,4,Saturday,True,44
2021-11-06,JUNCTION,GALITOS,2159.5889473081943,978.25,-1181.3389473081943,-54.70202784565399,96.0,10.190104166666666,2021,11,November,4,Saturday,True,44
2021-11-06,Bon Marche,CHICKEN INN,1734.3843686047394,1035.0,-699.3843686047394,-40.3246466737574,100.0,10.35,2021,11,November,4,Saturday,True,44
2021-11-06,Bon Marche,PIZZA INN,3404.916072708795,2954.25,-450.6660727087951,-13.235746875554142,171.0,17.276315789473685,2021,11,November,4,Saturday,True,44
2021-11-06,Bon Marche,CREAMY INN,733.03785742072,447.25,-285.78785742072,-38.98678008613337,102.0,4.384803921568627,2021,11,November,4,Saturday,True,44
2021-11-06,Bon Marche,GALITOS,981.972635062295,870.25,-111.722635062295,-11.377367461488118,66.0,13.18560606060606,2021,11,November,4,Saturday,True,44
2021-11-06,OASIS,CHICKEN INN,1098.4048207138549,1096.0,-2.4048207138548605,-0.218937560042022,128.0,8.5625,2021,11,November,4,Saturday,True,44
2021-11-06,OASIS,PIZZA INN,3408.2073209009354,3049.75,-358.45732090093543,-10.517474060415426,233.0,13.089055793991417,2021,11,November,4,Saturday,True,44
2021-11-06,OASIS,CREAMY INN,329.8330428862873,215.0,-114.83304288628727,-34.81550601522872,51.0,4.215686274509804,2021,11,November,4,Saturday,True,44
2021-11-07,LA PIAZZA,CHICKEN INN,2035.118050552355,1828.25,-206.86805055235504,-10.164916501831852,217.0,8.425115207373272,2021,11,November,4,Sunday,True,44
2021-11-07,LA PIAZZA,PIZZA INN,3888.6376565559294,3664.25,-224.38765655593036,-5.770341090474984,278.0,13.180755395683454,2021,11,November,4,Sunday,True,44
2021-11-07,LA PIAZZA,CREAMY INN,907.8348868730473,871.0,-36.83488687304725,-4.057443419025413,186.0,4.682795698924731,2021,11,November,4,Sunday,True,44
2021-11-07,LA PIAZZA,GALITOS,1205.2864508163336,976.25,-229.03645081633363,-19.00265705809673,105.0,9.297619047619047,2021,11,November,4,Sunday,True,44
2021-11-07,CARREFOUR,CHICKEN INN,2898.100287223453,3568.5,670.3997127765465,23.13238488440398,357.0,9.995798319327733,2021,11,November,4,Sunday,True,44
2021-11-07,CARREFOUR,PIZZA INN,7643.369146277884,8697.32,1053.9508537221154,13.789087424036836,534.0,16.287116104868915,2021,11,November,4,Sunday,True,44
2021-11-07,CARREFOUR,CREAMY INN,2313.2803563018592,2167.75,-145.53035630185923,-6.29108166268754,364.0,5.955357142857143,2021,11,November,4,Sunday,True,44
2021-11-07,CARREFOUR,GALITOS,2061.619391614212,1705.5,-356.119391614212,-17.273769982119575,168.0,10.151785714285714,2021,11,November,4,Sunday,True,44
2021-11-07,CITY MARKET,CHICKEN INN,534.5740464839166,673.25,138.67595351608338,25.94139285814648,158.0,4.261075949367089,2021,11,November,4,Sunday,True,44
2021-11-07,CITY MARKET,PIZZA INN,406.314246580078,386.75,-19.56424658007802,-4.815053064161319,57.0,6.785087719298246,2021,11,November,4,Sunday,True,44
2021-11-07,JUNCTION,CHICKEN INN,5295.328708422337,3869.75,-1425.5787084223366,-26.921439384016377,399.0,9.698621553884712,2021,11,November,4,Sunday,True,44
2021-11-07,JUNCTION,PIZZA INN,12906.722591287067,10446.25,-2460.472591287069,-19.06349635923885,566.0,18.45627208480565,2021,11,November,4,Sunday,True,44
2021-11-07,JUNCTION,CREAMY INN,1212.2900975963894,990.5,-221.7900975963894,-18.295133981225547,163.0,6.076687116564417,2021,11,November,4,Sunday,True,44
2021-11-07,JUNCTION,GALITOS,2486.895375702601,1698.0,-788.8953757026015,-31.722097495948,186.0,9.129032258064516,2021,11,November,4,Sunday,True,44
2021-11-07,Bon Marche,CHICKEN INN,2144.663719332488,1861.5,-283.1637193324882,-13.203175713748772,186.0,10.008064516129032,2021,11,November,4,Sunday,True,44
2021-11-07,Bon Marche,PIZZA INN,4232.84065088302,4354.0,121.15934911697968,2.862364995755378,239.0,18.217573221757323,2021,11,November,4,Sunday,True,44
2021-11-07,Bon Marche,CREAMY INN,855.0901239781987,803.25,-51.84012397819868,-6.06253335461519,173.0,4.643063583815029,2021,11,November,4,Sunday,True,44
2021-11-07,Bon Marche,GALITOS,1130.8000109218997,1094.5,-36.30001092189968,-3.2101176663683986,98.0,11.168367346938776,2021,11,November,4,Sunday,True,44
2021-11-07,OASIS,CHICKEN INN,2136.10731135678,1974.25,-161.85731135677997,-7.577208808576846,204.0,9.677696078431373,2021,11,November,4,Sunday,True,44
2021-11-07,OASIS,PIZZA INN,4727.986471771933,4602.0,-125.98647177193288,-2.6646961137500096,310.0,14.84516129032258,2021,11,November,4,Sunday,True,44
2021-11-07,OASIS,CREAMY INN,486.4773375334568,315.0,-171.47733753345676,-35.24878227686478,65.0,4.846153846153846,2021,11,November,4,Sunday,True,44
2021-11-08,LA PIAZZA,CHICKEN INN,1002.73072789444,1065.5,62.769272105559935,6.259833309124223,196.0,5.436224489795919,2021,11,November,4,Monday,False,45
2021-11-08,LA PIAZZA,PIZZA INN,1489.6683348757315,1388.5,-101.16833487573147,-6.791332842835179,144.0,9.64236111111111,2021,11,November,4,Monday,False,45
2021-11-08,LA PIAZZA,CREAMY INN,478.16361587400223,479.75,1.5863841259977676,0.3317659632253963,129.0,3.718992248062016,2021,11,November,4,Monday,False,45
2021-11-08,LA PIAZZA,GALITOS,696.484851779927,449.5,-246.984851779927,-35.46162578392566,55.0,8.172727272727272,2021,11,November,4,Monday,False,45
2021-11-08,CARREFOUR,CHICKEN INN,1197.3304683265983,1586.0,388.6695316734015,32.46134145543043,217.0,7.308755760368664,2021,11,November,4,Monday,False,45
2021-11-08,CARREFOUR,PIZZA INN,2723.230173328219,2433.25,-289.9801733282188,-10.648390142277878,212.0,11.47759433962264,2021,11,November,4,Monday,False,45
2021-11-08,CARREFOUR,CREAMY INN,1022.101674809668,888.5,-133.60167480966788,-13.071270510788146,233.0,3.813304721030043,2021,11,November,4,Monday,False,45
2021-11-08,CARREFOUR,GALITOS,802.6659024272869,861.0,58.33409757271306,7.267543992626186,87.0,9.89655172413793,2021,11,November,4,Monday,False,45
2021-11-08,CITY MARKET,CHICKEN INN,622.8247183992382,645.0,22.175281600761764,3.560436981010625,184.0,3.505434782608696,2021,11,November,4,Monday,False,45
2021-11-08,CITY MARKET,PIZZA INN,305.5471922370716,284.25,-21.29719223707156,-6.970180966528811,0.0,0.0,2021,11,November,4,Monday,False,45
2021-11-08,JUNCTION,CHICKEN INN,1860.9998620191068,1507.25,-353.7498620191068,-19.00859152323112,190.0,7.932894736842106,2021,11,November,4,Monday,False,45
2021-11-08,JUNCTION,PIZZA INN,5347.023937807111,3033.5,-2313.523937807111,-43.2675066488653,225.0,13.482222222222225,2021,11,November,4,Monday,False,45
2021-11-08,JUNCTION,CREAMY INN,454.8537005683039,306.5,-148.35370056830385,-32.61569607611142,59.0,5.194915254237288,2021,11,November,4,Monday,False,45
2021-11-08,JUNCTION,GALITOS,1350.8544055277432,1083.25,-267.6044055277432,-19.81001094068292,126.0,8.597222222222221,2021,11,November,4,Monday,False,45
2021-11-08,Bon Marche,CHICKEN INN,753.7244816184922,651.5,-102.22448161849218,-13.562579445340942,71.0,9.17605633802817,2021,11,November,4,Monday,False,45
2021-11-08,Bon Marche,PIZZA INN,1753.5900477533664,1159.25,-594.3400477533664,-33.89275894413364,88.0,13.173295454545457,2021,11,November,4,Monday,False,45
2021-11-08,Bon Marche,CREAMY INN,320.8315468236913,244.25,-76.58154682369133,-23.869705950635737,41.0,5.9573170731707314,2021,11,November,4,Monday,False,45
2021-11-08,Bon Marche,GALITOS,614.2382150246684,548.75,-65.48821502466842,-10.661696622382628,50.0,10.975,2021,11,November,4,Monday,False,45
2021-11-08,OASIS,CHICKEN INN,783.7516034474515,782.5,-1.2516034474515436,-0.1596938930582309,92.0,8.505434782608695,2021,11,November,4,Monday,False,45
2021-11-08,OASIS,PIZZA INN,2473.950630758566,1662.25,-811.7006307585661,-32.80989606933593,141.0,11.78900709219858,2021,11,November,4,Monday,False,45
2021-11-08,OASIS,CREAMY INN,84.13030656331127,130.5,46.369693436688735,55.11651547566129,39.0,3.3461538461538463,2021,11,November,4,Monday,False,45
2021-11-09,LA PIAZZA,CHICKEN INN,1146.5001396703135,1109.25,-37.25013967031373,-3.249030539239649,190.0,5.838157894736842,2021,11,November,4,Tuesday,False,45
2021-11-09,LA PIAZZA,PIZZA INN,4699.129404409798,4492.5,-206.62940440979764,-4.397184810784115,301.0,14.925249169435215,2021,11,November,4,Tuesday,False,45
2021-11-09,LA PIAZZA,CREAMY INN,441.7167694659845,576.0,134.2832305340155,30.400301690234183,152.0,3.789473684210526,2021,11,November,4,Tuesday,False,45
2021-11-09,LA PIAZZA,GALITOS,420.7520411351152,816.5,395.7479588648848,94.0572879449916,98.0,8.331632653061224,2021,11,November,4,Tuesday,False,45
2021-11-09,CARREFOUR,CHICKEN INN,1529.9514423624112,1593.25,63.29855763758883,4.137291935216518,220.0,7.242045454545455,2021,11,November,4,Tuesday,False,45
2021-11-09,CARREFOUR,PIZZA INN,8837.486254255633,6796.24,-2041.2462542556327,-23.097589014893057,427.0,15.916252927400468,2021,11,November,4,Tuesday,False,45
2021-11-09,CARREFOUR,CREAMY INN,941.7344080669236,1048.75,107.01559193307652,11.363670161818227,251.0,4.1782868525896415,2021,11,November,4,Tuesday,False,45
2021-11-09,CARREFOUR,GALITOS,1001.1727132817308,778.0,-223.1727132817309,-22.29113022369497,92.0,8.456521739130435,2021,11,November,4,Tuesday,False,45
2021-11-09,CITY MARKET,CHICKEN INN,480.9754222398578,554.0,73.02457776014222,15.182600686761408,182.0,3.043956043956044,2021,11,November,4,Tuesday,False,45
2021-11-09,CITY MARKET,PIZZA INN,464.1505302271721,726.0,261.8494697728279,56.41477338066796,98.0,7.408163265306122,2021,11,November,4,Tuesday,False,45
2021-11-09,JUNCTION,CHICKEN INN,2369.12057790715,1573.25,-795.8705779071502,-33.59350238771771,205.0,7.674390243902439,2021,11,November,4,Tuesday,False,45
2021-11-09,JUNCTION,PIZZA INN,5028.927332454323,5049.5,20.572667545677177,0.4090865941313347,367.0,13.758855585831062,2021,11,November,4,Tuesday,False,45
2021-11-09,JUNCTION,CREAMY INN,493.33793631388994,313.5,-179.83793631388994,-36.45329561671225,83.0,3.77710843373494,2021,11,November,4,Tuesday,False,45
2021-11-09,JUNCTION,GALITOS,1471.978145893867,1067.0,-404.97814589386667,-27.51251076815013,140.0,7.621428571428571,2021,11,November,4,Tuesday,False,45
2021-11-09,Bon Marche,CHICKEN INN,959.5187060021588,1123.0,163.48129399784125,17.037843345335826,58.0,19.36206896551724,2021,11,November,4,Tuesday,False,45
2021-11-09,Bon Marche,PIZZA INN,1649.2682702825991,1976.75,327.48172971740087,19.8561832309602,136.0,14.534926470588236,2021,11,November,4,Tuesday,False,45
2021-11-09,Bon Marche,CREAMY INN,347.9764438909405,185.25,-162.72644389094052,-46.76363781162748,52.0,3.5625,2021,11,November,4,Tuesday,False,45
2021-11-09,Bon Marche,GALITOS,669.3136027016502,571.75,-97.5636027016502,-14.57666515484516,48.0,11.911458333333334,2021,11,November,4,Tuesday,False,45
2021-11-09,OASIS,CHICKEN INN,706.5290189901291,750.75,44.22098100987091,6.258905129343134,94.0,7.986702127659575,2021,11,November,4,Tuesday,False,45
2021-11-09,OASIS,PIZZA INN,2954.002327620653,2405.0,-549.0023276206534,-18.585033684210256,183.0,13.14207650273224,2021,11,November,4,Tuesday,False,45
2021-11-09,OASIS,CREAMY INN,122.14734885970296,171.0,48.85265114029704,39.994851788726606,44.0,3.886363636363636,2021,11,November,4,Tuesday,False,45
2021-11-10,LA PIAZZA,CHICKEN INN,967.2129636087724,820.5,-146.7129636087725,-15.16863081129218,156.0,5.259615384615385,2021,11,November,4,Wednesday,False,45
2021-11-10,LA PIAZZA,PIZZA INN,1964.0426237295933,1523.5,-440.5426237295933,-22.43040035928704,157.0,9.703821656050955,2021,11,November,4,Wednesday,False,45
2021-11-10,LA PIAZZA,CREAMY INN,412.3304084717605,375.5,-36.83040847176045,-8.93225619916482,112.0,3.352678571428572,2021,11,November,4,Wednesday,False,45
2021-11-10,LA PIAZZA,GALITOS,584.4677651335869,467.0,-117.46776513358692,-20.09824529959121,68.0,6.867647058823529,2021,11,November,4,Wednesday,False,45
2021-11-10,CARREFOUR,CHICKEN INN,1128.364135315331,1526.0,397.63586468466906,35.24003043339785,195.0,7.825641025641025,2021,11,November,4,Wednesday,False,45
2021-11-10,CARREFOUR,PIZZA INN,2841.050773782249,2778.5,-62.55077378224951,-2.201677434260584,223.0,12.459641255605382,2021,11,November,4,Wednesday,False,45
2021-11-10,CARREFOUR,CREAMY INN,682.3726404459319,916.75,234.3773595540681,34.34741454477161,227.0,4.038546255506608,2021,11,November,4,Wednesday,False,45
2021-11-10,CARREFOUR,GALITOS,818.074170212062,574.25,-243.824170212062,-29.80465330531798,61.0,9.413934426229508,2021,11,November,4,Wednesday,False,45
2021-11-10,CITY MARKET,CHICKEN INN,493.32403409705415,511.75,18.425965902945848,3.73506349364702,136.0,3.762867647058824,2021,11,November,4,Wednesday,False,45
2021-11-10,CITY MARKET,PIZZA INN,254.84493935642115,300.25,45.40506064357885,17.81674015510907,44.0,6.823863636363637,2021,11,November,4,Wednesday,False,45
2021-11-10,JUNCTION,CHICKEN INN,1898.1522419280543,1194.5,-703.6522419280545,-37.07037962420324,172.0,6.944767441860465,2021,11,November,4,Wednesday,False,45
2021-11-10,JUNCTION,PIZZA INN,5148.831273658531,3211.25,-1937.5812736585312,-37.63147733294768,243.0,13.215020576131687,2021,11,November,4,Wednesday,False,45
2021-11-10,JUNCTION,CREAMY INN,372.75120361692575,309.0,-63.75120361692575,-17.102883370550426,76.0,4.065789473684211,2021,11,November,4,Wednesday,False,45
2021-11-10,JUNCTION,GALITOS,1279.5041011889298,923.0,-356.5041011889298,-27.86267749026065,111.0,8.315315315315315,2021,11,November,4,Wednesday,False,45
2021-11-10,Bon Marche,CHICKEN INN,768.771585521758,396.5,-372.271585521758,-48.4242124101271,59.0,6.720338983050848,2021,11,November,4,Wednesday,False,45
2021-11-10,Bon Marche,PIZZA INN,1688.591520080567,1667.0,-21.59152008056708,-1.278670408076957,98.0,17.010204081632654,2021,11,November,4,Wednesday,False,45
2021-11-10,Bon Marche,CREAMY INN,262.9204623099522,296.5,33.5795376900478,12.771747544875945,55.0,5.390909090909091,2021,11,November,4,Wednesday,False,45
2021-11-10,Bon Marche,GALITOS,581.7949825051595,539.25,-42.54498250515951,-7.312710453769204,54.0,9.98611111111111,2021,11,November,4,Wednesday,False,45
2021-11-10,OASIS,CHICKEN INN,864.4319155670422,721.5,-142.9319155670422,-16.534780009051726,88.0,8.198863636363637,2021,11,November,4,Wednesday,False,45
2021-11-10,OASIS,PIZZA INN,2369.910388531801,1526.75,-843.1603885318009,-35.577732922389224,128.0,11.927734375,2021,11,November,4,Wednesday,False,45
2021-11-10,OASIS,CREAMY INN,165.79654557037492,112.0,-53.79654557037492,-32.44732595923728,30.0,3.733333333333333,2021,11,November,4,Wednesday,False,45
2021-11-11,LA PIAZZA,CHICKEN INN,1003.016863729382,792.25,-210.76686372938195,-21.01329213406403,144.0,5.501736111111111,2021,11,November,4,Thursday,False,45
2021-11-11,LA PIAZZA,PIZZA INN,1930.360538658441,2596.0,665.6394613415589,34.4826496403705,187.0,13.882352941176473,2021,11,November,4,Thursday,False,45
2021-11-11,LA PIAZZA,CREAMY INN,510.4886129676487,477.5,-32.98861296764869,-6.462164312710985,124.0,3.850806451612903,2021,11,November,4,Thursday,False,45
2021-11-11,LA PIAZZA,GALITOS,1054.267750277143,499.0,-555.267750277143,-52.66857021199556,68.0,7.338235294117647,2021,11,November,4,Thursday,False,45
2021-11-11,CARREFOUR,CHICKEN INN,1154.361090391288,1216.25,61.88890960871208,5.361312861622347,161.0,7.554347826086956,2021,11,November,4,Thursday,False,45
2021-11-11,CARREFOUR,PIZZA INN,2595.7396557850943,4147.5,1551.7603442149057,59.781047022821255,292.0,14.20376712328767,2021,11,November,4,Thursday,False,45
2021-11-11,CARREFOUR,CREAMY INN,745.299297307131,853.0,107.70070269286896,14.450664730532608,210.0,4.061904761904762,2021,11,November,4,Thursday,False,45
2021-11-11,CARREFOUR,GALITOS,879.6160681690029,1073.75,194.13393183099708,22.070303039723196,102.0,10.526960784313726,2021,11,November,4,Thursday,False,45
2021-11-11,CITY MARKET,CHICKEN INN,497.3893063919992,541.75,44.360693608000815,8.91870674297118,157.0,3.450636942675159,2021,11,November,4,Thursday,False,45
2021-11-11,CITY MARKET,PIZZA INN,354.65807703800834,563.5,208.84192296199168,58.88542697410788,70.0,8.05,2021,11,November,4,Thursday,False,45
2021-11-11,JUNCTION,CHICKEN INN,2209.253887158948,1579.75,-629.5038871589477,-28.493958563018573,192.0,8.227864583333334,2021,11,November,4,Thursday,False,45
2021-11-11,JUNCTION,PIZZA INN,5822.506633088238,5935.25,112.74336691176175,1.936337285921872,366.0,16.21653005464481,2021,11,November,4,Thursday,False,45
2021-11-11,JUNCTION,CREAMY INN,436.57028336818206,338.0,-98.57028336818206,-22.578330940828764,61.0,5.540983606557377,2021,11,November,4,Thursday,False,45
2021-11-11,JUNCTION,GALITOS,1312.007663200704,1004.5,-307.507663200704,-23.43794718778735,115.0,8.734782608695653,2021,11,November,4,Thursday,False,45
2021-11-11,Bon Marche,CHICKEN INN,894.7710179064056,428.25,-466.5210179064056,-52.138592843337314,46.0,9.309782608695652,2021,11,November,4,Thursday,False,45
2021-11-11,Bon Marche,PIZZA INN,1909.5275808600325,1752.0,-157.52758086003246,-8.249557767009765,112.0,15.642857142857142,2021,11,November,4,Thursday,False,45
2021-11-11,Bon Marche,CREAMY INN,307.9353188404761,226.0,-81.9353188404761,-26.607964019522605,51.0,4.431372549019608,2021,11,November,4,Thursday,False,45
2021-11-11,Bon Marche,GALITOS,596.5744656458729,588.0,-8.57446564587292,-1.4372833803052392,50.0,11.76,2021,11,November,4,Thursday,False,45
2021-11-11,OASIS,CHICKEN INN,602.0288051971356,477.0,-125.02880519713564,-20.767910790613197,62.0,7.693548387096774,2021,11,November,4,Thursday,False,45
2021-11-11,OASIS,PIZZA INN,2138.016087295033,2227.5,89.48391270496677,4.185371346675866,179.0,12.44413407821229,2021,11,November,4,Thursday,False,45
2021-11-11,OASIS,CREAMY INN,192.1972693873136,131.0,-61.19726938731361,-31.840863079063634,22.0,5.954545454545454,2021,11,November,4,Thursday,False,45
2021-11-12,LA PIAZZA,CHICKEN INN,1032.6642283046326,1107.5,74.83577169536738,7.246863950950286,185.0,5.986486486486487,2021,11,November,4,Friday,False,45
2021-11-12,LA PIAZZA,PIZZA INN,1855.2359976661248,2031.0,175.76400233387517,9.473943075435423,173.0,11.739884393063583,2021,11,November,4,Friday,False,45
2021-11-12,LA PIAZZA,CREAMY INN,398.219136113148,373.75,-24.469136113147957,-6.144640951206177,110.0,3.397727272727273,2021,11,November,4,Friday,False,45
2021-11-12,LA PIAZZA,GALITOS,1286.2236521503944,813.0,-473.2236521503944,-36.791708141832686,105.0,7.742857142857143,2021,11,November,4,Friday,False,45
2021-11-12,CARREFOUR,CHICKEN INN,1145.8705023698474,1514.25,368.3794976301526,32.14844058454106,214.0,7.075934579439252,2021,11,November,4,Friday,False,45
2021-11-12,CARREFOUR,PIZZA INN,3437.6275126670325,3210.25,-227.37751266703253,-6.614373192825218,235.0,13.66063829787234,2021,11,November,4,Friday,False,45
2021-11-12,CARREFOUR,CREAMY INN,883.6302554145811,1037.25,153.61974458541886,17.38507069490775,232.0,4.470905172413793,2021,11,November,4,Friday,False,45
2021-11-12,CARREFOUR,GALITOS,1800.3284481959183,1371.25,-429.0784481959183,-23.8333426673278,130.0,10.548076923076923,2021,11,November,4,Friday,False,45
2021-11-12,CITY MARKET,CHICKEN INN,640.7850728777028,587.25,-53.53507287770276,-8.354606738462557,160.0,3.6703125,2021,11,November,4,Friday,False,45
2021-11-12,CITY MARKET,PIZZA INN,420.61847556932247,289.75,-130.86847556932247,-31.113344555820383,49.0,5.913265306122449,2021,11,November,4,Friday,False,45
2021-11-12,JUNCTION,CHICKEN INN,2396.88578982577,2301.5,-95.38578982577064,-3.9795717522570913,284.0,8.10387323943662,2021,11,November,4,Friday,False,45
2021-11-12,JUNCTION,PIZZA INN,6858.03522534653,5510.01,-1348.0252253465296,-19.65614321087736,363.0,15.17909090909091,2021,11,November,4,Friday,False,45
2021-11-12,JUNCTION,CREAMY INN,482.7974677159973,446.0,-36.7974677159973,-7.62171928740173,89.0,5.01123595505618,2021,11,November,4,Friday,False,45
2021-11-12,JUNCTION,GALITOS,1413.0712005618811,2099.25,686.1787994381189,48.55939312649446,42.0,49.98214285714285,2021,11,November,4,Friday,False,45
2021-11-12,Bon Marche,CHICKEN INN,970.7639083191996,455.5,-515.2639083191995,-53.0781896508017,65.0,7.007692307692308,2021,11,November,4,Friday,False,45
2021-11-12,Bon Marche,PIZZA INN,2249.135679621026,1390.0,-859.1356796210262,-38.198481639213,94.0,14.787234042553193,2021,11,November,4,Friday,False,45
2021-11-12,Bon Marche,CREAMY INN,340.5417130307029,202.5,-138.0417130307029,-40.53591902213084,36.0,5.625,2021,11,November,4,Friday,False,45
2021-11-12,Bon Marche,GALITOS,642.5284089715095,680.75,38.22159102849048,5.9486227371131335,58.0,11.737068965517242,2021,11,November,4,Friday,False,45
2021-11-12,OASIS,CHICKEN INN,706.1448270276549,797.75,91.60517297234514,12.972575804022366,88.0,9.065340909090908,2021,11,November,4,Friday,False,45
2021-11-12,OASIS,PIZZA INN,2894.9034042622543,1912.0,-982.9034042622544,-33.95289123689225,163.0,11.730061349693251,2021,11,November,4,Friday,False,45
2021-11-12,OASIS,CREAMY INN,135.52371559361856,109.5,-26.02371559361856,-19.20233331829041,29.0,3.775862068965517,2021,11,November,4,Friday,False,45
2021-11-13,LA PIAZZA,CHICKEN INN,1578.9252277730293,1091.25,-487.6752277730293,-30.886530862570567,172.0,6.344476744186046,2021,11,November,4,Saturday,True,45
2021-11-13,LA PIAZZA,PIZZA INN,2623.593428898975,2880.25,256.65657110102484,9.782635078817608,240.0,12.001041666666667,2021,11,November,4,Saturday,True,45
2021-11-13,LA PIAZZA,CREAMY INN,662.725480468089,529.5,-133.22548046808902,-20.102664586548062,128.0,4.13671875,2021,11,November,4,Saturday,True,45
2021-11-13,LA PIAZZA,GALITOS,1026.3039472162247,644.5,-381.8039472162248,-37.201839499091896,95.0,6.78421052631579,2021,11,November,4,Saturday,True,45
2021-11-13,CARREFOUR,CHICKEN INN,1649.3098529401043,1666.5,17.190147059895708,1.0422630428874289,209.0,7.973684210526316,2021,11,November,4,Saturday,True,45
2021-11-13,CARREFOUR,PIZZA INN,5040.559133965306,4595.75,-444.8091339653056,-8.824599060211465,295.0,15.578813559322034,2021,11,November,4,Saturday,True,45
2021-11-13,CARREFOUR,CREAMY INN,1333.3872984269915,1105.75,-227.6372984269915,-17.072106408658396,232.0,4.766163793103448,2021,11,November,4,Saturday,True,45
2021-11-13,CARREFOUR,GALITOS,1394.9496870239943,989.75,-405.19968702399433,-29.047620196858364,94.0,10.529255319148936,2021,11,November,4,Saturday,True,45
2021-11-13,CITY MARKET,CHICKEN INN,653.2725892552276,573.5,-79.77258925522756,-12.211225538511176,165.0,3.475757575757576,2021,11,November,4,Saturday,True,45
2021-11-13,CITY MARKET,PIZZA INN,340.6883970200672,326.5,-14.188397020067155,-4.164625841141116,49.0,6.663265306122449,2021,11,November,4,Saturday,True,45
2021-11-13,JUNCTION,CHICKEN INN,4494.311013458785,2300.25,-2194.061013458785,-48.81862885964925,232.0,9.914870689655173,2021,11,November,4,Saturday,True,45
2021-11-13,JUNCTION,PIZZA INN,9572.398693139192,6180.25,-3392.148693139192,-35.43676775154007,353.0,17.507790368271955,2021,11,November,4,Saturday,True,45
2021-11-13,JUNCTION,CREAMY INN,1081.7286868624535,307.0,-774.7286868624535,-71.61950092213499,51.0,6.019607843137255,2021,11,November,4,Saturday,True,45
2021-11-13,JUNCTION,GALITOS,2007.997830949596,1586.25,-421.747830949596,-21.003400723303997,129.0,12.296511627906977,2021,11,November,4,Saturday,True,45
2021-11-13,Bon Marche,CHICKEN INN,1820.2431434767748,797.0,-1023.2431434767748,-56.21464072773917,76.0,10.486842105263158,2021,11,November,4,Saturday,True,45
2021-11-13,Bon Marche,PIZZA INN,3139.328208861623,1634.25,-1505.078208861623,-47.94268418998443,92.0,17.76358695652174,2021,11,November,4,Saturday,True,45
2021-11-13,Bon Marche,CREAMY INN,762.9984925175423,273.0,-489.99849251754233,-64.22011279482005,59.0,4.627118644067797,2021,11,November,4,Saturday,True,45
2021-11-13,Bon Marche,GALITOS,913.0436251374056,504.5,-408.5436251374057,-44.745246983781655,48.0,10.510416666666666,2021,11,November,4,Saturday,True,45
2021-11-13,OASIS,CHICKEN INN,1159.1071507847848,1063.75,-95.35715078478484,-8.226776163033964,123.0,8.648373983739837,2021,11,November,4,Saturday,True,45
2021-11-13,OASIS,PIZZA INN,3241.80101581807,2599.75,-642.05101581807,-19.80538017864888,166.0,15.661144578313252,2021,11,November,4,Saturday,True,45
2021-11-13,OASIS,CREAMY INN,334.7611779987825,94.0,-240.7611779987825,-71.92028043337156,24.0,3.9166666666666665,2021,11,November,4,Saturday,True,45
2021-11-14,LA PIAZZA,CHICKEN INN,2077.3553918650414,1413.75,-663.6053918650414,-31.944721373325493,181.0,7.810773480662983,2021,11,November,4,Sunday,True,45
2021-11-14,LA PIAZZA,PIZZA INN,3648.5158696604585,3340.0,-308.5158696604585,-8.455927853458121,227.0,14.713656387665198,2021,11,November,4,Sunday,True,45
2021-11-14,LA PIAZZA,CREAMY INN,844.940315570228,441.75,-403.190315570228,-47.71820069896008,117.0,3.7756410256410255,2021,11,November,4,Sunday,True,45
2021-11-14,LA PIAZZA,GALITOS,1150.4110283118405,955.5,-194.91102831184023,-16.942729469297646,106.0,9.014150943396226,2021,11,November,4,Sunday,True,45
2021-11-14,CARREFOUR,CHICKEN INN,2776.0896620370017,2912.75,136.66033796299826,4.922763836911575,294.0,9.907312925170068,2021,11,November,4,Sunday,True,45
2021-11-14,CARREFOUR,PIZZA INN,7966.308521045893,7732.5,-233.80852104589303,-2.93496693516455,456.0,16.957236842105264,2021,11,November,4,Sunday,True,45
2021-11-14,CARREFOUR,CREAMY INN,2261.7778841684376,1390.25,-871.5278841684376,-38.53286789426993,234.0,5.941239316239316,2021,11,November,4,Sunday,True,45
2021-11-14,CARREFOUR,GALITOS,1753.9099018295074,1600.5,-153.40990182950736,-8.746737883712564,138.0,11.597826086956522,2021,11,November,4,Sunday,True,45
2021-11-14,CITY MARKET,CHICKEN INN,535.5510082768932,503.75,-31.801008276893185,-5.937998021740494,122.0,4.129098360655738,2021,11,November,4,Sunday,True,45
2021-11-14,CITY MARKET,PIZZA INN,266.37783700230074,251.0,-15.377837002300735,-5.772941613820491,30.0,8.366666666666667,2021,11,November,4,Sunday,True,45
2021-11-14,JUNCTION,CHICKEN INN,5318.78424427152,3696.0,-1622.78424427152,-30.5104356511416,398.0,9.28643216080402,2021,11,November,4,Sunday,True,45
2021-11-14,JUNCTION,PIZZA INN,12657.315804630884,9929.0,-2728.315804630884,-21.55524794311196,526.0,18.876425855513308,2021,11,November,4,Sunday,True,45
2021-11-14,JUNCTION,CREAMY INN,1507.947098486383,850.5,-657.4470984863831,-43.598817169800064,176.0,4.832386363636363,2021,11,November,4,Sunday,True,45
2021-11-14,JUNCTION,GALITOS,2547.5871260638487,1540.0,-1007.5871260638488,-39.550644441378616,162.0,9.506172839506172,2021,11,November,4,Sunday,True,45
2021-11-14,Bon Marche,CHICKEN INN,2154.1634575967505,1605.75,-548.4134575967505,-25.45830288146179,173.0,9.281791907514451,2021,11,November,4,Sunday,True,45
2021-11-14,Bon Marche,PIZZA INN,4151.046130415286,4018.0,-133.04613041528592,-3.205122907221836,221.0,18.18099547511312,2021,11,November,4,Sunday,True,45
2021-11-14,Bon Marche,CREAMY INN,1063.632107491304,594.25,-469.382107491304,-44.13011831679231,161.0,3.690993788819876,2021,11,November,4,Sunday,True,45
2021-11-14,Bon Marche,GALITOS,1158.3967617309193,1258.5,100.10323826908076,8.64153298559837,109.0,11.545871559633028,2021,11,November,4,Sunday,True,45
2021-11-14,OASIS,CHICKEN INN,2106.140338283789,1734.92,-371.2203382837888,-17.625622164678813,171.0,10.145730994152046,2021,11,November,4,Sunday,True,45
2021-11-14,OASIS,PIZZA INN,5194.24357964373,4251.46,-942.7835796437304,-18.150546180362127,285.0,14.91740350877193,2021,11,November,4,Sunday,True,45
2021-11-14,OASIS,CREAMY INN,466.7647970834759,342.67,-124.09479708347584,-26.586151710426183,116.0,2.954051724137931,2021,11,November,4,Sunday,True,45
2021-11-15,LA PIAZZA,CHICKEN INN,1034.621028208105,1088.5,53.87897179189508,5.207604554994392,153.0,7.11437908496732,2021,11,November,4,Monday,False,46
2021-11-15,LA PIAZZA,PIZZA INN,1372.9629658222802,1147.25,-225.71296582228024,-16.43984371327151,109.0,10.525229357798166,2021,11,November,4,Monday,False,46
2021-11-15,LA PIAZZA,CREAMY INN,375.8835620637426,476.5,100.6164379362574,26.767980324501337,133.0,3.582706766917293,2021,11,November,4,Monday,False,46
2021-11-15,LA PIAZZA,GALITOS,571.0321897121327,418.25,-152.78218971213266,-26.755442594077373,65.0,6.434615384615385,2021,11,November,4,Monday,False,46
2021-11-15,CARREFOUR,CHICKEN INN,1203.1688417392795,1250.0,46.831158260720485,3.892318071753104,182.0,6.868131868131868,2021,11,November,4,Monday,False,46
2021-11-15,CARREFOUR,PIZZA INN,2552.7012414870505,2663.75,111.04875851294946,4.350245015286596,187.0,14.244652406417112,2021,11,November,4,Monday,False,46
2021-11-15,CARREFOUR,CREAMY INN,703.7929868105141,710.5,6.707013189485906,0.9529809638884156,165.0,4.306060606060606,2021,11,November,4,Monday,False,46
2021-11-15,CARREFOUR,GALITOS,1058.5776280982332,1053.75,-4.827628098233163,-0.4560485665001387,96.0,10.9765625,2021,11,November,4,Monday,False,46
2021-11-15,CITY MARKET,CHICKEN INN,559.4055445679602,621.5,62.09445543203981,11.100078652240846,188.0,3.3058510638297878,2021,11,November,4,Monday,False,46
2021-11-15,CITY MARKET,PIZZA INN,339.30499181440695,278.5,-60.80499181440695,-17.920453067683148,43.0,6.476744186046512,2021,11,November,4,Monday,False,46
2021-11-15,JUNCTION,CHICKEN INN,1420.050649006441,1484.0,63.94935099355894,4.503314796433636,205.0,7.239024390243903,2021,11,November,4,Monday,False,46
2021-11-15,JUNCTION,PIZZA INN,3676.604950240365,2853.75,-822.8549502403653,-22.3808367060641,222.0,12.85472972972973,2021,11,November,4,Monday,False,46
2021-11-15,JUNCTION,CREAMY INN,311.1533756974321,268.5,-42.653375697432125,-13.70815135841836,68.0,3.948529411764706,2021,11,November,4,Monday,False,46
2021-11-15,JUNCTION,GALITOS,1187.833833488799,736.25,-451.583833488799,-38.01742472366252,101.0,7.28960396039604,2021,11,November,4,Monday,False,46
2021-11-15,Bon Marche,CHICKEN INN,575.1354210919303,346.75,-228.3854210919303,-39.709851404792005,52.0,6.668269230769231,2021,11,November,4,Monday,False,46
2021-11-15,Bon Marche,PIZZA INN,1205.765660534218,1391.25,185.4843394657821,15.3831167644634,103.0,13.50728155339806,2021,11,November,4,Monday,False,46
2021-11-15,Bon Marche,CREAMY INN,219.4723681475897,136.5,-82.97236814758969,-37.80538244877954,33.0,4.136363636363637,2021,11,November,4,Monday,False,46
2021-11-15,Bon Marche,GALITOS,540.1121916932481,423.0,-117.11219169324806,-21.68293800702816,44.0,9.613636363636363,2021,11,November,4,Monday,False,46
2021-11-15,OASIS,CHICKEN INN,730.3489206635321,756.25,25.901079336467888,3.546397975495931,88.0,8.59375,2021,11,November,4,Monday,False,46
2021-11-15,OASIS,PIZZA INN,1621.953252858294,1614.75,-7.203252858294036,-0.4441097698469468,119.0,13.569327731092438,2021,11,November,4,Monday,False,46
2021-11-15,OASIS,CREAMY INN,64.41776611333037,110.0,45.58223388666963,70.76034553336832,38.0,2.8947368421052637,2021,11,November,4,Monday,False,46
2021-11-16,LA PIAZZA,CHICKEN INN,766.3825282325874,908.0,141.61747176741255,18.478692630690222,160.0,5.675,2021,11,November,4,Tuesday,False,46
2021-11-16,LA PIAZZA,PIZZA INN,4849.447672464416,4380.0,-469.4476724644155,-9.68043587994526,275.0,15.927272727272728,2021,11,November,4,Tuesday,False,46
2021-11-16,LA PIAZZA,CREAMY INN,499.3159767084586,474.25,-25.065976708458606,-5.020063021755494,137.0,3.4616788321167884,2021,11,November,4,Tuesday,False,46
2021-11-16,LA PIAZZA,GALITOS,558.830906611023,678.75,119.919093388977,21.458922899632547,97.0,6.997422680412371,2021,11,November,4,Tuesday,False,46
2021-11-16,CARREFOUR,CHICKEN INN,1223.3274234025553,951.75,-271.57742340255527,-22.199896626791176,168.0,5.665178571428571,2021,11,November,4,Tuesday,False,46
2021-11-16,CARREFOUR,PIZZA INN,8225.155281967296,6741.5,-1483.655281967296,-18.03802154617116,409.0,16.482885085574573,2021,11,November,4,Tuesday,False,46
2021-11-16,CARREFOUR,CREAMY INN,833.8952544839198,780.0,-53.89525448391976,-6.463072453539072,200.0,3.9,2021,11,November,4,Tuesday,False,46
2021-11-16,CARREFOUR,GALITOS,891.9130511126212,713.25,-178.66305111262125,-20.031442626581946,90.0,7.925,2021,11,November,4,Tuesday,False,46
2021-11-16,CITY MARKET,CHICKEN INN,581.0144577803843,483.25,-97.7644577803843,-16.82651033398862,147.0,3.2874149659863945,2021,11,November,4,Tuesday,False,46
2021-11-16,CITY MARKET,PIZZA INN,699.5916292479935,592.75,-106.84162924799352,-15.271999375241233,67.0,8.847014925373134,2021,11,November,4,Tuesday,False,46
2021-11-16,JUNCTION,CHICKEN INN,1559.2730006519048,1777.5,218.2269993480952,13.995432439146857,210.0,8.464285714285714,2021,11,November,4,Tuesday,False,46
2021-11-16,JUNCTION,PIZZA INN,4777.454011030286,4729.0,-48.45401103028598,-1.0142224481578337,336.0,14.074404761904765,2021,11,November,4,Tuesday,False,46
2021-11-16,JUNCTION,CREAMY INN,384.2451340859994,387.5,3.254865914000561,0.8470805809272985,87.0,4.454022988505747,2021,11,November,4,Tuesday,False,46
2021-11-16,JUNCTION,GALITOS,1250.310388879309,1293.25,42.939611120691325,3.43431611083224,158.0,8.185126582278482,2021,11,November,4,Tuesday,False,46
2021-11-16,Bon Marche,CHICKEN INN,631.5219351187686,446.0,-185.52193511876865,-29.376958234060076,55.0,8.10909090909091,2021,11,November,4,Tuesday,False,46
2021-11-16,Bon Marche,PIZZA INN,1566.796016772261,1584.5,17.703983227738945,1.129948189695473,94.0,16.856382978723403,2021,11,November,4,Tuesday,False,46
2021-11-16,Bon Marche,CREAMY INN,271.0277185263345,157.0,-114.02771852633452,-42.07234564285165,36.0,4.361111111111111,2021,11,November,4,Tuesday,False,46
2021-11-16,Bon Marche,GALITOS,568.5204995811467,349.75,-218.77049958114677,-38.48067039663904,35.0,9.992857142857142,2021,11,November,4,Tuesday,False,46
2021-11-16,OASIS,CHICKEN INN,647.3634567690959,758.75,111.38654323090408,17.20618333738196,78.0,9.727564102564102,2021,11,November,4,Tuesday,False,46
2021-11-16,OASIS,PIZZA INN,2472.9341873592816,2411.25,-61.68418735928162,-2.494372380574793,177.0,13.622881355932204,2021,11,November,4,Tuesday,False,46
2021-11-16,OASIS,CREAMY INN,68.99389157493309,145.0,76.00610842506691,110.16353287235287,32.0,4.53125,2021,11,November,4,Tuesday,False,46
2021-11-17,LA PIAZZA,CHICKEN INN,822.6036047045216,610.75,-211.8536047045216,-25.75403310816018,108.0,5.655092592592593,2021,11,November,4,Wednesday,False,46
2021-11-17,LA PIAZZA,PIZZA INN,1416.9191822862415,1412.0,-4.919182286241721,-0.3471745140964549,128.0,11.03125,2021,11,November,4,Wednesday,False,46
2021-11-17,LA PIAZZA,CREAMY INN,409.68272644158776,459.5,49.81727355841224,12.159964368308591,74.0,6.20945945945946,2021,11,November,4,Wednesday,False,46
2021-11-17,LA PIAZZA,GALITOS,563.7377244419006,354.75,-208.98772444190055,-37.07180048111879,48.0,7.390625,2021,11,November,4,Wednesday,False,46
2021-11-17,CARREFOUR,CHICKEN INN,1118.0178723861115,1364.75,246.73212761388845,22.068710501676005,186.0,7.337365591397849,2021,11,November,4,Wednesday,False,46
2021-11-17,CARREFOUR,PIZZA INN,2420.090037837649,2415.63,-4.460037837648997,-0.1842922274757199,177.0,13.647627118644069,2021,11,November,4,Wednesday,False,46
2021-11-17,CARREFOUR,CREAMY INN,804.7495372993242,823.0,18.250462700675826,2.2678438265305423,190.0,4.331578947368421,2021,11,November,4,Wednesday,False,46
2021-11-17,CARREFOUR,GALITOS,1011.1903666713883,699.75,-311.44036667138846,-30.79938030823812,71.0,9.855633802816902,2021,11,November,4,Wednesday,False,46
2021-11-17,CITY MARKET,CHICKEN INN,554.0762411380266,558.0,3.923758861973397,0.7081622655240228,141.0,3.9574468085106393,2021,11,November,4,Wednesday,False,46
2021-11-17,CITY MARKET,PIZZA INN,278.22719989130513,466.25,188.02280010869487,67.57887085883394,50.0,9.325,2021,11,November,4,Wednesday,False,46
2021-11-17,JUNCTION,CHICKEN INN,1947.676364346682,1519.75,-427.926364346682,-21.971122727580223,213.0,7.134976525821596,2021,11,November,4,Wednesday,False,46
2021-11-17,JUNCTION,PIZZA INN,5655.6114882498605,3698.25,-1957.3614882498605,-34.609192875367924,254.0,14.56003937007874,2021,11,November,4,Wednesday,False,46
2021-11-17,JUNCTION,CREAMY INN,425.32781537062857,270.5,-154.82781537062857,-36.40199624275981,69.0,3.920289855072464,2021,11,November,4,Wednesday,False,46
2021-11-17,JUNCTION,GALITOS,1337.9082845408414,1203.0,-134.90828454084135,-10.083522622564574,130.0,9.253846153846156,2021,11,November,4,Wednesday,False,46
2021-11-17,Bon Marche,CHICKEN INN,788.8293750248115,452.25,-336.5793750248115,-42.668210094765406,60.0,7.5375,2021,11,November,4,Wednesday,False,46
2021-11-17,Bon Marche,PIZZA INN,1854.7932710063603,1452.0,-402.7932710063603,-21.71634312581993,88.0,16.5,2021,11,November,4,Wednesday,False,46
2021-11-17,Bon Marche,CREAMY INN,300.0054319487913,202.25,-97.75543194879128,-32.58455399083488,53.0,3.816037735849057,2021,11,November,4,Wednesday,False,46
2021-11-17,Bon Marche,GALITOS,608.3515686074468,473.5,-134.85156860744678,-22.166716676038185,45.0,10.522222222222222,2021,11,November,4,Wednesday,False,46
2021-11-17,OASIS,CHICKEN INN,773.378420460647,724.0,-49.37842046064702,-6.384768330002766,86.0,8.418604651162791,2021,11,November,4,Wednesday,False,46
2021-11-17,OASIS,PIZZA INN,2056.119790552681,1839.25,-216.86979055268057,-10.547527023918503,147.0,12.511904761904765,2021,11,November,4,Wednesday,False,46
2021-11-17,OASIS,CREAMY INN,116.86720409631522,126.0,9.13279590368478,7.814678184786603,46.0,2.739130434782609,2021,11,November,4,Wednesday,False,46
2021-11-18,LA PIAZZA,CHICKEN INN,976.4431518326986,840.0,-136.44315183269862,-13.97348648271092,123.0,6.829268292682927,2021,11,November,4,Thursday,False,46
2021-11-18,LA PIAZZA,PIZZA INN,1616.7862074619627,2389.0,772.2137925380373,47.762269926229855,208.0,11.485576923076923,2021,11,November,4,Thursday,False,46
2021-11-18,LA PIAZZA,CREAMY INN,477.5720092665277,261.5,-216.07200926652771,-45.24385958012466,97.0,2.695876288659794,2021,11,November,4,Thursday,False,46
2021-11-18,LA PIAZZA,GALITOS,654.5492643387167,539.75,-114.79926433871674,-17.538674412031778,88.0,6.133522727272728,2021,11,November,4,Thursday,False,46
2021-11-18,CARREFOUR,CHICKEN INN,1257.8062133164256,1256.75,-1.0562133164255556,-0.0839726585258841,176.0,7.140625,2021,11,November,4,Thursday,False,46
2021-11-18,CARREFOUR,PIZZA INN,2856.6033171422305,3996.75,1140.1466828577695,39.91267096890378,267.0,14.969101123595506,2021,11,November,4,Thursday,False,46
2021-11-18,CARREFOUR,CREAMY INN,757.0746352539996,826.75,69.67536474600035,9.203235916446223,197.0,4.196700507614213,2021,11,November,4,Thursday,False,46
2021-11-18,CARREFOUR,GALITOS,1023.2138300685316,793.75,-229.4638300685317,-22.425794425898538,97.0,8.18298969072165,2021,11,November,4,Thursday,False,46
2021-11-18,CITY MARKET,CHICKEN INN,533.8702635809193,471.5,-62.3702635809193,-11.682662968072536,137.0,3.4416058394160585,2021,11,November,4,Thursday,False,46
2021-11-18,CITY MARKET,PIZZA INN,311.4560504194175,405.25,93.79394958058248,30.11466608347351,51.0,7.946078431372549,2021,11,November,4,Thursday,False,46
2021-11-18,JUNCTION,CHICKEN INN,1778.806413533878,1555.25,-223.556413533878,-12.56777645015053,202.0,7.699257425742574,2021,11,November,4,Thursday,False,46
2021-11-18,JUNCTION,PIZZA INN,5098.635443645228,4679.0,-419.6354436452284,-8.230348066329164,331.0,14.13595166163142,2021,11,November,4,Thursday,False,46
2021-11-18,JUNCTION,CREAMY INN,394.4607969915117,333.5,-60.9607969915117,-15.454209253859895,72.0,4.631944444444445,2021,11,November,4,Thursday,False,46
2021-11-18,JUNCTION,GALITOS,1285.8472815041948,1107.5,-178.34728150419485,-13.870020496956892,131.0,8.454198473282442,2021,11,November,4,Thursday,False,46
2021-11-18,Bon Marche,CHICKEN INN,720.435272083167,475.0,-245.43527208316695,-34.067636829257566,67.0,7.08955223880597,2021,11,November,4,Thursday,False,46
2021-11-18,Bon Marche,PIZZA INN,1672.129482697928,1610.0,-62.1294826979281,-3.715590409762056,111.0,14.504504504504505,2021,11,November,4,Thursday,False,46
2021-11-18,Bon Marche,CREAMY INN,278.2333473421711,220.5,-57.7333473421711,-20.749974039298277,56.0,3.9375,2021,11,November,4,Thursday,False,46
2021-11-18,Bon Marche,GALITOS,584.6792487432415,409.25,-175.4292487432415,-30.004356939351585,37.0,11.06081081081081,2021,11,November,4,Thursday,False,46
2021-11-18,OASIS,CHICKEN INN,912.4559108763224,626.5,-285.95591087632226,-31.33914827749763,76.0,8.243421052631579,2021,11,November,4,Thursday,False,46
2021-11-18,OASIS,PIZZA INN,1795.1116462364064,1682.0,-113.1116462364064,-6.301092551739269,130.0,12.93846153846154,2021,11,November,4,Thursday,False,46
2021-11-18,OASIS,CREAMY INN,157.70032359984705,127.0,-30.700323599847053,-19.467508308826847,40.0,3.175,2021,11,November,4,Thursday,False,46
2021-11-19,LA PIAZZA,CHICKEN INN,840.5101698589383,855.75,15.239830141061702,1.813164276598745,146.0,5.861301369863014,2021,11,November,4,Friday,False,46
2021-11-19,LA PIAZZA,PIZZA INN,1817.0683490575952,1823.5,6.431650942404758,0.3539575682852255,152.0,11.99671052631579,2021,11,November,4,Friday,False,46
2021-11-19,LA PIAZZA,CREAMY INN,461.70531402344176,414.0,-47.70531402344176,-10.33241606160497,123.0,3.365853658536585,2021,11,November,4,Friday,False,46
2021-11-19,LA PIAZZA,GALITOS,1228.5255447493755,824.0,-404.5255447493757,-32.92772759006005,92.0,8.956521739130435,2021,11,November,4,Friday,False,46
2021-11-19,CARREFOUR,CHICKEN INN,1097.3340997112005,1363.5,266.16590028879955,24.255684787235708,174.0,7.836206896551724,2021,11,November,4,Friday,False,46
2021-11-19,CARREFOUR,PIZZA INN,2890.9578545642044,3022.75,131.79214543579565,4.558770901060492,208.0,14.532451923076923,2021,11,November,4,Friday,False,46
2021-11-19,CARREFOUR,CREAMY INN,978.5469705350172,782.25,-196.2969705350172,-20.060045807274072,183.0,4.274590163934426,2021,11,November,4,Friday,False,46
2021-11-19,CARREFOUR,GALITOS,1710.73940007749,1426.5,-284.23940007749,-16.61500284991478,136.0,10.488970588235292,2021,11,November,4,Friday,False,46
2021-11-19,CITY MARKET,CHICKEN INN,566.7026620358798,508.0,-58.70266203587983,-10.358635307092165,149.0,3.4093959731543624,2021,11,November,4,Friday,False,46
2021-11-19,CITY MARKET,PIZZA INN,380.7167293433198,362.25,-18.4667293433198,-4.850516911923514,41.0,8.835365853658537,2021,11,November,4,Friday,False,46
2021-11-19,JUNCTION,CHICKEN INN,2301.416557586411,1870.25,-431.1665575864108,-18.7348333862077,223.0,8.38677130044843,2021,11,November,4,Friday,False,46
2021-11-19,JUNCTION,PIZZA INN,5516.929035459531,3739.5,-1777.4290354595314,-32.21772518796738,173.0,21.615606936416185,2021,11,November,4,Friday,False,46
2021-11-19,JUNCTION,CREAMY INN,545.0239518142916,301.0,-244.02395181429165,-44.77306933061888,77.0,3.909090909090909,2021,11,November,4,Friday,False,46
2021-11-19,JUNCTION,GALITOS,1552.7217198937258,2392.75,840.0282801062742,54.10037544678443,203.0,11.786945812807884,2021,11,November,4,Friday,False,46
2021-11-19,Bon Marche,CHICKEN INN,932.0978669891072,577.5,-354.5978669891073,-38.042986637716574,75.0,7.7,2021,11,November,4,Friday,False,46
2021-11-19,Bon Marche,PIZZA INN,1809.311490516916,1387.25,-422.06149051691614,-23.32718786837164,87.0,15.945402298850574,2021,11,November,4,Friday,False,46
2021-11-19,Bon Marche,CREAMY INN,384.4332305048092,192.75,-191.6832305048092,-49.86125425554523,40.0,4.81875,2021,11,November,4,Friday,False,46
2021-11-19,Bon Marche,GALITOS,706.0279877348839,583.25,-122.77798773488394,-17.389960436099244,48.0,12.151041666666666,2021,11,November,4,Friday,False,46
2021-11-19,OASIS,CHICKEN INN,579.3614794111553,514.79,-64.57147941115534,-11.145283507074677,73.0,7.051917808219177,2021,11,November,4,Friday,False,46
2021-11-19,OASIS,PIZZA INN,2184.2642619624785,1686.25,-498.0142619624785,-22.80009203259278,155.0,10.879032258064516,2021,11,November,4,Friday,False,46
2021-11-19,OASIS,CREAMY INN,106.65892422043228,80.42,-26.23892422043228,-24.60077711472528,25.0,3.2168,2021,11,November,4,Friday,False,46
2021-11-20,LA PIAZZA,CHICKEN INN,1402.7117043900555,1292.5,-110.2117043900555,-7.857046037694476,170.0,7.602941176470588,2021,11,November,4,Saturday,True,46
2021-11-20,LA PIAZZA,PIZZA INN,2445.208678453674,2213.5,-231.7086784536741,-9.47602879440966,190.0,11.65,2021,11,November,4,Saturday,True,46
2021-11-20,LA PIAZZA,CREAMY INN,544.2877773454939,437.25,-107.03777734549384,-19.66565882987856,116.0,3.769396551724138,2021,11,November,4,Saturday,True,46
2021-11-20,LA PIAZZA,GALITOS,920.3571506699394,715.0,-205.3571506699394,-22.312767442558293,98.0,7.295918367346939,2021,11,November,4,Saturday,True,46
2021-11-20,CARREFOUR,CHICKEN INN,1967.87321423114,1884.25,-83.62321423114008,-4.249420827845974,214.0,8.804906542056075,2021,11,November,4,Saturday,True,46
2021-11-20,CARREFOUR,PIZZA INN,4281.666730013752,4708.0,426.3332699862476,9.957180155982815,296.0,15.905405405405403,2021,11,November,4,Saturday,True,46
2021-11-20,CARREFOUR,CREAMY INN,999.5459330366896,886.0,-113.54593303668968,-11.35975139148726,186.0,4.763440860215054,2021,11,November,4,Saturday,True,46
2021-11-20,CARREFOUR,GALITOS,1633.0370555829677,1253.0,-380.0370555829674,-23.27179620840266,107.0,11.710280373831775,2021,11,November,4,Saturday,True,46
2021-11-20,CITY MARKET,CHICKEN INN,679.2292139539312,568.0,-111.2292139539312,-16.375799460456562,138.0,4.115942028985507,2021,11,November,4,Saturday,True,46
2021-11-20,CITY MARKET,PIZZA INN,249.14404404812868,394.75,145.60595595187132,58.44247913216971,51.0,7.740196078431373,2021,11,November,4,Saturday,True,46
2021-11-20,JUNCTION,CHICKEN INN,3523.0982661323437,2902.25,-620.8482661323433,-17.622223941369377,318.0,9.126572327044023,2021,11,November,4,Saturday,True,46
2021-11-20,JUNCTION,PIZZA INN,10932.11867082647,7543.75,-3388.3686708264704,-30.99462028223948,468.0,16.119123931623932,2021,11,November,4,Saturday,True,46
2021-11-20,JUNCTION,CREAMY INN,1013.0270441225114,554.0,-459.02704412251137,-45.31241754953568,93.0,5.956989247311828,2021,11,November,4,Saturday,True,46
2021-11-20,JUNCTION,GALITOS,1880.0281482881333,1570.25,-309.7781482881335,-16.477314372670595,134.0,11.718283582089551,2021,11,November,4,Saturday,True,46
2021-11-20,Bon Marche,CHICKEN INN,1426.8917846401998,919.75,-507.14178464019983,-35.541713120738095,77.0,11.944805194805197,2021,11,November,4,Saturday,True,46
2021-11-20,Bon Marche,PIZZA INN,3585.2569064581617,2440.5,-1144.7569064581617,-31.92956422163497,143.0,17.066433566433567,2021,11,November,4,Saturday,True,46
2021-11-20,Bon Marche,CREAMY INN,714.5397149324749,430.25,-284.2897149324749,-39.78641200641181,103.0,4.177184466019417,2021,11,November,4,Saturday,True,46
2021-11-20,Bon Marche,GALITOS,854.8553635944887,504.75,-350.1053635944887,-40.954923897578254,46.0,10.972826086956522,2021,11,November,4,Saturday,True,46
2021-11-20,OASIS,CHICKEN INN,1648.9519029394423,1015.5,-633.4519029394423,-38.41542629656105,104.0,9.764423076923077,2021,11,November,4,Saturday,True,46
2021-11-20,OASIS,PIZZA INN,3691.141601401776,2729.75,-961.3916014017756,-26.04591492877624,214.0,12.755841121495328,2021,11,November,4,Saturday,True,46
2021-11-20,OASIS,CREAMY INN,312.5282484484112,178.0,-134.5282484484112,-43.045148435795774,53.0,3.358490566037736,2021,11,November,4,Saturday,True,46
2021-11-21,LA PIAZZA,CHICKEN INN,1541.718339042383,2335.0,793.2816609576171,51.45438313008282,272.0,8.584558823529411,2021,11,November,4,Sunday,True,46
2021-11-21,LA PIAZZA,PIZZA INN,3736.774232938308,3476.0,-260.77423293830816,-6.978592140774199,262.0,13.267175572519085,2021,11,November,4,Sunday,True,46
2021-11-21,LA PIAZZA,CREAMY INN,675.3625855425029,638.25,-37.11258554250287,-5.495208993949703,131.0,4.872137404580153,2021,11,November,4,Sunday,True,46
2021-11-21,LA PIAZZA,GALITOS,1081.3715955738865,824.25,-257.12159557388645,-23.777357998517743,83.0,9.930722891566266,2021,11,November,4,Sunday,True,46
2021-11-21,CARREFOUR,CHICKEN INN,2977.675478669758,3618.0,640.3245213302421,21.50417417603545,294.0,12.306122448979592,2021,11,November,4,Sunday,True,46
2021-11-21,CARREFOUR,PIZZA INN,7454.239910418295,7819.48,365.2400895817045,4.899763006973156,458.0,17.073100436681223,2021,11,November,4,Sunday,True,46
2021-11-21,CARREFOUR,CREAMY INN,1554.2275579136442,1646.75,92.5224420863558,5.952953389306492,277.0,5.944945848375451,2021,11,November,4,Sunday,True,46
2021-11-21,CARREFOUR,GALITOS,1882.999731118076,1848.25,-34.749731118075715,-1.845445357416076,162.0,11.408950617283953,2021,11,November,4,Sunday,True,46
2021-11-21,JUNCTION,CHICKEN INN,5783.3871391595485,3661.0,-2122.3871391595485,-36.69799527665681,360.0,10.169444444444444,2021,11,November,4,Sunday,True,46
2021-11-21,JUNCTION,PIZZA INN,12240.36995288257,8596.75,-3643.619952882569,-29.767237157930083,516.0,16.660368217054263,2021,11,November,4,Sunday,True,46
2021-11-21,JUNCTION,CREAMY INN,1271.7924049198807,831.0,-440.7924049198807,-34.65914745320793,152.0,5.467105263157895,2021,11,November,4,Sunday,True,46
2021-11-21,JUNCTION,GALITOS,2491.462130354939,2339.75,-151.71213035493884,-6.089281009193008,198.0,11.816919191919192,2021,11,November,4,Sunday,True,46
2021-11-21,Bon Marche,CHICKEN INN,2342.332507608392,1687.5,-654.8325076083916,-27.95642828169601,151.0,11.175496688741722,2021,11,November,4,Sunday,True,46
2021-11-21,Bon Marche,PIZZA INN,4014.3061224066905,3398.25,-616.0561224066905,-15.346515776862264,194.0,17.516752577319586,2021,11,November,4,Sunday,True,46
2021-11-21,Bon Marche,CREAMY INN,897.0601404347486,715.75,-181.31014043474863,-20.211592541262508,187.0,3.827540106951872,2021,11,November,4,Sunday,True,46
2021-11-21,Bon Marche,GALITOS,1132.8765302082334,1263.25,130.37346979176664,11.508179957422437,91.0,13.881868131868131,2021,11,November,4,Sunday,True,46
2021-11-21,OASIS,CHICKEN INN,2075.4049812858498,1607.75,-467.6549812858498,-22.53319161815381,178.0,9.032303370786517,2021,11,November,4,Sunday,True,46
2021-11-21,OASIS,PIZZA INN,4822.297898605545,5226.75,404.452101394455,8.38712393756117,351.0,14.89102564102564,2021,11,November,4,Sunday,True,46
2021-11-21,OASIS,CREAMY INN,390.0266931889075,261.0,-129.02669318890747,-33.08150325147465,57.0,4.578947368421052,2021,11,November,4,Sunday,True,46
2021-11-22,LA PIAZZA,CHICKEN INN,921.9019696175188,907.0,-14.90196961751883,-1.6164375506976518,148.0,6.128378378378378,2021,11,November,4,Monday,False,47
2021-11-22,LA PIAZZA,PIZZA INN,1319.7473469919591,1378.5,58.75265300804085,4.451810654664556,124.0,11.116935483870968,2021,11,November,4,Monday,False,47
2021-11-22,LA PIAZZA,CREAMY INN,461.1137074159673,419.5,-41.613707415967326,-9.024608626181632,125.0,3.356,2021,11,November,4,Monday,False,47
2021-11-22,LA PIAZZA,GALITOS,588.636031002291,471.75,-116.88603100229102,-19.857097568979103,60.0,7.8625,2021,11,November,4,Monday,False,47
2021-11-22,CARREFOUR,CHICKEN INN,1313.7740687897146,1214.5,-99.27406878971463,-7.556403429485306,151.0,8.043046357615895,2021,11,November,4,Monday,False,47
2021-11-22,CARREFOUR,PIZZA INN,3007.3778297156427,2794.7,-212.67782971564293,-7.071869308012832,181.0,15.440331491712708,2021,11,November,4,Monday,False,47
2021-11-22,CARREFOUR,CREAMY INN,709.1890412772203,820.75,111.56095872277967,15.730778710548456,168.0,4.885416666666667,2021,11,November,4,Monday,False,47
2021-11-22,CARREFOUR,GALITOS,866.0768506184758,758.25,-107.82685061847576,-12.45003264334745,83.0,9.135542168674698,2021,11,November,4,Monday,False,47
2021-11-22,JUNCTION,CHICKEN INN,1927.4159331696692,1838.0,-89.41593316966942,-4.639161253721886,207.0,8.879227053140097,2021,11,November,4,Monday,False,47
2021-11-22,JUNCTION,PIZZA INN,4739.687339403334,2599.75,-2139.9373394033337,-45.14933551867421,211.0,12.321090047393366,2021,11,November,4,Monday,False,47
2021-11-22,JUNCTION,CREAMY INN,471.5549997184438,292.0,-179.5549997184438,-38.07721258933795,65.0,4.492307692307692,2021,11,November,4,Monday,False,47
2021-11-22,JUNCTION,GALITOS,1542.0547865498258,1083.25,-458.80478654982585,-29.75282010416439,211.0,5.13388625592417,2021,11,November,4,Monday,False,47
2021-11-22,Bon Marche,CHICKEN INN,780.6236876962306,461.75,-318.8736876962306,-40.8485795040742,57.0,8.100877192982455,2021,11,November,4,Monday,False,47
2021-11-22,Bon Marche,PIZZA INN,1554.4101998632473,1279.25,-275.16019986324727,-17.701903904609935,89.0,14.373595505617978,2021,11,November,4,Monday,False,47
2021-11-22,Bon Marche,CREAMY INN,332.6118261390181,102.75,-229.8618261390181,-69.10813388906541,32.0,3.2109375,2021,11,November,4,Monday,False,47
2021-11-22,Bon Marche,GALITOS,701.1776958972639,304.5,-396.6776958972639,-56.573062465949405,38.0,8.013157894736842,2021,11,November,4,Monday,False,47
2021-11-22,OASIS,CHICKEN INN,834.8491344565256,842.5,7.650865543474424,0.9164369019146223,96.0,8.776041666666666,2021,11,November,4,Monday,False,47
2021-11-22,OASIS,PIZZA INN,2024.1744265751672,1456.75,-567.4244265751672,-28.032387877522478,123.0,11.84349593495935,2021,11,November,4,Monday,False,47
2021-11-22,OASIS,CREAMY INN,90.11447062848404,67.0,-23.11447062848403,-25.65012085992085,26.0,2.576923076923077,2021,11,November,4,Monday,False,47
2021-11-23,LA PIAZZA,CHICKEN INN,971.4034690624349,1006.5,35.09653093756515,3.6129715463584975,166.0,6.063253012048193,2021,11,November,4,Tuesday,False,47
2021-11-23,LA PIAZZA,PIZZA INN,5057.570901991709,4703.25,-354.32090199170943,-7.005752541248116,303.0,15.522277227722771,2021,11,November,4,Tuesday,False,47
2021-11-23,LA PIAZZA,CREAMY INN,511.7785093413224,561.25,49.47149065867757,9.666582272543874,155.0,3.620967741935484,2021,11,November,4,Tuesday,False,47
2021-11-23,LA PIAZZA,GALITOS,689.7468297688665,613.25,-76.49682976886652,-11.09056634511833,95.0,6.455263157894737,2021,11,November,4,Tuesday,False,47
2021-11-23,CARREFOUR,CHICKEN INN,1460.4511651559808,1593.25,132.7988348440192,9.093000711861247,223.0,7.144618834080718,2021,11,November,4,Tuesday,False,47
2021-11-23,CARREFOUR,PIZZA INN,9017.337748110856,6923.25,-2094.0877481108546,-23.2229046599654,422.0,16.40580568720379,2021,11,November,4,Tuesday,False,47
2021-11-23,CARREFOUR,CREAMY INN,778.4247509747637,807.75,29.325249025236303,3.767255471837768,196.0,4.121173469387755,2021,11,November,4,Tuesday,False,47
2021-11-23,CARREFOUR,GALITOS,994.482881040856,722.25,-272.2328810408561,-27.37431545889748,86.0,8.398255813953488,2021,11,November,4,Tuesday,False,47
2021-11-23,JUNCTION,CHICKEN INN,2059.517411999251,1598.0,-461.5174119992512,-22.40900753304333,208.0,7.6826923076923075,2021,11,November,4,Tuesday,False,47
2021-11-23,JUNCTION,PIZZA INN,5699.5328395115,5307.0,-392.5328395115002,-6.887105497319035,353.0,15.03399433427762,2021,11,November,4,Tuesday,False,47
2021-11-23,JUNCTION,CREAMY INN,582.1146663635361,371.5,-210.6146663635361,-36.180958586603495,102.0,3.642156862745098,2021,11,November,4,Tuesday,False,47
2021-11-23,JUNCTION,GALITOS,1343.4889425196611,985.5,-357.9889425196611,-26.64621428504405,131.0,7.522900763358779,2021,11,November,4,Tuesday,False,47
2021-11-23,Bon Marche,CHICKEN INN,834.1261734749429,431.25,-402.8761734749429,-48.29918857438242,54.0,7.986111111111111,2021,11,November,4,Tuesday,False,47
2021-11-23,Bon Marche,PIZZA INN,1869.1975537161693,1461.0,-408.1975537161695,-21.838117266129952,100.0,14.61,2021,11,November,4,Tuesday,False,47
2021-11-23,Bon Marche,CREAMY INN,410.59520589769295,153.0,-257.5952058976929,-62.73702230266112,46.0,3.3260869565217392,2021,11,November,4,Tuesday,False,47
2021-11-23,Bon Marche,GALITOS,610.889113276618,252.5,-358.389113276618,-58.6668031051218,32.0,7.890625,2021,11,November,4,Tuesday,False,47
2021-11-23,OASIS,CHICKEN INN,860.974187904774,709.25,-151.724187904774,-17.622385204602104,85.0,8.344117647058823,2021,11,November,4,Tuesday,False,47
2021-11-23,OASIS,PIZZA INN,3786.614677834572,2255.0,-1531.6146778345717,-40.44812604778807,169.0,13.34319526627219,2021,11,November,4,Tuesday,False,47
2021-11-23,OASIS,CREAMY INN,99.97074085347448,100.0,0.0292591465255185,0.0292677100076743,29.0,3.4482758620689653,2021,11,November,4,Tuesday,False,47
2021-11-24,LA PIAZZA,CHICKEN INN,845.2637167942602,921.25,75.98628320573982,8.989653961952222,126.0,7.311507936507937,2021,11,November,4,Wednesday,False,47
2021-11-24,LA PIAZZA,PIZZA INN,1569.0247571488123,1514.5,-54.52475714881234,-3.475073092402518,141.0,10.74113475177305,2021,11,November,4,Wednesday,False,47
2021-11-24,LA PIAZZA,CREAMY INN,395.8721066212,407.0,11.127893378799968,2.8109819289308926,110.0,3.7,2021,11,November,4,Wednesday,False,47
2021-11-24,LA PIAZZA,GALITOS,688.3911316465209,498.5,-189.89113164652088,-27.584773091473718,65.0,7.6692307692307695,2021,11,November,4,Wednesday,False,47
2021-11-24,CARREFOUR,CHICKEN INN,1126.508460407552,1614.75,488.2415395924479,43.34113384428646,167.0,9.669161676646707,2021,11,November,4,Wednesday,False,47
2021-11-24,CARREFOUR,PIZZA INN,2825.8007654876287,2876.25,50.44923451237128,1.7853075534738063,180.0,15.979166666666666,2021,11,November,4,Wednesday,False,47
2021-11-24,CARREFOUR,CREAMY INN,678.1822120314398,698.25,20.0677879685602,2.959055488708376,169.0,4.131656804733728,2021,11,November,4,Wednesday,False,47
2021-11-24,CARREFOUR,GALITOS,1003.9420986897932,769.75,-234.19209868979328,-23.32725154124212,77.0,9.996753246753247,2021,11,November,4,Wednesday,False,47
2021-11-24,JUNCTION,CHICKEN INN,2139.82847323576,1826.25,-313.57847323576016,-14.65437427148447,200.0,9.13125,2021,11,November,4,Wednesday,False,47
2021-11-24,JUNCTION,PIZZA INN,5605.969729152578,3218.5,-2387.469729152578,-42.58798824290973,232.0,13.872844827586206,2021,11,November,4,Wednesday,False,47
2021-11-24,JUNCTION,CREAMY INN,399.1023751116573,406.5,7.3976248883427616,1.853565738934308,74.0,5.493243243243243,2021,11,November,4,Wednesday,False,47
2021-11-24,JUNCTION,GALITOS,1510.3137468744974,949.5,-560.8137468744974,-37.13226791685286,105.0,9.042857142857144,2021,11,November,4,Wednesday,False,47
2021-11-24,Bon Marche,CHICKEN INN,866.6529964125026,398.0,-468.6529964125026,-54.076198703804735,56.0,7.107142857142857,2021,11,November,4,Wednesday,False,47
2021-11-24,Bon Marche,PIZZA INN,1838.5129446568835,1005.25,-833.2629446568833,-45.32265856917276,74.0,13.58445945945946,2021,11,November,4,Wednesday,False,47
2021-11-24,Bon Marche,CREAMY INN,281.50728946054613,133.5,-148.00728946054613,-52.57671648367375,51.0,2.617647058823529,2021,11,November,4,Wednesday,False,47
2021-11-24,Bon Marche,GALITOS,686.7449343254614,250.25,-436.4949343254614,-63.55997875021794,27.0,9.26851851851852,2021,11,November,4,Wednesday,False,47
2021-11-24,OASIS,CHICKEN INN,599.7236534222901,960.75,361.0263465777099,60.19878397617517,93.0,10.330645161290322,2021,11,November,4,Wednesday,False,47
2021-11-24,OASIS,PIZZA INN,2317.853965868444,2008.75,-309.103965868444,-13.335782599773502,148.0,13.572635135135137,2021,11,November,4,Wednesday,False,47
2021-11-24,OASIS,CREAMY INN,148.54807267664165,167.5,18.951927323358348,12.75811054419586,43.0,3.895348837209302,2021,11,November,4,Wednesday,False,47
2021-11-25,LA PIAZZA,CHICKEN INN,1011.6840104716484,1414.75,403.0659895283516,39.84109517955529,167.0,8.471556886227544,2021,11,November,4,Thursday,False,47
2021-11-25,LA PIAZZA,PIZZA INN,1741.8861530069578,4060.25,2318.363846993042,133.09502707688046,262.0,15.497137404580153,2021,11,November,4,Thursday,False,47
2021-11-25,LA PIAZZA,CREAMY INN,426.431982361398,381.5,-44.93198236139796,-10.536729002497388,106.0,3.599056603773585,2021,11,November,4,Thursday,False,47
2021-11-25,LA PIAZZA,GALITOS,764.3709293988705,847.25,82.87907060112946,10.842781614720566,84.0,10.086309523809524,2021,11,November,4,Thursday,False,47
2021-11-25,CARREFOUR,CHICKEN INN,1582.2079480201426,2030.25,448.04205197985743,28.31751999100396,207.0,9.807971014492754,2021,11,November,4,Thursday,False,47
2021-11-25,CARREFOUR,PIZZA INN,4176.530192299994,6359.0,2182.4698077000057,52.255573579324,369.0,17.233062330623305,2021,11,November,4,Thursday,False,47
2021-11-25,CARREFOUR,CREAMY INN,697.6946259056248,834.0,136.30537409437522,19.53653776785904,193.0,4.321243523316062,2021,11,November,4,Thursday,False,47
2021-11-25,CARREFOUR,GALITOS,1395.0180669106132,1133.5,-261.51806691061324,-18.746572041878093,99.0,11.44949494949495,2021,11,November,4,Thursday,False,47
2021-11-25,JUNCTION,CHICKEN INN,2135.3206511401413,1622.25,-513.0706511401413,-24.02780354632876,195.0,8.319230769230769,2021,11,November,4,Thursday,False,47
2021-11-25,JUNCTION,PIZZA INN,5277.615324408647,5500.5,222.8846755913528,4.223208056876083,368.0,14.947010869565217,2021,11,November,4,Thursday,False,47
2021-11-25,JUNCTION,CREAMY INN,460.51160617751066,248.0,-212.51160617751063,-46.14685131205902,57.0,4.350877192982456,2021,11,November,4,Thursday,False,47
2021-11-25,JUNCTION,GALITOS,1398.5916555357546,1096.5,-302.0916555357546,-21.599703840649127,123.0,8.914634146341463,2021,11,November,4,Thursday,False,47
2021-11-25,Bon Marche,CHICKEN INN,864.8272811389064,506.25,-358.5772811389064,-41.46229992498498,57.0,8.881578947368421,2021,11,November,4,Thursday,False,47
2021-11-25,Bon Marche,PIZZA INN,1730.8270575181248,1844.5,113.67294248187522,6.567550581562645,111.0,16.617117117117118,2021,11,November,4,Thursday,False,47
2021-11-25,Bon Marche,CREAMY INN,324.82235662938547,231.5,-93.32235662938548,-28.730275094907963,46.0,5.032608695652174,2021,11,November,4,Thursday,False,47
2021-11-25,Bon Marche,GALITOS,635.9445092893357,390.0,-245.94450928933568,-38.67389460822254,30.0,13.0,2021,11,November,4,Thursday,False,47
2021-11-25,OASIS,CHICKEN INN,1150.6549276103517,770.0,-380.6549276103517,-33.08158844814451,82.0,9.390243902439025,2021,11,November,4,Thursday,False,47
2021-11-25,OASIS,PIZZA INN,2571.238784690084,2535.75,-35.48878469008423,-1.380221273161985,181.0,14.009668508287293,2021,11,November,4,Thursday,False,47
2021-11-25,OASIS,CREAMY INN,61.24967925529774,111.5,50.25032074470226,82.04176961523582,32.0,3.484375,2021,11,November,4,Thursday,False,47
2021-11-26,LA PIAZZA,CHICKEN INN,936.7256519051444,1069.25,132.52434809485567,14.147615988237664,142.0,7.529929577464789,2021,11,November,4,Friday,False,47
2021-11-26,LA PIAZZA,PIZZA INN,1573.9484991294294,1973.25,399.3015008705706,25.36941336336159,171.0,11.539473684210526,2021,11,November,4,Friday,False,47
2021-11-26,LA PIAZZA,CREAMY INN,392.9334705217776,459.75,66.81652947822244,17.004540078883217,110.0,4.179545454545455,2021,11,November,4,Friday,False,47
2021-11-26,LA PIAZZA,GALITOS,1221.170376578143,854.0,-367.1703765781431,-30.06708839490488,78.0,10.948717948717947,2021,11,November,4,Friday,False,47
2021-11-26,CARREFOUR,CHICKEN INN,1291.7598122186605,1560.75,268.9901877813397,20.82354515421377,184.0,8.482336956521738,2021,11,November,4,Friday,False,47
2021-11-26,CARREFOUR,PIZZA INN,2627.337762611567,3155.8,528.4622373884331,20.11398172358102,215.0,14.67813953488372,2021,11,November,4,Friday,False,47
2021-11-26,CARREFOUR,CREAMY INN,827.8671242228487,795.0,-32.8671242228487,-3.97009656032692,189.0,4.206349206349207,2021,11,November,4,Friday,False,47
2021-11-26,CARREFOUR,GALITOS,1728.0737013353616,1476.25,-251.82370133536165,-14.57250932878418,189.0,7.810846560846561,2021,11,November,4,Friday,False,47
2021-11-26,JUNCTION,CHICKEN INN,2330.4573345485715,2286.75,-43.70733454857145,-1.875483146617568,254.0,9.002952755905511,2021,11,November,4,Friday,False,47
2021-11-26,JUNCTION,PIZZA INN,6601.665115016066,4317.25,-2284.415115016066,-34.603620074880254,302.0,14.295529801324504,2021,11,November,4,Friday,False,47
2021-11-26,JUNCTION,CREAMY INN,474.9811758929079,470.5,-4.481175892907913,-0.9434428394943942,103.0,4.567961165048544,2021,11,November,4,Friday,False,47
2021-11-26,JUNCTION,GALITOS,1278.9929598425217,2229.75,950.7570401574784,74.33637791677464,182.0,12.251373626373626,2021,11,November,4,Friday,False,47
2021-11-26,Bon Marche,CHICKEN INN,943.85968654016,356.75,-587.1096865401599,-62.20306841287889,48.0,7.432291666666667,2021,11,November,4,Friday,False,47
2021-11-26,Bon Marche,PIZZA INN,2165.0574934662604,1734.5,-430.5574934662605,-19.886654038777383,112.0,15.486607142857142,2021,11,November,4,Friday,False,47
2021-11-26,Bon Marche,CREAMY INN,335.0284831880217,244.75,-90.27848318802172,-26.94650983968919,62.0,3.9475806451612905,2021,11,November,4,Friday,False,47
2021-11-26,Bon Marche,GALITOS,581.5625647501754,709.0,127.4374352498246,21.912936453289166,55.0,12.89090909090909,2021,11,November,4,Friday,False,47
2021-11-26,OASIS,CHICKEN INN,955.101218710963,839.75,-115.35121871096304,-12.077381585445464,92.0,9.127717391304348,2021,11,November,4,Friday,False,47
2021-11-26,OASIS,PIZZA INN,2746.212255566919,1963.75,-782.4622555669189,-28.4924172915174,149.0,13.17953020134228,2021,11,November,4,Friday,False,47
2021-11-26,OASIS,CREAMY INN,112.64308828560505,102.0,-10.643088285605046,-9.44850540551555,26.0,3.923076923076923,2021,11,November,4,Friday,False,47
2021-11-27,LA PIAZZA,CHICKEN INN,1273.765974901807,1824.0,550.2340250981927,43.19741898747212,211.0,8.644549763033176,2021,11,November,4,Saturday,True,47
2021-11-27,LA PIAZZA,PIZZA INN,2438.8204979917023,2997.25,558.4295020082977,22.89752371968942,230.0,13.031521739130437,2021,11,November,4,Saturday,True,47
2021-11-27,LA PIAZZA,CREAMY INN,588.07636476758,561.75,-26.326364767580003,-4.476691522534616,152.0,3.695723684210526,2021,11,November,4,Saturday,True,47
2021-11-27,LA PIAZZA,GALITOS,799.9327122350235,789.0,-10.932712235023471,-1.3667039824483884,96.0,8.21875,2021,11,November,4,Saturday,True,47
2021-11-27,CARREFOUR,CHICKEN INN,1465.4929988676815,2313.0,847.5070011323185,57.83084612394245,228.0,10.144736842105264,2021,11,November,4,Saturday,True,47
2021-11-27,CARREFOUR,PIZZA INN,5079.989537483873,4523.0,-556.9895374838734,-10.964383555792738,301.0,15.0265780730897,2021,11,November,4,Saturday,True,47
2021-11-27,CARREFOUR,CREAMY INN,1097.3772198755853,1044.0,-53.3772198755853,-4.864072163046807,210.0,4.971428571428572,2021,11,November,4,Saturday,True,47
2021-11-27,CARREFOUR,GALITOS,1117.976956274451,1079.75,-38.22695627445091,-3.419297335236543,94.0,11.486702127659576,2021,11,November,4,Saturday,True,47
2021-11-27,JUNCTION,CHICKEN INN,3846.9555617986407,2965.25,-881.7055617986407,-22.91956711312777,287.0,10.331881533101043,2021,11,November,4,Saturday,True,47
2021-11-27,JUNCTION,PIZZA INN,10819.402676640875,7042.5,-3776.902676640875,-34.908606228283006,312.0,22.572115384615383,2021,11,November,4,Saturday,True,47
2021-11-27,JUNCTION,CREAMY INN,1221.877104323101,689.5,-532.3771043231011,-43.57042966428517,113.0,6.101769911504425,2021,11,November,4,Saturday,True,47
2021-11-27,JUNCTION,GALITOS,1996.828135625622,1413.5,-583.328135625622,-29.212736199896376,120.0,11.779166666666669,2021,11,November,4,Saturday,True,47
2021-11-27,Bon Marche,CHICKEN INN,1558.0573893649685,851.25,-706.8073893649685,-45.36465692403336,82.0,10.38109756097561,2021,11,November,4,Saturday,True,47
2021-11-27,Bon Marche,PIZZA INN,3548.29098898229,2282.75,-1265.54098898229,-35.66621206975103,139.0,16.422661870503596,2021,11,November,4,Saturday,True,47
2021-11-27,Bon Marche,CREAMY INN,861.8523294822916,323.25,-538.6023294822916,-62.4935747178204,96.0,3.3671875,2021,11,November,4,Saturday,True,47
2021-11-27,Bon Marche,GALITOS,907.9647256719325,601.5,-306.46472567193234,-33.7529330167684,53.0,11.349056603773583,2021,11,November,4,Saturday,True,47
2021-11-27,OASIS,CHICKEN INN,1215.5833692684985,1084.5,-131.08336926849847,-10.78357705299806,118.0,9.190677966101696,2021,11,November,4,Saturday,True,47
2021-11-27,OASIS,PIZZA INN,4060.6913801416463,3484.25,-576.4413801416463,-14.195646164115496,237.0,14.701476793248943,2021,11,November,4,Saturday,True,47
2021-11-27,OASIS,CREAMY INN,199.94148170694896,159.5,-40.44148170694896,-20.22665900126888,51.0,3.127450980392157,2021,11,November,4,Saturday,True,47
2021-11-28,LA PIAZZA,CHICKEN INN,1812.190544568091,1897.5,85.30945543190933,4.707532311523102,210.0,9.035714285714286,2021,11,November,4,Sunday,True,47
2021-11-28,LA PIAZZA,PIZZA INN,3492.0746344121453,3893.25,401.1753655878547,11.488166994901253,266.0,14.63627819548872,2021,11,November,4,Sunday,True,47
2021-11-28,LA PIAZZA,CREAMY INN,448.7772548797782,811.0,362.2227451202218,80.7132583439989,150.0,5.406666666666666,2021,11,November,4,Sunday,True,47
2021-11-28,LA PIAZZA,GALITOS,983.0834817038364,1076.75,93.66651829616352,9.527829532220895,103.0,10.45388349514563,2021,11,November,4,Sunday,True,47
2021-11-28,CARREFOUR,CHICKEN INN,2912.4204954740485,3722.5,810.0795045259515,27.814647843085467,329.0,11.314589665653497,2021,11,November,4,Sunday,True,47
2021-11-28,CARREFOUR,PIZZA INN,7229.445151853504,8296.3,1066.854848146495,14.75707783567556,504.0,16.460912698412695,2021,11,November,4,Sunday,True,47
2021-11-28,CARREFOUR,CREAMY INN,1437.7383300336862,1632.75,195.01166996631375,13.563780410705515,248.0,6.58366935483871,2021,11,November,4,Sunday,True,47
2021-11-28,CARREFOUR,GALITOS,1732.700740329902,1697.75,-34.950740329902146,-2.0171250300988275,136.0,12.483455882352942,2021,11,November,4,Sunday,True,47
2021-11-28,JUNCTION,CHICKEN INN,5188.949060616384,3670.75,-1518.1990606163836,-29.25831498596442,357.0,10.282212885154062,2021,11,November,4,Sunday,True,47
2021-11-28,JUNCTION,PIZZA INN,13531.130563860048,9810.75,-3720.380563860048,-27.49497202988136,538.0,18.235594795539036,2021,11,November,4,Sunday,True,47
2021-11-28,JUNCTION,CREAMY INN,1179.27517060637,901.5,-277.77517060637,-23.55473748027283,170.0,5.302941176470588,2021,11,November,4,Sunday,True,47
2021-11-28,JUNCTION,GALITOS,2730.6595217414047,2341.5,-389.1595217414047,-14.251484619116066,203.0,11.53448275862069,2021,11,November,4,Sunday,True,47
2021-11-28,Bon Marche,CHICKEN INN,2101.578845156137,2013.25,-88.32884515613705,-4.202975556197829,172.0,11.704941860465116,2021,11,November,4,Sunday,True,47
2021-11-28,Bon Marche,PIZZA INN,4437.619163038119,3798.25,-639.369163038119,-14.407932261595628,219.0,17.34360730593607,2021,11,November,4,Sunday,True,47
2021-11-28,Bon Marche,CREAMY INN,831.8030097231206,712.0,-119.80300972312055,-14.402810319597062,205.0,3.473170731707317,2021,11,November,4,Sunday,True,47
2021-11-28,Bon Marche,GALITOS,1241.6404192865537,911.5,-330.14041928655365,-26.589052205327874,91.0,10.016483516483516,2021,11,November,4,Sunday,True,47
2021-11-28,OASIS,CHICKEN INN,1931.7171873204836,1468.75,-462.9671873204834,-23.966613247494724,152.0,9.66282894736842,2021,11,November,4,Sunday,True,47
2021-11-28,OASIS,PIZZA INN,5164.984530364326,4887.75,-277.234530364326,-5.367577167646823,306.0,15.973039215686274,2021,11,November,4,Sunday,True,47
2021-11-28,OASIS,CREAMY INN,516.7501675102131,315.0,-201.75016751021317,-39.04210974565881,94.0,3.351063829787234,2021,11,November,4,Sunday,True,47
2021-11-29,LA PIAZZA,CHICKEN INN,921.9019696175188,1138.75,216.8480303824812,23.52181007623269,171.0,6.659356725146199,2021,11,November,4,Monday,False,48
2021-11-29,LA PIAZZA,PIZZA INN,1319.7473469919591,1683.25,363.50265300804085,27.54335167534575,158.0,10.653481012658228,2021,11,November,4,Monday,False,48
2021-11-29,LA PIAZZA,CREAMY INN,461.1137074159673,468.25,7.136292584032674,1.5476210030761623,121.0,3.8698347107438016,2021,11,November,4,Monday,False,48
2021-11-29,LA PIAZZA,GALITOS,588.636031002291,514.5,-74.13603100229102,-12.594545202416002,69.0,7.456521739130435,2021,11,November,4,Monday,False,48
2021-11-29,CARREFOUR,CHICKEN INN,1313.7740687897146,1457.0,143.22593121028535,10.90186924927123,164.0,8.884146341463415,2021,11,November,4,Monday,False,48
2021-11-29,CARREFOUR,PIZZA INN,3364.8622269467783,2695.0,-669.8622269467783,-19.90756773285783,199.0,13.542713567839195,2021,11,November,4,Monday,False,48
2021-11-29,CARREFOUR,CREAMY INN,709.1890412772203,851.0,141.81095872277967,19.99621405138804,194.0,4.38659793814433,2021,11,November,4,Monday,False,48
2021-11-29,CARREFOUR,GALITOS,866.0768506184758,711.75,-154.32685061847576,-17.81907119538747,73.0,9.75,2021,11,November,4,Monday,False,48
2021-11-29,JUNCTION,CHICKEN INN,1927.4159331696692,1654.75,-272.6659331696694,-14.146709512838024,204.0,8.111519607843137,2021,11,November,4,Monday,False,48
2021-11-29,JUNCTION,PIZZA INN,4739.687339403334,3209.25,-1530.4373394033337,-32.28983748949137,215.0,14.92674418604651,2021,11,November,4,Monday,False,48
2021-11-29,JUNCTION,CREAMY INN,471.5549997184438,323.0,-148.5549997184438,-31.50321803546629,85.0,3.8,2021,11,November,4,Monday,False,48
2021-11-29,JUNCTION,GALITOS,1542.0547865498258,1409.75,-132.30478654982585,-8.579772113404799,130.0,10.84423076923077,2021,11,November,4,Monday,False,48
2021-11-29,Bon Marche,CHICKEN INN,780.6236876962306,284.75,-495.8736876962306,-63.52275693294017,39.0,7.301282051282051,2021,11,November,4,Monday,False,48
2021-11-29,Bon Marche,PIZZA INN,1554.4101998632473,1274.5,-279.91019986324727,-18.007486047625846,90.0,14.161111111111111,2021,11,November,4,Monday,False,48
2021-11-29,Bon Marche,CREAMY INN,332.6118261390181,128.25,-204.3618261390181,-61.44153937978237,41.0,3.1280487804878048,2021,11,November,4,Monday,False,48
2021-11-29,Bon Marche,GALITOS,701.1776958972639,261.5,-439.6776958972639,-62.705602084879374,28.0,9.339285714285714,2021,11,November,4,Monday,False,48
2021-11-29,OASIS,CHICKEN INN,834.8491344565256,537.5,-297.3491344565256,-35.61710998839275,59.0,9.110169491525424,2021,11,November,4,Monday,False,48
2021-11-29,OASIS,PIZZA INN,2024.1744265751672,1440.0,-584.1744265751672,-28.859885734431,124.0,11.612903225806452,2021,11,November,4,Monday,False,48
2021-11-29,OASIS,CREAMY INN,90.11447062848404,120.0,29.88552937151597,33.16396263894774,30.0,4.0,2021,11,November,4,Monday,False,48
2021-11-30,LA PIAZZA,CHICKEN INN,971.4034690624349,1107.5,136.09653093756515,14.01029904380729,173.0,6.401734104046243,2021,11,November,4,Tuesday,False,48
2021-11-30,LA PIAZZA,PIZZA INN,5057.570901991709,4605.25,-452.32090199170943,-8.94344163941591,305.0,15.099180327868853,2021,11,November,4,Tuesday,False,48
2021-11-30,LA PIAZZA,CREAMY INN,511.7785093413224,413.75,-98.02850934132243,-19.15447943828057,124.0,3.336693548387097,2021,11,November,4,Tuesday,False,48
2021-11-30,LA PIAZZA,GALITOS,689.7468297688665,669.25,-20.49682976886652,-2.971645375410422,88.0,7.605113636363637,2021,11,November,4,Tuesday,False,48
2021-11-30,CARREFOUR,CHICKEN INN,1460.4511651559808,1703.5,243.0488348440192,16.64203779234623,237.0,7.187763713080169,2021,11,November,4,Tuesday,False,48
2021-11-30,CARREFOUR,PIZZA INN,4852.180633267905,7837.5,2985.3193667320947,61.525313923061965,481.0,16.294178794178794,2021,11,November,4,Tuesday,False,48
2021-11-30,CARREFOUR,CREAMY INN,778.4247509747637,923.75,145.3252490252363,18.66914545603236,205.0,4.5060975609756095,2021,11,November,4,Tuesday,False,48
2021-11-30,CARREFOUR,GALITOS,994.482881040856,718.75,-275.7328810408561,-27.726257163146503,76.0,9.457236842105264,2021,11,November,4,Tuesday,False,48
2021-11-30,JUNCTION,CHICKEN INN,2059.517411999251,2832.5,772.9825880007488,37.53221912556619,245.0,11.56122448979592,2021,11,November,4,Tuesday,False,48
2021-11-30,JUNCTION,PIZZA INN,5699.5328395115,5326.5,-373.0328395115002,-6.544972193606527,389.0,13.69280205655527,2021,11,November,4,Tuesday,False,48
2021-11-30,JUNCTION,CREAMY INN,582.1146663635361,357.5,-224.6146663635361,-38.58598302748519,93.0,3.844086021505377,2021,11,November,4,Tuesday,False,48
2021-11-30,JUNCTION,GALITOS,1343.4889425196611,1416.0,72.51105748033888,5.397220266238084,156.0,9.076923076923077,2021,11,November,4,Tuesday,False,48
2021-11-30,Bon Marche,CHICKEN INN,834.1261734749429,394.0,-440.1261734749429,-52.76493982216041,50.0,7.88,2021,11,November,4,Tuesday,False,48
2021-11-30,Bon Marche,PIZZA INN,1869.1975537161693,1571.75,-297.4475537161695,-15.913114861765743,103.0,15.259708737864075,2021,11,November,4,Tuesday,False,48
2021-11-30,Bon Marche,CREAMY INN,410.59520589769295,194.5,-216.09520589769292,-52.629744038350246,55.0,3.536363636363636,2021,11,November,4,Tuesday,False,48
2021-11-30,Bon Marche,GALITOS,610.889113276618,299.5,-311.389113276618,-50.97309912864942,30.0,9.983333333333333,2021,11,November,4,Tuesday,False,48
2021-11-30,OASIS,CHICKEN INN,860.974187904774,640.25,-220.724187904774,-25.636562745500875,78.0,8.208333333333334,2021,11,November,4,Tuesday,False,48
2021-11-30,OASIS,PIZZA INN,3786.614677834572,2470.5,-1316.1146778345717,-34.75702678539265,190.0,13.00263157894737,2021,11,November,4,Tuesday,False,48
2021-11-30,OASIS,CREAMY INN,99.97074085347448,158.0,58.02925914652552,58.04624298181212,45.0,3.511111111111111,2021,11,November,4,Tuesday,False,48
2021-12-01,LA PIAZZA,CHICKEN INN,795.6575768913204,993.5,197.84242310867955,24.86527230491051,158.0,6.287974683544304,2021,12,December,4,Wednesday,False,48
2021-12-01,LA PIAZZA,PIZZA INN,1575.547348370192,2061.0,485.4526516298081,30.81168281816344,169.0,12.195266272189349,2021,12,December,4,Wednesday,False,48
2021-12-01,LA PIAZZA,CREAMY INN,333.10367424578016,310.25,-22.853674245780155,-6.860829229075869,88.0,3.5255681818181817,2021,12,December,4,Wednesday,False,48
2021-12-01,LA PIAZZA,GALITOS,615.56882252426,672.0,56.431177475740014,9.167322224724275,75.0,8.96,2021,12,December,4,Wednesday,False,48
2021-12-01,CARREFOUR,CHICKEN INN,1426.2998744201504,1605.0,178.70012557984955,12.528930892074747,188.0,8.537234042553191,2021,12,December,4,Wednesday,False,48
2021-12-01,CARREFOUR,PIZZA INN,2053.247647686068,3143.0,1089.752352313932,53.07456962349582,230.0,13.665217391304347,2021,12,December,4,Wednesday,False,48
2021-12-01,CARREFOUR,CREAMY INN,716.4546331485828,668.5,-47.95463314858284,-6.693324452078421,159.0,4.20440251572327,2021,12,December,4,Wednesday,False,48
2021-12-01,CARREFOUR,GALITOS,1047.301033368903,583.75,-463.5510333689031,-44.261489161122704,71.0,8.221830985915492,2021,12,December,4,Wednesday,False,48
2021-12-01,JUNCTION,CHICKEN INN,1791.9633365161835,1431.25,-360.7133365161835,-20.129504279783895,188.0,7.613031914893617,2021,12,December,4,Wednesday,False,48
2021-12-01,JUNCTION,PIZZA INN,3663.194916005939,3340.25,-322.9449160059389,-8.815935908702691,244.0,13.68954918032787,2021,12,December,4,Wednesday,False,48
2021-12-01,JUNCTION,CREAMY INN,332.7946863297126,275.5,-57.29468632971259,-17.216226305052395,63.0,4.373015873015873,2021,12,December,4,Wednesday,False,48
2021-12-01,JUNCTION,GALITOS,1311.1018307735078,1003.25,-307.8518307735078,-23.4803905804849,108.0,9.289351851851851,2021,12,December,4,Wednesday,False,48
2021-12-01,Bon Marche,CHICKEN INN,718.3158596910802,495.0,-223.31585969108016,-31.088810956661835,58.0,8.53448275862069,2021,12,December,4,Wednesday,False,48
2021-12-01,Bon Marche,PIZZA INN,1185.893550533813,1410.0,224.1064494661871,18.897686842576118,90.0,15.666666666666666,2021,12,December,4,Wednesday,False,48
2021-12-01,Bon Marche,CREAMY INN,230.5730811946684,99.25,-131.3230811946684,-56.95507928082674,35.0,2.835714285714286,2021,12,December,4,Wednesday,False,48
2021-12-01,Bon Marche,GALITOS,596.2504822297212,306.75,-289.50048222972123,-48.5535007279346,31.0,9.89516129032258,2021,12,December,4,Wednesday,False,48
2021-12-01,OASIS,CHICKEN INN,721.1005091795413,492.25,-228.8505091795413,-31.73628450767902,65.0,7.573076923076923,2021,12,December,4,Wednesday,False,48
2021-12-01,OASIS,PIZZA INN,1811.2960420872023,1781.25,-30.04604208720252,-1.6588145388193805,140.0,12.723214285714286,2021,12,December,4,Wednesday,False,48
2021-12-01,OASIS,CREAMY INN,91.68156004042442,69.0,-22.68156004042441,-24.739500539065453,23.0,3.0,2021,12,December,4,Wednesday,False,48
2021-12-02,LA PIAZZA,CHICKEN INN,839.2668037205866,947.0,107.7331962794134,12.836584957467297,150.0,6.3133333333333335,2021,12,December,4,Thursday,False,48
2021-12-02,LA PIAZZA,PIZZA INN,1427.3976589029935,3174.75,1747.3523410970065,122.415244987855,230.0,13.803260869565218,2021,12,December,4,Thursday,False,48
2021-12-02,LA PIAZZA,CREAMY INN,411.7993752660012,432.25,20.45062473399878,4.966162156217145,126.0,3.430555555555556,2021,12,December,4,Thursday,False,48
2021-12-02,LA PIAZZA,GALITOS,677.3728066662279,525.25,-152.12280666622792,-22.457767003508557,74.0,7.097972972972973,2021,12,December,4,Thursday,False,48
2021-12-02,CARREFOUR,CHICKEN INN,1204.9524013358366,1564.5,359.5475986641634,29.839153668274456,199.0,7.86180904522613,2021,12,December,4,Thursday,False,48
2021-12-02,CARREFOUR,PIZZA INN,2412.1171799046374,4281.0,1868.8828200953624,77.4789398983199,267.0,16.03370786516854,2021,12,December,4,Thursday,False,48
2021-12-02,CARREFOUR,CREAMY INN,718.8959944775927,738.25,19.354005522407306,2.692184359223128,181.0,4.078729281767956,2021,12,December,4,Thursday,False,48
2021-12-02,CARREFOUR,GALITOS,815.6536516638135,804.5,-11.153651663813548,-1.3674494855827273,86.0,9.354651162790695,2021,12,December,4,Thursday,False,48
2021-12-02,JUNCTION,CHICKEN INN,1966.9674091923173,2422.25,455.2825908076825,23.146422695159558,220.0,11.010227272727272,2021,12,December,4,Thursday,False,48
2021-12-02,JUNCTION,PIZZA INN,4185.544303337898,5692.5,1506.955696662102,36.003816647223914,389.0,14.633676092544988,2021,12,December,4,Thursday,False,48
2021-12-02,JUNCTION,CREAMY INN,403.4194708688429,364.5,-38.91947086884289,-9.647395249669575,97.0,3.757731958762887,2021,12,December,4,Thursday,False,48
2021-12-02,JUNCTION,GALITOS,1026.2893613008068,1143.5,117.21063869919315,11.42081786277414,138.0,8.28623188405797,2021,12,December,4,Thursday,False,48
2021-12-02,Bon Marche,CHICKEN INN,788.4669606383746,425.25,-363.2169606383746,-46.06622455610563,48.0,8.859375,2021,12,December,4,Thursday,False,48
2021-12-02,Bon Marche,PIZZA INN,1354.994781499065,1487.25,132.25521850093492,9.760570321504678,100.0,14.8725,2021,12,December,4,Thursday,False,48
2021-12-02,Bon Marche,CREAMY INN,279.5046743023886,116.25,-163.2546743023886,-58.40856676542294,45.0,2.583333333333333,2021,12,December,4,Thursday,False,48
2021-12-02,Bon Marche,GALITOS,466.726162850236,499.75,33.02383714976406,7.075634446565367,36.0,13.881944444444445,2021,12,December,4,Thursday,False,48
2021-12-02,OASIS,CHICKEN INN,812.2233981838647,649.0,-163.22339818386467,-20.09587492170663,79.0,8.215189873417721,2021,12,December,4,Thursday,False,48
2021-12-02,OASIS,PIZZA INN,2632.9710568538626,2344.75,-288.2210568538626,-10.94660938651783,185.0,12.674324324324324,2021,12,December,4,Thursday,False,48
2021-12-02,OASIS,CREAMY INN,78.26474637597205,102.0,23.735253624027948,30.326877327382324,41.0,2.4878048780487805,2021,12,December,4,Thursday,False,48
2021-12-03,LA PIAZZA,CHICKEN INN,886.1484632177223,1054.25,168.10153678227766,18.969906709749147,158.0,6.67246835443038,2021,12,December,4,Friday,False,48
2021-12-03,LA PIAZZA,PIZZA INN,1984.7204414398936,1690.5,-294.22044143989365,-14.82427627068928,159.0,10.632075471698114,2021,12,December,4,Friday,False,48
2021-12-03,LA PIAZZA,CREAMY INN,414.8500522705229,562.25,147.39994772947716,35.53089771177321,144.0,3.904513888888889,2021,12,December,4,Friday,False,48
2021-12-03,LA PIAZZA,GALITOS,1283.608780900866,936.5,-347.1087809008659,-27.041633406189156,107.0,8.75233644859813,2021,12,December,4,Friday,False,48
2021-12-03,CARREFOUR,CHICKEN INN,1492.419526737193,1634.25,141.83047326280666,9.50339168858799,203.0,8.050492610837438,2021,12,December,4,Friday,False,48
2021-12-03,CARREFOUR,PIZZA INN,2884.053551187982,4140.75,1256.696448812018,43.57396374607424,275.0,15.057272727272728,2021,12,December,4,Friday,False,48
2021-12-03,CARREFOUR,CREAMY INN,601.8167968298621,784.0,182.18320317013783,30.272203123908877,166.0,4.72289156626506,2021,12,December,4,Friday,False,48
2021-12-03,CARREFOUR,GALITOS,1739.0573277104456,1764.25,25.19267228955437,1.4486395524822495,141.0,12.51241134751773,2021,12,December,4,Friday,False,48
2021-12-03,JUNCTION,CHICKEN INN,2023.527543811403,1706.75,-316.77754381140267,-15.65471865111054,193.0,8.843264248704664,2021,12,December,4,Friday,False,48
2021-12-03,JUNCTION,PIZZA INN,4829.733311542657,4457.25,-372.4833115426573,-7.712295638611212,297.0,15.007575757575758,2021,12,December,4,Friday,False,48
2021-12-03,JUNCTION,CREAMY INN,480.7044825213738,235.0,-245.7044825213738,-51.113416133049874,55.0,4.2727272727272725,2021,12,December,4,Friday,False,48
2021-12-03,JUNCTION,GALITOS,1579.5674652025366,2369.0,789.4325347974634,49.97776620425897,206.0,11.5,2021,12,December,4,Friday,False,48
2021-12-03,Bon Marche,CHICKEN INN,811.1393227873333,321.5,-489.6393227873333,-60.36439228525828,37.0,8.68918918918919,2021,12,December,4,Friday,False,48
2021-12-03,Bon Marche,PIZZA INN,1563.539401065129,1873.75,310.2105989348713,19.84028024644257,112.0,16.729910714285715,2021,12,December,4,Friday,False,48
2021-12-03,Bon Marche,CREAMY INN,333.0507313726481,97.5,-235.5507313726481,-70.72518063594704,26.0,3.75,2021,12,December,4,Friday,False,48
2021-12-03,Bon Marche,GALITOS,718.3407426757605,707.5,-10.840742675760453,-1.509136546450028,63.0,11.23015873015873,2021,12,December,4,Friday,False,48
2021-12-03,OASIS,CHICKEN INN,886.635169135492,562.0,-324.635169135492,-36.61428966911221,73.0,7.698630136986301,2021,12,December,4,Friday,False,48
2021-12-03,OASIS,PIZZA INN,2584.597154657816,2396.75,-187.8471546578157,-7.267947127438725,166.0,14.438253012048191,2021,12,December,4,Friday,False,48
2021-12-03,OASIS,CREAMY INN,160.25638543651422,49.5,-110.75638543651422,-69.1119952161847,18.0,2.75,2021,12,December,4,Friday,False,48
2021-12-04,LA PIAZZA,CHICKEN INN,1294.5294931739588,1765.75,471.2205068260412,36.400909311899206,222.0,7.953828828828829,2021,12,December,4,Saturday,True,48
2021-12-04,LA PIAZZA,PIZZA INN,2339.502684011193,2880.25,540.7473159888068,23.11377198600468,244.0,11.804303278688524,2021,12,December,4,Saturday,True,48
2021-12-04,LA PIAZZA,CREAMY INN,544.9870589234622,660.75,115.7629410765378,21.24141099886108,182.0,3.6304945054945055,2021,12,December,4,Saturday,True,48
2021-12-04,LA PIAZZA,GALITOS,859.7340011481718,759.0,-100.73400114817184,-11.716879990048309,112.0,6.776785714285714,2021,12,December,4,Saturday,True,48
2021-12-04,CARREFOUR,CHICKEN INN,1806.4799699762505,2464.25,657.7700300237495,36.41169794052005,260.0,9.477884615384616,2021,12,December,4,Saturday,True,48
2021-12-04,CARREFOUR,PIZZA INN,4458.303918865436,5343.5,885.1960811345643,19.854996367314325,356.0,15.009831460674157,2021,12,December,4,Saturday,True,48
2021-12-04,CARREFOUR,CREAMY INN,831.8036486370586,905.5,73.69635136294141,8.859825450837544,188.0,4.816489361702128,2021,12,December,4,Saturday,True,48
2021-12-04,CARREFOUR,GALITOS,962.8854695638844,1043.5,80.61453043611561,8.372182672216251,95.0,10.98421052631579,2021,12,December,4,Saturday,True,48
2021-12-04,JUNCTION,CHICKEN INN,2733.042326474095,2782.5,49.45767352590519,1.8096197430542784,261.0,10.660919540229886,2021,12,December,4,Saturday,True,48
2021-12-04,JUNCTION,PIZZA INN,7889.930115912573,6023.25,-1866.6801159125732,-23.659019642617803,374.0,16.10494652406417,2021,12,December,4,Saturday,True,48
2021-12-04,JUNCTION,CREAMY INN,738.0417159821478,659.0,-79.04171598214782,-10.709654247248505,103.0,6.398058252427185,2021,12,December,4,Saturday,True,48
2021-12-04,JUNCTION,GALITOS,1598.0796015402032,1497.5,-100.57960154020316,-6.293779198687361,124.0,12.076612903225806,2021,12,December,4,Saturday,True,48
2021-12-04,Bon Marche,CHICKEN INN,1095.5512360705152,953.5,-142.0512360705152,-12.966188288921984,94.0,10.143617021276595,2021,12,December,4,Saturday,True,48
2021-12-04,Bon Marche,PIZZA INN,2554.22314486747,1993.0,-561.2231448674706,-21.972361576756068,124.0,16.072580645161292,2021,12,December,4,Saturday,True,48
2021-12-04,Bon Marche,CREAMY INN,511.3439591869193,365.0,-146.34395918691928,-28.61947551304189,75.0,4.866666666666666,2021,12,December,4,Saturday,True,48
2021-12-04,Bon Marche,GALITOS,726.7595168391099,501.75,-225.0095168391099,-30.96065639673247,50.0,10.035,2021,12,December,4,Saturday,True,48
2021-12-04,OASIS,CHICKEN INN,1155.5895785496366,963.75,-191.8395785496366,-16.601013206644836,104.0,9.266826923076923,2021,12,December,4,Saturday,True,48
2021-12-04,OASIS,PIZZA INN,3797.691983672773,2694.75,-1102.9419836727725,-29.04242862282133,189.0,14.257936507936508,2021,12,December,4,Saturday,True,48
2021-12-04,OASIS,CREAMY INN,197.5253122822152,85.0,-112.52531228221515,-56.9675405051096,29.0,2.931034482758621,2021,12,December,4,Saturday,True,48
2021-12-05,LA PIAZZA,CHICKEN INN,1520.5207534429896,2139.25,618.7292465570104,40.69193039003193,242.0,8.839876033057852,2021,12,December,4,Sunday,True,48
2021-12-05,LA PIAZZA,PIZZA INN,2905.545687650138,3873.5,967.954312349862,33.31402828956015,285.0,13.591228070175438,2021,12,December,4,Sunday,True,48
2021-12-05,LA PIAZZA,CREAMY INN,616.8082315974061,845.5,228.69176840259388,37.0766401431332,206.0,4.104368932038835,2021,12,December,4,Sunday,True,48
2021-12-05,LA PIAZZA,GALITOS,1014.5623427838476,1044.5,29.937657216152505,2.9507952299911766,112.0,9.325892857142858,2021,12,December,4,Sunday,True,48
2021-12-05,CARREFOUR,CHICKEN INN,2185.2054964235112,3490.75,1305.5445035764888,59.74470161791425,341.0,10.236803519061583,2021,12,December,4,Sunday,True,48
2021-12-05,CARREFOUR,PIZZA INN,6140.193917332554,8534.5,2394.3060826674464,38.99398154036787,490.0,17.41734693877551,2021,12,December,4,Sunday,True,48
2021-12-05,CARREFOUR,CREAMY INN,1170.632757260196,1756.25,585.6172427398039,50.025700981613575,303.0,5.796204620462047,2021,12,December,4,Sunday,True,48
2021-12-05,CARREFOUR,GALITOS,1815.6599717608497,1868.0,52.34002823915034,2.882699902691049,149.0,12.536912751677852,2021,12,December,4,Sunday,True,48
2021-12-05,JUNCTION,CHICKEN INN,3801.8278227808646,3393.75,-408.0778227808646,-10.73372708610392,353.0,9.614022662889518,2021,12,December,4,Sunday,True,48
2021-12-05,JUNCTION,PIZZA INN,10589.538760542246,8926.25,-1663.2887605422457,-15.706904692958275,533.0,16.74718574108818,2021,12,December,4,Sunday,True,48
2021-12-05,JUNCTION,CREAMY INN,1036.9323607543934,778.5,-258.43236075439336,-24.922779010038568,160.0,4.865625,2021,12,December,4,Sunday,True,48
2021-12-05,JUNCTION,GALITOS,2280.189166681318,1988.75,-291.43916668131806,-12.781359149490685,177.0,11.235875706214689,2021,12,December,4,Sunday,True,48
2021-12-05,Bon Marche,CHICKEN INN,1523.978289772136,1825.0,301.0217102278639,19.752362107000383,154.0,11.85064935064935,2021,12,December,4,Sunday,True,48
2021-12-05,Bon Marche,PIZZA INN,3428.172949351875,3112.75,-315.4229493518751,-9.200905380561633,176.0,17.686079545454547,2021,12,December,4,Sunday,True,48
2021-12-05,Bon Marche,CREAMY INN,718.4270038876988,1074.75,356.3229961123012,49.597661861830574,230.0,4.672826086956522,2021,12,December,4,Sunday,True,48
2021-12-05,Bon Marche,GALITOS,1036.9628493361367,1044.75,7.787150663863258,0.7509575361208543,78.0,13.39423076923077,2021,12,December,4,Sunday,True,48
2021-12-05,OASIS,CHICKEN INN,1687.1923150938896,1446.75,-240.44231509388965,-14.251031903290134,155.0,9.333870967741936,2021,12,December,4,Sunday,True,48
2021-12-05,OASIS,PIZZA INN,4827.851703678735,4403.25,-424.6017036787353,-8.794837325993184,321.0,13.717289719626168,2021,12,December,4,Sunday,True,48
2021-12-05,OASIS,CREAMY INN,413.6850879872809,335.5,-78.1850879872809,-18.899663115167638,92.0,3.646739130434783,2021,12,December,4,Sunday,True,48
2021-12-06,LA PIAZZA,CHICKEN INN,967.030930221444,1102.0,134.9690697785561,13.957058203675974,181.0,6.088397790055248,2021,12,December,4,Monday,False,49
2021-12-06,LA PIAZZA,PIZZA INN,1055.9181213412642,1673.75,617.8318786587358,58.51134346230786,153.0,10.93954248366013,2021,12,December,4,Monday,False,49
2021-12-06,LA PIAZZA,CREAMY INN,406.1938613210539,502.75,96.55613867894613,23.77094975411964,128.0,3.927734375,2021,12,December,4,Monday,False,49
2021-12-06,LA PIAZZA,GALITOS,825.3393189077009,597.0,-228.33931890770089,-27.666114248609603,75.0,7.96,2021,12,December,4,Monday,False,49
2021-12-06,CARREFOUR,CHICKEN INN,954.3791565374978,1406.0,451.6208434625022,47.320903895364765,161.0,8.732919254658386,2021,12,December,4,Monday,False,49
2021-12-06,CARREFOUR,PIZZA INN,2320.159227447304,2644.25,324.0907725526963,13.968471160027624,195.0,13.560256410256413,2021,12,December,4,Monday,False,49
2021-12-06,CARREFOUR,CREAMY INN,697.6667655296815,636.25,-61.41676552968147,-8.80316629143897,171.0,3.7207602339181287,2021,12,December,4,Monday,False,49
2021-12-06,CARREFOUR,GALITOS,805.830611778157,818.0,12.16938822184295,1.5101670306356083,74.0,11.054054054054054,2021,12,December,4,Monday,False,49
2021-12-06,JUNCTION,CHICKEN INN,1511.5937029392082,1274.75,-236.84370293920824,-15.6684764218506,163.0,7.820552147239264,2021,12,December,4,Monday,False,49
2021-12-06,JUNCTION,PIZZA INN,4138.067981070525,4229.45,91.38201892947473,2.208325705317051,289.0,14.63477508650519,2021,12,December,4,Monday,False,49
2021-12-06,JUNCTION,CREAMY INN,307.10523889230984,315.5,8.394761107690158,2.733512830314784,76.0,4.151315789473684,2021,12,December,4,Monday,False,49
2021-12-06,JUNCTION,GALITOS,1263.274846147916,942.75,-320.5248461479159,-25.3725344983546,111.0,8.493243243243244,2021,12,December,4,Monday,False,49
2021-12-06,Bon Marche,CHICKEN INN,605.9285411169989,238.0,-367.9285411169989,-60.7214409208619,39.0,6.102564102564102,2021,12,December,4,Monday,False,49
2021-12-06,Bon Marche,PIZZA INN,1339.6251750023052,1292.5,-47.12517500230524,-3.517788100856208,85.0,15.205882352941176,2021,12,December,4,Monday,False,49
2021-12-06,Bon Marche,CREAMY INN,212.77443448201632,106.0,-106.77443448201632,-50.18198485262142,33.0,3.212121212121212,2021,12,December,4,Monday,False,49
2021-12-06,Bon Marche,GALITOS,574.5001787999879,314.0,-260.5001787999879,-45.343794208057325,28.0,11.214285714285714,2021,12,December,4,Monday,False,49
2021-12-06,OASIS,CHICKEN INN,703.4434787842399,833.25,129.80652121576009,18.453013657913846,87.0,9.577586206896552,2021,12,December,4,Monday,False,49
2021-12-06,OASIS,PIZZA INN,1962.8903130536885,1709.75,-253.14031305368823,-12.89630456527524,145.0,11.791379310344828,2021,12,December,4,Monday,False,49
2021-12-06,OASIS,CREAMY INN,92.42693857733845,95.5,3.073061422661567,3.324854712233249,30.0,3.183333333333333,2021,12,December,4,Monday,False,49
2021-12-07,LA PIAZZA,CHICKEN INN,839.9708022377879,1348.0,508.0291977622121,60.48176870062131,205.0,6.575609756097561,2021,12,December,4,Tuesday,False,49
2021-12-07,LA PIAZZA,PIZZA INN,4094.00740697177,4505.25,411.24259302822975,10.04498898384786,293.0,15.376279863481228,2021,12,December,4,Tuesday,False,49
2021-12-07,LA PIAZZA,CREAMY INN,408.7402941925967,515.5,106.7597058074033,26.119202663464,137.0,3.762773722627737,2021,12,December,4,Tuesday,False,49
2021-12-07,LA PIAZZA,GALITOS,605.4281411342123,740.0,134.5718588657877,22.22755265615504,104.0,7.115384615384615,2021,12,December,4,Tuesday,False,49
2021-12-07,CARREFOUR,CHICKEN INN,1088.0493144797356,1495.5,407.4506855202644,37.44781418433153,200.0,7.4775,2021,12,December,4,Tuesday,False,49
2021-12-07,CARREFOUR,PIZZA INN,7473.29348466345,7072.5,-400.7934846634498,-5.363010103724021,413.0,17.124697336561745,2021,12,December,4,Tuesday,False,49
2021-12-07,CARREFOUR,CREAMY INN,732.7268371371567,644.75,-87.97683713715674,-12.006771511316794,170.0,3.792647058823529,2021,12,December,4,Tuesday,False,49
2021-12-07,CARREFOUR,GALITOS,764.1111373603111,888.75,124.63886263968892,16.31161444266665,84.0,10.580357142857142,2021,12,December,4,Tuesday,False,49
2021-12-07,JUNCTION,CHICKEN INN,1623.4933236427985,1686.25,62.75667635720174,3.865533380598582,186.0,9.065860215053764,2021,12,December,4,Tuesday,False,49
2021-12-07,JUNCTION,PIZZA INN,4640.523690948545,4432.0,-208.52369094854475,-4.493537902958567,312.0,14.205128205128204,2021,12,December,4,Tuesday,False,49
2021-12-07,JUNCTION,CREAMY INN,232.71229191278317,314.0,81.28770808721686,34.93056057291645,68.0,4.617647058823529,2021,12,December,4,Tuesday,False,49
2021-12-07,JUNCTION,GALITOS,1009.2207591591364,974.75,-34.470759159136264,-3.415581660038053,103.0,9.46359223300971,2021,12,December,4,Tuesday,False,49
2021-12-07,Bon Marche,CHICKEN INN,650.7839634389047,471.0,-179.78396343890472,-27.625751945220262,59.0,7.983050847457627,2021,12,December,4,Tuesday,False,49
2021-12-07,Bon Marche,PIZZA INN,1502.2861852504063,1747.75,245.46381474959367,16.339351127606815,112.0,15.604910714285714,2021,12,December,4,Tuesday,False,49
2021-12-07,Bon Marche,CREAMY INN,161.23211211684813,153.75,-7.482112116848128,-4.6405843219529945,54.0,2.8472222222222223,2021,12,December,4,Tuesday,False,49
2021-12-07,Bon Marche,GALITOS,458.963865506822,486.25,27.286134493178,5.945159639756524,46.0,10.570652173913045,2021,12,December,4,Tuesday,False,49
2021-12-07,OASIS,CHICKEN INN,866.4557058265761,733.0,-133.45570582657615,-15.40248450430168,94.0,7.797872340425532,2021,12,December,4,Tuesday,False,49
2021-12-07,OASIS,PIZZA INN,3335.7552838288293,2020.5,-1315.2552838288293,-39.42900998178619,162.0,12.47222222222222,2021,12,December,4,Tuesday,False,49
2021-12-07,OASIS,CREAMY INN,162.49252104725628,75.5,-86.99252104725628,-53.5363230791139,21.0,3.595238095238096,2021,12,December,4,Tuesday,False,49
2021-12-08,LA PIAZZA,CHICKEN INN,870.9157920048741,1324.5,453.5842079951259,52.08129329598692,182.0,7.277472527472527,2021,12,December,4,Wednesday,False,49
2021-12-08,LA PIAZZA,PIZZA INN,1746.5652767792128,2018.5,271.9347232207872,15.56968564737836,165.0,12.233333333333333,2021,12,December,4,Wednesday,False,49
2021-12-08,LA PIAZZA,CREAMY INN,306.3619270601389,520.25,213.88807293986105,69.8154875158083,154.0,3.3782467532467533,2021,12,December,4,Wednesday,False,49
2021-12-08,LA PIAZZA,GALITOS,672.6493590084457,709.75,37.10064099155432,5.515598951323536,79.0,8.984177215189874,2021,12,December,4,Wednesday,False,49
2021-12-08,CARREFOUR,CHICKEN INN,1413.604015785386,1435.5,21.895984214614145,1.5489475107672872,186.0,7.717741935483871,2021,12,December,4,Wednesday,False,49
2021-12-08,CARREFOUR,PIZZA INN,3126.36732473635,3542.5,416.13267526365007,13.310421714401173,248.0,14.284274193548388,2021,12,December,4,Wednesday,False,49
2021-12-08,CARREFOUR,CREAMY INN,898.3785106177083,934.25,35.87148938229166,3.992914897043462,221.0,4.22737556561086,2021,12,December,4,Wednesday,False,49
2021-12-08,CARREFOUR,GALITOS,1189.7540751083843,992.5,-197.2540751083843,-16.57939898969582,91.0,10.906593406593409,2021,12,December,4,Wednesday,False,49
2021-12-08,JUNCTION,CHICKEN INN,2782.5862964070257,1382.0,-1400.5862964070257,-50.33397520197352,147.0,9.401360544217686,2021,12,December,4,Wednesday,False,49
2021-12-08,JUNCTION,PIZZA INN,6470.419519451308,3383.25,-3087.169519451308,-47.71204572084841,225.0,15.036666666666669,2021,12,December,4,Wednesday,False,49
2021-12-08,JUNCTION,CREAMY INN,381.8561613036743,304.0,-77.8561613036743,-20.38887130637616,73.0,4.164383561643835,2021,12,December,4,Wednesday,False,49
2021-12-08,JUNCTION,GALITOS,1307.7422349460169,930.75,-376.9922349460169,-28.827717333881093,110.0,8.461363636363636,2021,12,December,4,Wednesday,False,49
2021-12-08,Bon Marche,CHICKEN INN,1115.411139802737,410.0,-705.4111398027367,-63.242253428407615,49.0,8.36734693877551,2021,12,December,4,Wednesday,False,49
2021-12-08,Bon Marche,PIZZA INN,2094.6820885337124,1212.25,-882.4320885337124,-42.12725612942149,87.0,13.933908045977011,2021,12,December,4,Wednesday,False,49
2021-12-08,Bon Marche,CREAMY INN,264.5647761266421,236.25,-28.314776126642077,-10.702398309096267,48.0,4.921875,2021,12,December,4,Wednesday,False,49
2021-12-08,Bon Marche,GALITOS,594.7226370347705,331.0,-263.7226370347705,-44.34380341559992,34.0,9.735294117647058,2021,12,December,4,Wednesday,False,49
2021-12-08,OASIS,CHICKEN INN,460.028702620442,589.0,128.97129737955805,28.03548923032505,73.0,8.068493150684931,2021,12,December,4,Wednesday,False,49
2021-12-08,OASIS,PIZZA INN,1835.8236544682968,1353.5,-482.3236544682968,-26.272875027748267,116.0,11.66810344827586,2021,12,December,4,Wednesday,False,49
2021-12-08,OASIS,CREAMY INN,75.28323222831598,108.5,33.21676777168402,44.12239855874617,25.0,4.34,2021,12,December,4,Wednesday,False,49
2021-12-09,LA PIAZZA,CHICKEN INN,864.1156305035569,1346.25,482.1343694964431,55.795121911576,191.0,7.048429319371728,2021,12,December,4,Thursday,False,49
2021-12-09,LA PIAZZA,PIZZA INN,1777.8527151669136,3150.5,1372.6472848330864,77.20815527197456,254.0,12.403543307086617,2021,12,December,4,Thursday,False,49
2021-12-09,LA PIAZZA,CREAMY INN,392.1842784931269,484.5,92.31572150687316,23.53886337860711,146.0,3.318493150684932,2021,12,December,4,Thursday,False,49
2021-12-09,LA PIAZZA,GALITOS,531.4686448105473,785.75,254.2813551894527,47.84503425975326,91.0,8.634615384615385,2021,12,December,4,Thursday,False,49
2021-12-09,CARREFOUR,CHICKEN INN,1179.7978420731836,1697.5,517.7021579268164,43.88058186452447,211.0,8.045023696682465,2021,12,December,4,Thursday,False,49
2021-12-09,CARREFOUR,PIZZA INN,3250.8700669522477,5082.0,1831.1299330477527,56.3273799116946,331.0,15.353474320241691,2021,12,December,4,Thursday,False,49
2021-12-09,CARREFOUR,CREAMY INN,874.2621065328811,920.75,46.48789346711885,5.317386298655784,220.0,4.185227272727273,2021,12,December,4,Thursday,False,49
2021-12-09,CARREFOUR,GALITOS,865.5937588817213,985.25,119.65624111827869,13.823602572281144,98.0,10.053571428571429,2021,12,December,4,Thursday,False,49
2021-12-09,JUNCTION,CHICKEN INN,2163.461050607477,1335.0,-828.4610506074769,-38.29331941866269,170.0,7.852941176470588,2021,12,December,4,Thursday,False,49
2021-12-09,JUNCTION,PIZZA INN,6424.193252410647,4912.5,-1511.693252410647,-23.53125432276483,343.0,14.322157434402332,2021,12,December,4,Thursday,False,49
2021-12-09,JUNCTION,CREAMY INN,474.90151236316336,407.0,-67.90151236316336,-14.298019819999688,78.0,5.217948717948718,2021,12,December,4,Thursday,False,49
2021-12-09,JUNCTION,GALITOS,1560.1035480763005,1403.25,-156.85354807630029,-10.05404726306212,144.0,9.744791666666666,2021,12,December,4,Thursday,False,49
2021-12-09,Bon Marche,CHICKEN INN,867.232243432254,395.0,-472.232243432254,-54.45280050512139,51.0,7.745098039215686,2021,12,December,4,Thursday,False,49
2021-12-09,Bon Marche,PIZZA INN,2079.7171649613288,1595.75,-483.9671649613288,-23.27081648962242,117.0,13.63888888888889,2021,12,December,4,Thursday,False,49
2021-12-09,Bon Marche,CREAMY INN,329.0302083161781,129.0,-200.0302083161781,-60.79387340750221,40.0,3.225,2021,12,December,4,Thursday,False,49
2021-12-09,Bon Marche,GALITOS,709.4891266531126,382.0,-327.48912665311263,-46.158441947938464,35.0,10.914285714285716,2021,12,December,4,Thursday,False,49
2021-12-09,OASIS,CHICKEN INN,746.0095342014844,618.75,-127.25953420148436,-17.058700776217393,80.0,7.734375,2021,12,December,4,Thursday,False,49
2021-12-09,OASIS,PIZZA INN,2185.342130898891,2059.25,-126.0921308988909,-5.769903445142742,159.0,12.95125786163522,2021,12,December,4,Thursday,False,49
2021-12-09,OASIS,CREAMY INN,172.92782056405255,59.5,-113.42782056405257,-65.5925808780079,26.0,2.2884615384615383,2021,12,December,4,Thursday,False,49
2021-12-10,LA PIAZZA,CHICKEN INN,1065.2580639896173,1208.25,142.9919360103827,13.423220235934902,167.0,7.235029940119761,2021,12,December,4,Friday,False,49
2021-12-10,LA PIAZZA,PIZZA INN,1620.5688998204434,1966.5,345.9311001795565,21.346275386247704,181.0,10.8646408839779,2021,12,December,4,Friday,False,49
2021-12-10,LA PIAZZA,CREAMY INN,478.77140019446574,602.0,123.22859980553426,25.73850479696191,165.0,3.648484848484848,2021,12,December,4,Friday,False,49
2021-12-10,LA PIAZZA,GALITOS,1226.6422914426228,1016.0,-210.6422914426228,-17.17226716477317,116.0,8.758620689655173,2021,12,December,4,Friday,False,49
2021-12-10,CARREFOUR,CHICKEN INN,1171.655417170439,1747.75,576.094582829561,49.16928427820834,207.0,8.443236714975846,2021,12,December,4,Friday,False,49
2021-12-10,CARREFOUR,PIZZA INN,3185.955856409997,3532.5,346.5441435900025,10.877242473173991,227.0,15.561674008810572,2021,12,December,4,Friday,False,49
2021-12-10,CARREFOUR,CREAMY INN,657.4586059023375,859.0,201.54139409766253,30.654613429396743,200.0,4.295,2021,12,December,4,Friday,False,49
2021-12-10,CARREFOUR,GALITOS,1969.263491208373,1529.75,-439.5134912083731,-22.31867361430035,107.0,14.296728971962615,2021,12,December,4,Friday,False,49
2021-12-10,KIN ALILAC,CHICKEN INN,672.2120593130396,118.5,-553.7120593130396,-82.37163431416272,13.0,9.115384615384617,2021,12,December,4,Friday,False,49
2021-12-10,KIN ALILAC,PIZZA INN,1980.7077916330456,418.5,-1562.207791633046,-78.8711892906244,18.0,23.25,2021,12,December,4,Friday,False,49
2021-12-10,KIN ALILAC,CREAMY INN,179.59808047774385,38.5,-141.09808047774385,-78.56324527657131,9.0,4.277777777777778,2021,12,December,4,Friday,False,49
2021-12-10,JUNCTION,CHICKEN INN,2279.976569130905,1908.25,-371.72656913090486,-16.303964442608365,191.0,9.99083769633508,2021,12,December,4,Friday,False,49
2021-12-10,JUNCTION,PIZZA INN,6055.012976763916,4915.25,-1139.7629767639164,-18.82346051342501,329.0,14.939969604863222,2021,12,December,4,Friday,False,49
2021-12-10,JUNCTION,CREAMY INN,481.9856577511087,306.0,-175.98565775110865,-36.512633710355225,76.0,4.026315789473684,2021,12,December,4,Friday,False,49
2021-12-10,JUNCTION,GALITOS,1940.332041603044,2043.75,103.41795839695624,5.329910354493525,181.0,11.291436464088395,2021,12,December,4,Friday,False,49
2021-12-10,Bon Marche,CHICKEN INN,913.9379673441184,430.25,-483.6879673441184,-52.92350078744447,46.0,9.353260869565217,2021,12,December,4,Friday,False,49
2021-12-10,Bon Marche,PIZZA INN,1960.2016824624875,1623.75,-336.4516824624875,-17.164135990324365,109.0,14.896788990825687,2021,12,December,4,Friday,False,49
2021-12-10,Bon Marche,CREAMY INN,333.93837932018045,111.25,-222.68837932018045,-66.68547046719257,41.0,2.713414634146341,2021,12,December,4,Friday,False,49
2021-12-10,Bon Marche,GALITOS,882.4058424272403,454.0,-428.40584242724026,-48.549751353506586,36.0,12.61111111111111,2021,12,December,4,Friday,False,49
2021-12-10,OASIS,CHICKEN INN,923.8410546113056,704.5,-219.3410546113057,-23.742293494803675,64.0,11.0078125,2021,12,December,4,Friday,False,49
2021-12-10,OASIS,PIZZA INN,2574.3773161656927,1939.25,-635.1273161656927,-24.67110443280547,141.0,13.75354609929078,2021,12,December,4,Friday,False,49
2021-12-10,OASIS,CREAMY INN,96.15383126190852,143.5,47.34616873809148,49.24002311372041,41.0,3.5,2021,12,December,4,Friday,False,49
2021-12-11,LA PIAZZA,CHICKEN INN,1633.7562072482,1645.5,11.743792751800129,0.7188216148589675,207.0,7.949275362318841,2021,12,December,4,Saturday,True,49
2021-12-11,LA PIAZZA,PIZZA INN,2414.9368296609146,3097.0,682.0631703390854,28.243520160105184,240.0,12.904166666666669,2021,12,December,4,Saturday,True,49
2021-12-11,LA PIAZZA,CREAMY INN,627.498207216556,697.75,70.25179278344399,11.195536811979988,165.0,4.228787878787879,2021,12,December,4,Saturday,True,49
2021-12-11,LA PIAZZA,GALITOS,848.8425101706698,824.5,-24.34251017066981,-2.867729864963462,105.0,7.852380952380952,2021,12,December,4,Saturday,True,49
2021-12-11,CARREFOUR,CHICKEN INN,2055.3693929257697,2430.75,375.3806070742303,18.263413300121435,260.0,9.34903846153846,2021,12,December,4,Saturday,True,49
2021-12-11,CARREFOUR,PIZZA INN,3933.203058356533,4896.75,963.5469416434672,24.497767528078757,352.0,13.911221590909092,2021,12,December,4,Saturday,True,49
2021-12-11,CARREFOUR,CREAMY INN,1040.8797099305627,1114.5,73.62029006943726,7.072891263712738,222.0,5.02027027027027,2021,12,December,4,Saturday,True,49
2021-12-11,CARREFOUR,GALITOS,1394.2648350444117,943.5,-450.7648350444115,-32.32992927273055,96.0,9.828125,2021,12,December,4,Saturday,True,49
2021-12-11,KIN ALILAC,CHICKEN INN,924.5783614442148,425.55,-499.0283614442149,-53.97361459603272,48.0,8.865625,2021,12,December,4,Saturday,True,49
2021-12-11,KIN ALILAC,PIZZA INN,3001.8587187472904,1110.5,-1891.3587187472904,-63.00625365662032,86.0,12.91279069767442,2021,12,December,4,Saturday,True,49
2021-12-11,KIN ALILAC,CREAMY INN,480.3204477893149,119.25,-361.0704477893149,-75.1728246113921,31.0,3.846774193548387,2021,12,December,4,Saturday,True,49
2021-12-11,JUNCTION,CHICKEN INN,3411.7229117002685,3706.08,294.35708829973146,8.627813451387102,292.0,12.692054794520548,2021,12,December,4,Saturday,True,49
2021-12-11,JUNCTION,PIZZA INN,8977.125691125333,6678.5,-2298.625691125333,-25.60536379030232,418.0,15.977272727272728,2021,12,December,4,Saturday,True,49
2021-12-11,JUNCTION,CREAMY INN,686.5497762341304,657.5,-29.049776234130377,-4.2312702209990505,108.0,6.087962962962963,2021,12,December,4,Saturday,True,49
2021-12-11,JUNCTION,GALITOS,1429.114717049492,2101.75,672.6352829505079,47.06657029879384,149.0,14.105704697986576,2021,12,December,4,Saturday,True,49
2021-12-11,Bon Marche,CHICKEN INN,1367.6031347327737,865.0,-502.6031347327737,-36.75065682201592,84.0,10.297619047619047,2021,12,December,4,Saturday,True,49
2021-12-11,Bon Marche,PIZZA INN,2906.18318258762,2124.75,-781.4331825876202,-26.88864168196873,122.0,17.415983606557376,2021,12,December,4,Saturday,True,49
2021-12-11,Bon Marche,CREAMY INN,475.6683438838917,261.25,-214.41834388389168,-45.07727845270068,66.0,3.9583333333333335,2021,12,December,4,Saturday,True,49
2021-12-11,Bon Marche,GALITOS,649.9192657672011,450.0,-199.91926576720107,-30.760630788688065,36.0,12.5,2021,12,December,4,Saturday,True,49
2021-12-11,OASIS,CHICKEN INN,1270.6755802332975,790.5,-480.1755802332975,-37.78899883675554,88.0,8.982954545454545,2021,12,December,4,Saturday,True,49
2021-12-11,OASIS,PIZZA INN,3901.593675009353,2724.5,-1177.0936750093529,-30.1695607758676,189.0,14.415343915343914,2021,12,December,4,Saturday,True,49
2021-12-11,OASIS,CREAMY INN,257.1555952353368,132.5,-124.65559523533676,-48.47477462866705,28.0,4.732142857142857,2021,12,December,4,Saturday,True,49
2021-12-12,LA PIAZZA,CHICKEN INN,1447.1501827052282,2120.75,673.5998172947718,46.54664217611326,230.0,9.220652173913043,2021,12,December,4,Sunday,True,49
2021-12-12,LA PIAZZA,PIZZA INN,2945.007745388082,3886.0,940.9922546119174,31.952114763892304,278.0,13.97841726618705,2021,12,December,4,Sunday,True,49
2021-12-12,LA PIAZZA,CREAMY INN,543.4659224556428,836.75,293.2840775443572,53.96549542962277,185.0,4.522972972972973,2021,12,December,4,Sunday,True,49
2021-12-12,LA PIAZZA,GALITOS,895.9059162095788,1121.5,225.5940837904212,25.180555202143363,119.0,9.42436974789916,2021,12,December,4,Sunday,True,49
2021-12-12,CARREFOUR,CHICKEN INN,2364.868497165912,3225.25,860.3815028340887,36.38179052514678,319.0,10.11050156739812,2021,12,December,4,Sunday,True,49
2021-12-12,CARREFOUR,PIZZA INN,5956.490301176948,8167.25,2210.7596988230525,37.115139739020925,479.0,17.05062630480167,2021,12,December,4,Sunday,True,49
2021-12-12,CARREFOUR,CREAMY INN,1180.5998802512406,1747.25,566.6501197487594,47.99679630902317,308.0,5.6728896103896105,2021,12,December,4,Sunday,True,49
2021-12-12,CARREFOUR,GALITOS,1702.107147754458,2051.25,349.1428522455419,20.512389757963017,173.0,11.856936416184972,2021,12,December,4,Sunday,True,49
2021-12-12,KIN ALILAC,CHICKEN INN,412.090119963949,1181.0,768.9098800360509,186.58779785919583,110.0,10.736363636363636,2021,12,December,4,Sunday,True,49
2021-12-12,KIN ALILAC,PIZZA INN,823.0911302318028,1474.25,651.1588697681972,79.11139433428407,112.0,13.162946428571429,2021,12,December,4,Sunday,True,49
2021-12-12,KIN ALILAC,CREAMY INN,151.69815472248925,200.75,49.05184527751075,32.33516278905588,53.0,3.787735849056604,2021,12,December,4,Sunday,True,49
2021-12-12,JUNCTION,CHICKEN INN,4012.5692021332575,3395.25,-617.3192021332584,-15.384636900593874,324.0,10.479166666666666,2021,12,December,4,Sunday,True,49
2021-12-12,JUNCTION,PIZZA INN,9839.0711368351,9118.0,-721.0711368351003,-7.328650507826745,498.0,18.309236947791163,2021,12,December,4,Sunday,True,49
2021-12-12,JUNCTION,CREAMY INN,1172.5296861720592,700.0,-472.5296861720592,-40.300018988407885,126.0,5.555555555555555,2021,12,December,4,Sunday,True,49
2021-12-12,JUNCTION,GALITOS,2025.421244101112,2146.25,120.82875589888796,5.965611166111379,188.0,11.41622340425532,2021,12,December,4,Sunday,True,49
2021-12-12,Bon Marche,CHICKEN INN,1608.454836807021,1703.25,94.79516319297908,5.893554548361398,150.0,11.355,2021,12,December,4,Sunday,True,49
2021-12-12,Bon Marche,PIZZA INN,3185.222537144736,4022.75,837.5274628552643,26.29415851132436,221.0,18.202488687782804,2021,12,December,4,Sunday,True,49
2021-12-12,Bon Marche,CREAMY INN,812.374096216967,576.25,-236.12409621696705,-29.06593123987345,145.0,3.974137931034482,2021,12,December,4,Sunday,True,49
2021-12-12,Bon Marche,GALITOS,921.1019046484972,1083.5,162.39809535150266,17.63085002125531,86.0,12.598837209302326,2021,12,December,4,Sunday,True,49
2021-12-12,OASIS,CHICKEN INN,1731.0195869679414,1508.5,-222.51958696794145,-12.85482779300651,141.0,10.698581560283689,2021,12,December,4,Sunday,True,49
2021-12-12,OASIS,PIZZA INN,3735.691630153896,4479.75,744.0583698461041,19.91755325413334,304.0,14.736019736842104,2021,12,December,4,Sunday,True,49
2021-12-12,OASIS,CREAMY INN,213.9236400943236,206.0,-7.923640094323616,-3.703957211475043,54.0,3.814814814814815,2021,12,December,4,Sunday,True,49
2021-12-13,LA PIAZZA,CHICKEN INN,874.1959609201853,1021.75,147.55403907981474,16.878828738181113,165.0,6.192424242424242,2021,12,December,4,Monday,False,50
2021-12-13,LA PIAZZA,PIZZA INN,1605.7906178880687,1890.25,284.4593821119313,17.71459983282574,187.0,10.108288770053475,2021,12,December,4,Monday,False,50
2021-12-13,LA PIAZZA,CREAMY INN,400.5883473761064,461.0,60.41165262389359,15.08073138412436,136.0,3.389705882352941,2021,12,December,4,Monday,False,50
2021-12-13,LA PIAZZA,GALITOS,678.8078984093369,577.0,-101.80789840933689,-14.9980426933607,79.0,7.30379746835443,2021,12,December,4,Monday,False,50
2021-12-13,CARREFOUR,CHICKEN INN,1137.4018957106416,1375.0,237.5981042893584,20.889547062070665,183.0,7.513661202185792,2021,12,December,4,Monday,False,50
2021-12-13,CARREFOUR,PIZZA INN,2912.6756138769506,2725.0,-187.6756138769506,-6.443409385611012,200.0,13.625,2021,12,December,4,Monday,False,50
2021-12-13,CARREFOUR,CREAMY INN,702.8148535495499,687.0,-15.814853549549866,-2.2502161799337794,174.0,3.948275862068965,2021,12,December,4,Monday,False,50
2021-12-13,CARREFOUR,GALITOS,903.40677342226,611.75,-291.6567734222599,-32.284103020106215,71.0,8.616197183098592,2021,12,December,4,Monday,False,50
2021-12-13,KIN ALILAC,CHICKEN INN,248.93582069980508,446.25,197.3141793001949,79.26307220291075,63.0,7.083333333333333,2021,12,December,4,Monday,False,50
2021-12-13,KIN ALILAC,PIZZA INN,448.7974663777819,555.5,106.70253362221808,23.775208555299564,46.0,12.076086956521738,2021,12,December,4,Monday,False,50
2021-12-13,KIN ALILAC,CREAMY INN,111.8166026412571,73.0,-38.81660264125711,-34.71452514595976,21.0,3.4761904761904763,2021,12,December,4,Monday,False,50
2021-12-13,JUNCTION,CHICKEN INN,2140.822636188848,1333.75,-807.0726361888478,-37.69918266679117,169.0,7.8920118343195265,2021,12,December,4,Monday,False,50
2021-12-13,JUNCTION,PIZZA INN,3731.236174782445,2951.0,-780.2361747824448,-20.91092973571788,212.0,13.919811320754716,2021,12,December,4,Monday,False,50
2021-12-13,JUNCTION,CREAMY INN,219.4106784981837,288.0,68.5893215018163,31.26070343125259,58.0,4.965517241379311,2021,12,December,4,Monday,False,50
2021-12-13,JUNCTION,GALITOS,1301.9726667098168,936.25,-365.7226667098169,-28.08988821816249,108.0,8.668981481481481,2021,12,December,4,Monday,False,50
2021-12-13,Bon Marche,CHICKEN INN,858.1575420788353,406.75,-451.40754207883526,-52.60194311004101,40.0,10.16875,2021,12,December,4,Monday,False,50
2021-12-13,Bon Marche,PIZZA INN,1207.9206858087323,1357.5,149.5793141912677,12.383206608563103,91.0,14.917582417582418,2021,12,December,4,Monday,False,50
2021-12-13,Bon Marche,CREAMY INN,152.0162378380565,182.5,30.483762161943503,20.052964469768007,42.0,4.345238095238095,2021,12,December,4,Monday,False,50
2021-12-13,Bon Marche,GALITOS,592.0988073959529,467.5,-124.59880739595292,-21.04358357753459,44.0,10.625,2021,12,December,4,Monday,False,50
2021-12-13,OASIS,CHICKEN INN,705.3353034694508,702.75,-2.585303469450764,-0.3665353849061573,83.0,8.466867469879517,2021,12,December,4,Monday,False,50
2021-12-13,OASIS,PIZZA INN,1929.1648460296835,1731.5,-197.66484602968356,-10.246135597820349,149.0,11.620805369127517,2021,12,December,4,Monday,False,50
2021-12-13,OASIS,CREAMY INN,114.78829468475902,73.5,-41.28829468475902,-35.96908099222861,23.0,3.1956521739130435,2021,12,December,4,Monday,False,50
2021-12-14,LA PIAZZA,CHICKEN INN,1020.2485763733904,1044.25,24.001423626609608,2.35250743617069,180.0,5.801388888888889,2021,12,December,4,Tuesday,False,50
2021-12-14,LA PIAZZA,PIZZA INN,4488.524508156916,4399.25,-89.27450815691554,-1.9889499989290147,285.0,15.4359649122807,2021,12,December,4,Tuesday,False,50
2021-12-14,LA PIAZZA,CREAMY INN,389.3857235550946,396.0,6.614276444905386,1.6986437983696454,111.0,3.5675675675675675,2021,12,December,4,Tuesday,False,50
2021-12-14,LA PIAZZA,GALITOS,664.8181298937322,566.5,-98.31812989373223,-14.78872573909016,86.0,6.587209302325581,2021,12,December,4,Tuesday,False,50
2021-12-14,CARREFOUR,CHICKEN INN,1274.1867288098515,1521.25,247.0632711901485,19.389879489713163,170.0,8.948529411764707,2021,12,December,4,Tuesday,False,50
2021-12-14,CARREFOUR,PIZZA INN,8280.978373319873,6575.5,-1705.4783733198728,-20.59513135325507,390.0,16.86025641025641,2021,12,December,4,Tuesday,False,50
2021-12-14,CARREFOUR,CREAMY INN,728.2262406001996,723.5,-4.726240600199617,-0.6490071816561126,178.0,4.064606741573034,2021,12,December,4,Tuesday,False,50
2021-12-14,CARREFOUR,GALITOS,928.0591901237144,673.0,-255.0591901237143,-27.483073583885727,74.0,9.094594594594597,2021,12,December,4,Tuesday,False,50
2021-12-14,KIN ALILAC,CHICKEN INN,290.5257265315893,551.5,260.9742734684107,89.82828356855843,68.0,8.110294117647058,2021,12,December,4,Tuesday,False,50
2021-12-14,KIN ALILAC,PIZZA INN,1254.4838689397668,1451.25,196.7661310602332,15.685026801223923,88.0,16.491477272727273,2021,12,December,4,Tuesday,False,50
2021-12-14,KIN ALILAC,CREAMY INN,108.68960370447206,89.78,-18.90960370447206,-17.397803524877535,25.0,3.5912,2021,12,December,4,Tuesday,False,50
2021-12-14,JUNCTION,CHICKEN INN,2529.8915346476583,1850.5,-679.3915346476583,-26.85457164242728,216.0,8.56712962962963,2021,12,December,4,Tuesday,False,50
2021-12-14,JUNCTION,PIZZA INN,4897.127720684157,4987.25,90.12227931584312,1.840308941406423,306.0,16.298202614379086,2021,12,December,4,Tuesday,False,50
2021-12-14,JUNCTION,CREAMY INN,336.33675902368526,362.5,26.16324097631474,7.778882407103261,68.0,5.330882352941177,2021,12,December,4,Tuesday,False,50
2021-12-14,JUNCTION,GALITOS,1565.8697533537145,835.75,-730.1197533537143,-46.6271062321738,88.0,9.497159090909092,2021,12,December,4,Tuesday,False,50
2021-12-14,Bon Marche,CHICKEN INN,1014.1174072057844,1024.5,10.382592794215611,1.0238057960983975,44.0,23.28409090909091,2021,12,December,4,Tuesday,False,50
2021-12-14,Bon Marche,PIZZA INN,1585.3571303903495,2082.5,497.14286960965046,31.35841509018495,136.0,15.3125,2021,12,December,4,Tuesday,False,50
2021-12-14,Bon Marche,CREAMY INN,233.0271666966696,220.0,-13.027166696669582,-5.590406853131843,54.0,4.074074074074074,2021,12,December,4,Tuesday,False,50
2021-12-14,Bon Marche,GALITOS,712.1114269173607,525.25,-186.86142691736077,-26.24047583764523,47.0,11.175531914893616,2021,12,December,4,Tuesday,False,50
2021-12-14,OASIS,CHICKEN INN,836.1865108632023,622.0,-214.18651086320236,-25.614681423417824,92.0,6.760869565217392,2021,12,December,4,Tuesday,False,50
2021-12-14,OASIS,PIZZA INN,3133.402481684801,2854.25,-279.15248168480093,-8.908925148189175,203.0,14.060344827586206,2021,12,December,4,Tuesday,False,50
2021-12-14,OASIS,CREAMY INN,58.13952587929352,85.0,26.86047412070648,46.20002264289684,15.0,5.666666666666667,2021,12,December,4,Tuesday,False,50
2021-12-15,LA PIAZZA,CHICKEN INN,972.8950057823066,1023.25,50.35499421769339,5.175789156940203,138.0,7.414855072463768,2021,12,December,4,Wednesday,False,50
2021-12-15,LA PIAZZA,PIZZA INN,2178.013972405161,1913.5,-264.513972405161,-12.144732575478413,178.0,10.75,2021,12,December,4,Wednesday,False,50
2021-12-15,LA PIAZZA,CREAMY INN,494.5626456255845,421.25,-73.31264562558454,-14.823732903007578,111.0,3.795045045045045,2021,12,December,4,Wednesday,False,50
2021-12-15,LA PIAZZA,GALITOS,614.5899188849207,614.25,-0.3399188849207348,-0.0553082428585007,75.0,8.19,2021,12,December,4,Wednesday,False,50
2021-12-15,CARREFOUR,CHICKEN INN,1404.2599903144694,1718.5,314.2400096855306,22.37762322169129,204.0,8.424019607843137,2021,12,December,4,Wednesday,False,50
2021-12-15,CARREFOUR,PIZZA INN,2750.247023357612,2659.75,-90.49702335761184,-3.290505274218221,210.0,12.665476190476191,2021,12,December,4,Wednesday,False,50
2021-12-15,CARREFOUR,CREAMY INN,794.1854549413599,642.25,-151.93545494135992,-19.1309792940716,171.0,3.7558479532163744,2021,12,December,4,Wednesday,False,50
2021-12-15,CARREFOUR,GALITOS,942.5377440864532,618.0,-324.5377440864532,-34.43233399645004,61.0,10.131147540983608,2021,12,December,4,Wednesday,False,50
2021-12-15,KIN ALILAC,CHICKEN INN,277.04133574837243,460.0,182.9586642516276,66.0402043461857,54.0,8.518518518518519,2021,12,December,4,Wednesday,False,50
2021-12-15,KIN ALILAC,PIZZA INN,608.7264065824676,737.25,128.52359341753242,21.11352358428049,54.0,13.65277777777778,2021,12,December,4,Wednesday,False,50
2021-12-15,KIN ALILAC,CREAMY INN,138.04773700819658,88.0,-50.04773700819658,-36.253935118998,21.0,4.190476190476191,2021,12,December,4,Wednesday,False,50
2021-12-15,JUNCTION,CHICKEN INN,2355.697808477674,1843.0,-512.6978084776738,-21.76415865534957,168.0,10.970238095238097,2021,12,December,4,Wednesday,False,50
2021-12-15,JUNCTION,PIZZA INN,5641.6760599955005,3292.0,-2349.6760599955005,-41.64854619457493,217.0,15.170506912442397,2021,12,December,4,Wednesday,False,50
2021-12-15,JUNCTION,CREAMY INN,476.8986384565735,300.0,-176.8986384565735,-37.09355074467924,69.0,4.3478260869565215,2021,12,December,4,Wednesday,False,50
2021-12-15,JUNCTION,GALITOS,1151.5119870502012,923.25,-228.26198705020124,-19.82280598180607,93.0,9.92741935483871,2021,12,December,4,Wednesday,False,50
2021-12-15,Bon Marche,CHICKEN INN,944.2911369820604,548.0,-396.2911369820605,-41.96705035785899,65.0,8.430769230769231,2021,12,December,4,Wednesday,False,50
2021-12-15,Bon Marche,PIZZA INN,1826.3912806049627,1120.5,-705.8912806049627,-38.64950999827089,76.0,14.74342105263158,2021,12,December,4,Wednesday,False,50
2021-12-15,Bon Marche,CREAMY INN,330.4138948226256,149.0,-181.4138948226256,-54.90504414773872,45.0,3.311111111111111,2021,12,December,4,Wednesday,False,50
2021-12-15,Bon Marche,GALITOS,523.6737234718994,346.75,-176.9237234718994,-33.78510617239194,35.0,9.907142857142857,2021,12,December,4,Wednesday,False,50
2021-12-15,OASIS,CHICKEN INN,714.1638186671015,676.75,-37.41381866710151,-5.238828639755201,89.0,7.603932584269663,2021,12,December,4,Wednesday,False,50
2021-12-15,OASIS,PIZZA INN,2188.7487437295986,1806.5,-382.2487437295986,-17.464258737997117,137.0,13.186131386861314,2021,12,December,4,Wednesday,False,50
2021-12-15,OASIS,CREAMY INN,61.86641856386363,138.0,76.13358143613637,123.06123936614335,38.0,3.631578947368421,2021,12,December,4,Wednesday,False,50
2021-12-16,LA PIAZZA,CHICKEN INN,1032.4409023416222,1124.0,91.55909765837782,8.86821681034892,149.0,7.543624161073826,2021,12,December,4,Thursday,False,50
2021-12-16,LA PIAZZA,PIZZA INN,1584.6908811762185,3206.5,1621.8091188237815,102.34230146008112,228.0,14.06359649122807,2021,12,December,4,Thursday,False,50
2021-12-16,LA PIAZZA,CREAMY INN,559.2487638178786,579.5,20.25123618212137,3.621149923313244,131.0,4.423664122137405,2021,12,December,4,Thursday,False,50
2021-12-16,LA PIAZZA,GALITOS,670.0547891682554,856.0,185.9452108317446,27.750747228082638,91.0,9.406593406593409,2021,12,December,4,Thursday,False,50
2021-12-16,CARREFOUR,CHICKEN INN,1275.1432661042516,1208.0,-67.14326610425155,-5.265546851796819,149.0,8.10738255033557,2021,12,December,4,Thursday,False,50
2021-12-16,CARREFOUR,PIZZA INN,3069.483167254211,4541.75,1472.266832745789,47.964649177822245,291.0,15.607388316151203,2021,12,December,4,Thursday,False,50
2021-12-16,CARREFOUR,CREAMY INN,963.3611804272648,726.75,-236.61118042726469,-24.56100424581404,183.0,3.971311475409836,2021,12,December,4,Thursday,False,50
2021-12-16,CARREFOUR,GALITOS,980.5214292041557,816.75,-163.77142920415554,-16.70248342630118,80.0,10.209375,2021,12,December,4,Thursday,False,50
2021-12-16,KIN ALILAC,CHICKEN INN,293.997610190199,486.0,192.002389809801,65.30746616803683,72.0,6.75,2021,12,December,4,Thursday,False,50
2021-12-16,KIN ALILAC,PIZZA INN,442.900366050984,1184.18,741.279633949016,167.36938841538108,80.0,14.80225,2021,12,December,4,Thursday,False,50
2021-12-16,KIN ALILAC,CREAMY INN,156.10363409479407,149.13,-6.973634094794079,-4.46731053715209,32.0,4.6603125,2021,12,December,4,Thursday,False,50
2021-12-16,JUNCTION,CHICKEN INN,2301.732834188409,1267.75,-1033.982834188409,-44.92193093960844,133.0,9.531954887218046,2021,12,December,4,Thursday,False,50
2021-12-16,JUNCTION,PIZZA INN,5653.22171574484,4939.0,-714.2217157448404,-12.633888279238276,325.0,15.196923076923078,2021,12,December,4,Thursday,False,50
2021-12-16,JUNCTION,CREAMY INN,577.6122000822693,233.0,-344.6122000822693,-59.66151685043809,63.0,3.6984126984126986,2021,12,December,4,Thursday,False,50
2021-12-16,JUNCTION,GALITOS,1388.9733622915946,1079.0,-309.97336229159464,-22.31672476282668,101.0,10.683168316831685,2021,12,December,4,Thursday,False,50
2021-12-16,Bon Marche,CHICKEN INN,922.6590555047898,423.0,-499.65905550478976,-54.15424609163183,50.0,8.46,2021,12,December,4,Thursday,False,50
2021-12-16,Bon Marche,PIZZA INN,1830.1289792543032,1579.0,-251.1289792543032,-13.721927913333582,106.0,14.89622641509434,2021,12,December,4,Thursday,False,50
2021-12-16,Bon Marche,CREAMY INN,400.1921610510684,177.0,-223.1921610510684,-55.77124760886731,48.0,3.6875,2021,12,December,4,Thursday,False,50
2021-12-16,Bon Marche,GALITOS,631.6641603513004,576.0,-55.66416035130044,-8.81230309478739,46.0,12.521739130434783,2021,12,December,4,Thursday,False,50
2021-12-16,OASIS,CHICKEN INN,741.2799724884572,738.75,-2.529972488457247,-0.3412978337947262,80.0,9.234375,2021,12,December,4,Thursday,False,50
2021-12-16,OASIS,PIZZA INN,2467.7503345645464,2531.5,63.74966543545361,2.58331098339017,183.0,13.833333333333334,2021,12,December,4,Thursday,False,50
2021-12-16,OASIS,CREAMY INN,124.47821566464128,67.0,-57.47821566464127,-46.17532100515824,21.0,3.1904761904761907,2021,12,December,4,Thursday,False,50
2021-12-17,LA PIAZZA,CHICKEN INN,1251.1600900153876,1197.5,-53.6600900153876,-4.288826861055618,140.0,8.553571428571429,2021,12,December,4,Friday,False,50
2021-12-17,LA PIAZZA,PIZZA INN,1664.1982261109297,2030.0,365.80177388907055,21.98066120668293,145.0,14.0,2021,12,December,4,Friday,False,50
2021-12-17,LA PIAZZA,CREAMY INN,559.2487638178786,410.5,-148.74876381787865,-26.597960235513224,116.0,3.538793103448276,2021,12,December,4,Friday,False,50
2021-12-17,LA PIAZZA,GALITOS,1277.849406090773,962.0,-315.8494060907731,-24.717263598143933,94.0,10.23404255319149,2021,12,December,4,Friday,False,50
2021-12-17,CARREFOUR,CHICKEN INN,1258.1390370112388,1848.75,590.6109629887612,46.94321896185512,209.0,8.845693779904305,2021,12,December,4,Friday,False,50
2021-12-17,CARREFOUR,PIZZA INN,3295.9398934953733,3808.0,512.0601065046267,15.5360875213529,246.0,15.479674796747968,2021,12,December,4,Friday,False,50
2021-12-17,CARREFOUR,CREAMY INN,928.619547254008,649.0,-279.619547254008,-30.11131394776928,154.0,4.214285714285714,2021,12,December,4,Friday,False,50
2021-12-17,CARREFOUR,GALITOS,2181.4259820205825,1465.0,-716.4259820205825,-32.84209447973022,109.0,13.440366972477063,2021,12,December,4,Friday,False,50
2021-12-17,KIN ALILAC,CHICKEN INN,356.28003074617146,459.25,102.96996925382854,28.901414720935787,58.0,7.918103448275862,2021,12,December,4,Friday,False,50
2021-12-17,KIN ALILAC,PIZZA INN,465.121628628824,1214.0,748.878371371176,161.0069980144474,88.0,13.795454545454543,2021,12,December,4,Friday,False,50
2021-12-17,KIN ALILAC,CREAMY INN,156.10363409479407,57.0,-99.10363409479407,-63.48579561870629,19.0,3.0,2021,12,December,4,Friday,False,50
2021-12-17,JUNCTION,CHICKEN INN,2638.365133413857,1551.25,-1087.1151334138572,-41.20411991676101,163.0,9.516871165644172,2021,12,December,4,Friday,False,50
2021-12-17,JUNCTION,PIZZA INN,6519.37778643719,4563.0,-1956.3777864371896,-30.008658042600427,304.0,15.009868421052632,2021,12,December,4,Friday,False,50
2021-12-17,JUNCTION,CREAMY INN,510.52948823711176,424.5,-86.02948823711176,-16.851032157648056,91.0,4.664835164835165,2021,12,December,4,Friday,False,50
2021-12-17,JUNCTION,GALITOS,1635.5718331032506,1906.5,270.9281668967494,16.564736651321766,163.0,11.696319018404909,2021,12,December,4,Friday,False,50
2021-12-17,Bon Marche,CHICKEN INN,1057.59949456981,514.75,-542.8494945698101,-51.328456316123706,63.0,8.170634920634921,2021,12,December,4,Friday,False,50
2021-12-17,Bon Marche,PIZZA INN,2110.5314480122884,1365.5,-745.0314480122884,-35.30065608422768,84.0,16.25595238095238,2021,12,December,4,Friday,False,50
2021-12-17,Bon Marche,CREAMY INN,353.7146534453495,166.5,-187.21465344534948,-52.92815879178016,44.0,3.784090909090909,2021,12,December,4,Friday,False,50
2021-12-17,Bon Marche,GALITOS,743.8098790799639,638.5,-105.30987907996392,-14.158171602967176,47.0,13.585106382978724,2021,12,December,4,Friday,False,50
2021-12-17,OASIS,CHICKEN INN,851.6364124590909,624.25,-227.38641245909093,-26.6999401543336,79.0,7.901898734177215,2021,12,December,4,Friday,False,50
2021-12-17,OASIS,PIZZA INN,1977.5387482257304,2105.25,127.7112517742694,6.458090992596394,158.0,13.324367088607596,2021,12,December,4,Friday,False,50
2021-12-17,OASIS,CREAMY INN,87.2092888189403,94.5,7.290711181059706,8.360016782382354,26.0,3.6346153846153846,2021,12,December,4,Friday,False,50
2021-12-18,LA PIAZZA,CHICKEN INN,1407.2930358852211,1917.5,510.2069641147789,36.25449363457174,228.0,8.410087719298245,2021,12,December,4,Saturday,True,50
2021-12-18,LA PIAZZA,PIZZA INN,2367.58236037538,2992.5,624.9176396246198,26.39475821764186,238.0,12.573529411764708,2021,12,December,4,Saturday,True,50
2021-12-18,LA PIAZZA,CREAMY INN,580.132874992083,575.25,-4.882874992082975,-0.8416821736140383,152.0,3.7845394736842106,2021,12,December,4,Saturday,True,50
2021-12-18,LA PIAZZA,GALITOS,861.283139917223,865.0,3.716860082776975,0.4315491515524382,116.0,7.456896551724138,2021,12,December,4,Saturday,True,50
2021-12-18,CARREFOUR,CHICKEN INN,1628.247822542003,2107.25,479.00217745799705,29.41825997409805,230.0,9.16195652173913,2021,12,December,4,Saturday,True,50
2021-12-18,CARREFOUR,PIZZA INN,5071.633833629047,4493.75,-577.8838336290473,-11.394431313183704,281.0,15.991992882562275,2021,12,December,4,Saturday,True,50
2021-12-18,CARREFOUR,CREAMY INN,994.875970800439,739.0,-255.87597080043892,-25.719383954421076,174.0,4.247126436781609,2021,12,December,4,Saturday,True,50
2021-12-18,CARREFOUR,GALITOS,1287.728468099203,1283.5,-4.228468099202928,-0.3283664377975978,98.0,13.096938775510203,2021,12,December,4,Saturday,True,50
2021-12-18,KIN ALILAC,CHICKEN INN,400.7404089175296,1042.75,642.0095910824705,160.20585316480847,122.0,8.547131147540984,2021,12,December,4,Saturday,True,50
2021-12-18,KIN ALILAC,PIZZA INN,661.7082905707108,1915.5,1253.7917094292893,189.47801127713208,135.0,14.188888888888888,2021,12,December,4,Saturday,True,50
2021-12-18,KIN ALILAC,CREAMY INN,161.9330357136319,173.51,11.576964286368082,7.149229454847738,41.0,4.231951219512195,2021,12,December,4,Saturday,True,50
2021-12-18,JUNCTION,CHICKEN INN,2989.296458330093,2748.25,-241.0464583300932,-8.063651822099594,288.0,9.54253472222222,2021,12,December,4,Saturday,True,50
2021-12-18,JUNCTION,PIZZA INN,7562.184831036468,7378.25,-183.9348310364685,-2.4322974794475964,427.0,17.279274004683842,2021,12,December,4,Saturday,True,50
2021-12-18,JUNCTION,CREAMY INN,716.8646430671198,592.5,-124.3646430671198,-17.34841357707686,116.0,5.107758620689655,2021,12,December,4,Saturday,True,50
2021-12-18,JUNCTION,GALITOS,1590.623985363079,1441.5,-149.12398536307933,-9.375187771297185,125.0,11.532,2021,12,December,4,Saturday,True,50
2021-12-18,Bon Marche,CHICKEN INN,1198.2717567823906,827.75,-370.5217567823906,-30.92134607072095,78.0,10.612179487179487,2021,12,December,4,Saturday,True,50
2021-12-18,Bon Marche,PIZZA INN,2448.121496316315,2056.75,-391.3714963163152,-15.986604296609103,112.0,18.363839285714285,2021,12,December,4,Saturday,True,50
2021-12-18,Bon Marche,CREAMY INN,496.6716607600612,279.0,-217.67166076006123,-43.82606819703711,92.0,3.032608695652174,2021,12,December,4,Saturday,True,50
2021-12-18,Bon Marche,GALITOS,723.3689222746075,458.0,-265.3689222746075,-36.68514282313436,37.0,12.37837837837838,2021,12,December,4,Saturday,True,50
2021-12-18,OASIS,CHICKEN INN,1056.584086690268,782.0,-274.5840866902681,-25.987906703232504,91.0,8.593406593406593,2021,12,December,4,Saturday,True,50
2021-12-18,OASIS,PIZZA INN,2683.388926748334,2254.25,-429.1389267483341,-15.99242370237975,160.0,14.0890625,2021,12,December,4,Saturday,True,50
2021-12-18,OASIS,CREAMY INN,131.93200103378146,100.0,-31.93200103378146,-24.203378091419385,33.0,3.0303030303030303,2021,12,December,4,Saturday,True,50
2021-12-19,LA PIAZZA,CHICKEN INN,1367.9078001591622,1881.5,513.5921998408378,37.54581995811992,221.0,8.513574660633484,2021,12,December,4,Sunday,True,50
2021-12-19,LA PIAZZA,PIZZA INN,2641.9259722632064,3602.5,960.5740277367936,36.35885478327455,238.0,15.13655462184874,2021,12,December,4,Sunday,True,50
2021-12-19,LA PIAZZA,CREAMY INN,637.9444648380997,686.25,48.30553516190025,7.572059610887829,130.0,5.278846153846154,2021,12,December,4,Sunday,True,50
2021-12-19,LA PIAZZA,GALITOS,979.0747098780952,628.25,-350.8247098780952,-35.83227166819338,77.0,8.159090909090908,2021,12,December,4,Sunday,True,50
2021-12-19,CARREFOUR,CHICKEN INN,2501.179014251369,3128.25,627.0709857486308,25.07101579597733,268.0,11.672574626865671,2021,12,December,4,Sunday,True,50
2021-12-19,CARREFOUR,PIZZA INN,6440.877869676485,6868.75,427.8721303235152,6.643071627517237,409.0,16.7940097799511,2021,12,December,4,Sunday,True,50
2021-12-19,CARREFOUR,CREAMY INN,1785.9619583154038,1255.25,-530.7119583154038,-29.71574819073941,236.0,5.31885593220339,2021,12,December,4,Sunday,True,50
2021-12-19,CARREFOUR,GALITOS,1452.017862016934,1417.0,-35.01786201693403,-2.4116688184739177,129.0,10.984496124031008,2021,12,December,4,Sunday,True,50
2021-12-19,KIN ALILAC,CHICKEN INN,389.5250791548508,1538.75,1149.2249208451492,295.0323309961486,165.0,9.325757575757576,2021,12,December,4,Sunday,True,50
2021-12-19,KIN ALILAC,PIZZA INN,738.3837403837873,2962.0,2223.6162596162126,301.14642807010495,212.0,13.971698113207546,2021,12,December,4,Sunday,True,50
2021-12-19,KIN ALILAC,CREAMY INN,178.07003922911898,338.13,160.05996077088102,89.8859580554903,71.0,4.762394366197183,2021,12,December,4,Sunday,True,50
2021-12-19,JUNCTION,CHICKEN INN,5006.802819874284,3666.25,-1340.552819874284,-26.7746278034561,367.0,9.989782016348776,2021,12,December,4,Sunday,True,50
2021-12-19,JUNCTION,PIZZA INN,10694.43824380396,9338.5,-1355.938243803961,-12.678910410180274,557.0,16.765709156193896,2021,12,December,4,Sunday,True,50
2021-12-19,JUNCTION,CREAMY INN,1036.0751037992031,715.5,-320.57510379920313,-30.941299778720705,157.0,4.557324840764331,2021,12,December,4,Sunday,True,50
2021-12-19,JUNCTION,GALITOS,2235.47926413829,1949.5,-285.9792641382901,-12.792749578400874,169.0,11.53550295857988,2021,12,December,4,Sunday,True,50
2021-12-19,Bon Marche,CHICKEN INN,2006.997463940156,1307.5,-699.497463940156,-34.852932129116695,119.0,10.987394957983192,2021,12,December,4,Sunday,True,50
2021-12-19,Bon Marche,PIZZA INN,3462.132272703971,3598.25,136.117727296029,3.931615448930241,208.0,17.299278846153847,2021,12,December,4,Sunday,True,50
2021-12-19,Bon Marche,CREAMY INN,717.8330629816294,680.75,-37.08306298162938,-5.165973106281732,127.0,5.360236220472441,2021,12,December,4,Sunday,True,50
2021-12-19,Bon Marche,GALITOS,1016.6301029956052,966.25,-50.38010299560517,-4.955598191235437,95.0,10.171052631578949,2021,12,December,4,Sunday,True,50
2021-12-19,OASIS,CHICKEN INN,1777.3692917556075,1305.0,-472.3692917556075,-26.57687932084287,134.0,9.738805970149254,2021,12,December,4,Sunday,True,50
2021-12-19,OASIS,PIZZA INN,4070.9023326955175,4772.5,701.5976673044825,17.234450988165193,322.0,14.821428571428571,2021,12,December,4,Sunday,True,50
2021-12-19,OASIS,CREAMY INN,279.5169513427573,371.0,91.48304865724263,32.72898055655367,88.0,4.215909090909091,2021,12,December,4,Sunday,True,50
2021-12-20,LA PIAZZA,CHICKEN INN,1132.0682968967562,1268.75,136.68170310324376,12.073626960309536,164.0,7.736280487804878,2021,12,December,4,Monday,False,51
2021-12-20,LA PIAZZA,PIZZA INN,1950.7708427804796,1795.0,-155.77084278047937,-7.985091809064336,170.0,10.558823529411764,2021,12,December,4,Monday,False,51
2021-12-20,LA PIAZZA,CREAMY INN,408.9924162590861,477.5,68.50758374091396,16.75033106176624,129.0,3.701550387596899,2021,12,December,4,Monday,False,51
2021-12-20,LA PIAZZA,GALITOS,624.8351433820824,701.25,76.41485661791762,12.2296028684146,91.0,7.706043956043956,2021,12,December,4,Monday,False,51
2021-12-20,CARREFOUR,CHICKEN INN,1108.4132820034924,1198.25,89.83671799650756,8.104983895007539,154.0,7.7808441558441555,2021,12,December,4,Monday,False,51
2021-12-20,CARREFOUR,PIZZA INN,2981.669460571577,2763.0,-218.66946057157747,-7.333792811818221,195.0,14.169230769230769,2021,12,December,4,Monday,False,51
2021-12-20,CARREFOUR,CREAMY INN,862.0340706588843,688.0,-174.03407065888427,-20.188769398158897,171.0,4.023391812865497,2021,12,December,4,Monday,False,51
2021-12-20,CARREFOUR,GALITOS,994.4879714354024,588.0,-406.4879714354025,-40.87409633006367,65.0,9.046153846153846,2021,12,December,4,Monday,False,51
2021-12-20,KIN ALILAC,CHICKEN INN,322.3674818625184,874.25,551.8825181374816,171.19670847348232,95.0,9.202631578947368,2021,12,December,4,Monday,False,51
2021-12-20,KIN ALILAC,PIZZA INN,545.2149252652789,1282.0,736.7850747347211,135.1366297201479,90.0,14.244444444444444,2021,12,December,4,Monday,False,51
2021-12-20,KIN ALILAC,CREAMY INN,114.16243830276126,60.25,-53.91243830276126,-47.22432273195174,18.0,3.3472222222222223,2021,12,December,4,Monday,False,51
2021-12-20,JUNCTION,CHICKEN INN,1725.7508466782815,1593.25,-132.5008466782815,-7.677866531737106,164.0,9.714939024390244,2021,12,December,4,Monday,False,51
2021-12-20,JUNCTION,PIZZA INN,4262.690275844856,3859.0,-403.69027584485593,-9.470316859107138,255.0,15.133333333333333,2021,12,December,4,Monday,False,51
2021-12-20,JUNCTION,CREAMY INN,328.46129952325674,265.5,-62.96129952325674,-19.16855946640945,54.0,4.916666666666667,2021,12,December,4,Monday,False,51
2021-12-20,JUNCTION,GALITOS,1654.559859835202,979.25,-675.3098598352019,-40.81507573273682,104.0,9.415865384615383,2021,12,December,4,Monday,False,51
2021-12-20,Bon Marche,CHICKEN INN,691.7743113284527,392.0,-299.77431132845265,-43.33412016308894,49.0,8.0,2021,12,December,4,Monday,False,51
2021-12-20,Bon Marche,PIZZA INN,1379.9694042923863,1201.75,-178.21940429238634,-12.914735916465684,86.0,13.973837209302326,2021,12,December,4,Monday,False,51
2021-12-20,Bon Marche,CREAMY INN,227.5707425486032,162.5,-65.07074254860316,-28.59363282813289,40.0,4.0625,2021,12,December,4,Monday,False,51
2021-12-20,Bon Marche,GALITOS,752.4450741729626,379.25,-373.19507417296256,-49.5976499790571,39.0,9.724358974358974,2021,12,December,4,Monday,False,51
2021-12-20,OASIS,CHICKEN INN,624.3021461195854,804.0,179.69785388041464,28.78379563442882,90.0,8.933333333333334,2021,12,December,4,Monday,False,51
2021-12-20,OASIS,PIZZA INN,1923.714265500552,2043.75,120.03573449944838,6.2397902148017295,150.0,13.625,2021,12,December,4,Monday,False,51
2021-12-20,OASIS,CREAMY INN,111.06140200018892,82.5,-28.56140200018892,-25.7167670187887,22.0,3.75,2021,12,December,4,Monday,False,51
2021-12-21,LA PIAZZA,CHICKEN INN,1452.5423471721426,1273.25,-179.29234717214263,-12.343347340006636,182.0,6.99587912087912,2021,12,December,4,Tuesday,False,51
2021-12-21,LA PIAZZA,PIZZA INN,5827.56290404858,4322.25,-1505.31290404858,-25.830916436831508,281.0,15.38167259786477,2021,12,December,4,Tuesday,False,51
2021-12-21,LA PIAZZA,CREAMY INN,598.4705532947445,562.75,-35.72055329474449,-5.968640077292534,146.0,3.8544520547945207,2021,12,December,4,Tuesday,False,51
2021-12-21,LA PIAZZA,GALITOS,1063.460005156664,741.75,-321.710005156664,-30.251255674563065,93.0,7.975806451612903,2021,12,December,4,Tuesday,False,51
2021-12-21,CARREFOUR,CHICKEN INN,1909.240534355644,1477.25,-431.9905343556436,-22.62630226952717,168.0,8.793154761904763,2021,12,December,4,Tuesday,False,51
2021-12-21,CARREFOUR,PIZZA INN,9538.61390177782,5995.5,-3543.1139017778187,-37.14495563257308,371.0,16.160377358490567,2021,12,December,4,Tuesday,False,51
2021-12-21,CARREFOUR,CREAMY INN,977.5104615210474,752.5,-225.01046152104743,-23.01872669177593,176.0,4.275568181818182,2021,12,December,4,Tuesday,False,51
2021-12-21,CARREFOUR,GALITOS,1242.5576553431536,630.25,-612.3076553431536,-49.27800756046643,73.0,8.633561643835616,2021,12,December,4,Tuesday,False,51
2021-12-21,KIN ALILAC,CHICKEN INN,413.6255913535752,599.25,185.6244086464248,44.87739939856609,78.0,7.6826923076923075,2021,12,December,4,Tuesday,False,51
2021-12-21,KIN ALILAC,PIZZA INN,1628.7275796479073,1745.75,117.0224203520927,7.184898310458412,125.0,13.966,2021,12,December,4,Tuesday,False,51
2021-12-21,KIN ALILAC,CREAMY INN,167.05164912703395,66.75,-100.30164912703395,-60.04229808636001,20.0,3.3375,2021,12,December,4,Tuesday,False,51
2021-12-21,JUNCTION,CHICKEN INN,2698.9770005636888,1716.5,-982.4770005636888,-36.40182929897127,197.0,8.713197969543147,2021,12,December,4,Tuesday,False,51
2021-12-21,JUNCTION,PIZZA INN,7208.028553515993,6203.0,-1005.0285535159928,-13.943182189889516,409.0,15.166259168704157,2021,12,December,4,Tuesday,False,51
2021-12-21,JUNCTION,CREAMY INN,596.0008327914039,319.0,-277.0008327914039,-46.47658485543631,76.0,4.197368421052632,2021,12,December,4,Tuesday,False,51
2021-12-21,JUNCTION,GALITOS,1495.9376599136071,1234.0,-261.93765991360715,-17.50993152540424,125.0,9.872,2021,12,December,4,Tuesday,False,51
2021-12-21,Bon Marche,CHICKEN INN,1081.8960103366212,474.0,-607.8960103366212,-56.18802588499059,53.0,8.943396226415095,2021,12,December,4,Tuesday,False,51
2021-12-21,Bon Marche,PIZZA INN,2333.469763328402,1993.75,-339.7197633284022,-14.558567188967322,125.0,15.95,2021,12,December,4,Tuesday,False,51
2021-12-21,Bon Marche,CREAMY INN,412.9325198274149,321.5,-91.43251982741492,-22.14224248204746,69.0,4.659420289855072,2021,12,December,4,Tuesday,False,51
2021-12-21,Bon Marche,GALITOS,680.3083713054272,380.75,-299.5583713054272,-44.03273338098308,31.0,12.28225806451613,2021,12,December,4,Tuesday,False,51
2021-12-21,OASIS,CHICKEN INN,767.1349098530056,699.25,-67.88490985300564,-8.849148823902876,88.0,7.946022727272727,2021,12,December,4,Tuesday,False,51
2021-12-21,OASIS,PIZZA INN,2927.6430667100653,2713.0,-214.6430667100653,-7.331599577515102,201.0,13.497512437810943,2021,12,December,4,Tuesday,False,51
2021-12-21,OASIS,CREAMY INN,146.09419323514786,128.5,-17.594193235147856,-12.043047602055536,32.0,4.015625,2021,12,December,4,Tuesday,False,51
2021-12-22,LA PIAZZA,CHICKEN INN,972.8950057823066,1268.5,295.6049942176934,30.384059169878963,161.0,7.87888198757764,2021,12,December,4,Wednesday,False,51
2021-12-22,LA PIAZZA,PIZZA INN,2178.013972405161,1871.0,-307.013972405161,-14.096051554073744,161.0,11.62111801242236,2021,12,December,4,Wednesday,False,51
2021-12-22,LA PIAZZA,CREAMY INN,494.5626456255845,479.5,-15.062645625584535,-3.045649678319604,110.0,4.359090909090909,2021,12,December,4,Wednesday,False,51
2021-12-22,LA PIAZZA,GALITOS,614.5899188849207,476.75,-137.8399188849207,-22.427949865336245,61.0,7.815573770491803,2021,12,December,4,Wednesday,False,51
2021-12-22,CARREFOUR,CHICKEN INN,1360.4252853768794,1482.5,122.0747146231206,8.973275925939745,153.0,9.68954248366013,2021,12,December,4,Wednesday,False,51
2021-12-22,CARREFOUR,PIZZA INN,3667.786729854766,3012.0,-655.7867298547658,-17.879630909748485,220.0,13.690909090909091,2021,12,December,4,Wednesday,False,51
2021-12-22,CARREFOUR,CREAMY INN,1041.6439621726877,652.75,-388.89396217268745,-37.3346341259947,182.0,3.5865384615384617,2021,12,December,4,Wednesday,False,51
2021-12-22,CARREFOUR,GALITOS,1141.937868406294,562.75,-579.187868406294,-50.71973567306402,62.0,9.076612903225806,2021,12,December,4,Wednesday,False,51
2021-12-22,KIN ALILAC,CHICKEN INN,277.04133574837243,689.25,412.2086642516276,148.78958879480106,87.0,7.922413793103448,2021,12,December,4,Wednesday,False,51
2021-12-22,KIN ALILAC,PIZZA INN,608.7264065824676,1139.25,530.5235934175324,87.15304407377626,70.0,16.275,2021,12,December,4,Wednesday,False,51
2021-12-22,KIN ALILAC,CREAMY INN,138.04773700819658,101.0,-37.04773700819658,-26.83690280703179,28.0,3.607142857142857,2021,12,December,4,Wednesday,False,51
2021-12-22,JUNCTION,CHICKEN INN,2355.697808477674,1977.75,-377.9478084776738,-16.04398523093739,232.0,8.524784482758621,2021,12,December,4,Wednesday,False,51
2021-12-22,JUNCTION,PIZZA INN,5641.6760599955005,4643.75,-997.9260599955004,-17.68846791951923,301.0,15.427740863787376,2021,12,December,4,Wednesday,False,51
2021-12-22,JUNCTION,CREAMY INN,476.8986384565735,374.0,-102.89863845657352,-21.57662659503346,79.0,4.734177215189874,2021,12,December,4,Wednesday,False,51
2021-12-22,JUNCTION,GALITOS,1151.5119870502012,1483.75,332.2380129497988,28.8523277817441,157.0,9.45063694267516,2021,12,December,4,Wednesday,False,51
2021-12-22,Bon Marche,CHICKEN INN,1293.21689903513,506.0,-787.2168990351299,-60.87276617112513,66.0,7.666666666666667,2021,12,December,4,Wednesday,False,51
2021-12-22,Bon Marche,PIZZA INN,2725.726617670777,1490.75,-1234.9766176707772,-45.30816148855402,98.0,15.21173469387755,2021,12,December,4,Wednesday,False,51
2021-12-22,Bon Marche,CREAMY INN,580.4499626315692,181.0,-399.4499626315692,-68.81729491730768,41.0,4.414634146341464,2021,12,December,4,Wednesday,False,51
2021-12-22,Bon Marche,GALITOS,520.3949463877158,466.25,-54.14494638771578,-10.40458727809696,44.0,10.596590909090908,2021,12,December,4,Wednesday,False,51
2021-12-22,OASIS,CHICKEN INN,778.1705538500692,665.5,-112.67055385006915,-14.478902252548805,71.0,9.373239436619718,2021,12,December,4,Wednesday,False,51
2021-12-22,OASIS,PIZZA INN,2057.9348110304286,1872.5,-185.4348110304286,-9.010723276388893,146.0,12.825342465753424,2021,12,December,4,Wednesday,False,51
2021-12-22,OASIS,CREAMY INN,40.99581953027108,116.5,75.50418046972892,184.17531673925208,32.0,3.640625,2021,12,December,4,Wednesday,False,51
2021-12-23,LA PIAZZA,CHICKEN INN,900.2206973143049,1067.5,167.27930268569514,18.58203251544337,163.0,6.549079754601227,2021,12,December,4,Thursday,False,51
2021-12-23,LA PIAZZA,PIZZA INN,1658.7045808859093,3985.0,2326.2954191140907,140.2477237912747,300.0,13.283333333333331,2021,12,December,4,Thursday,False,51
2021-12-23,LA PIAZZA,CREAMY INN,410.77407886227775,560.25,149.47592113772225,36.38883971250722,137.0,4.089416058394161,2021,12,December,4,Thursday,False,51
2021-12-23,LA PIAZZA,GALITOS,532.9702639854559,685.25,152.27973601454414,28.571900967949627,101.0,6.784653465346534,2021,12,December,4,Thursday,False,51
2021-12-23,CARREFOUR,CHICKEN INN,1203.2764847539124,1562.75,359.4735152460876,29.87455666264476,206.0,7.586165048543689,2021,12,December,4,Thursday,False,51
2021-12-23,CARREFOUR,PIZZA INN,2708.5830469054986,5043.0,2334.4169530945014,86.18591022200799,288.0,17.510416666666668,2021,12,December,4,Thursday,False,51
2021-12-23,CARREFOUR,CREAMY INN,855.4105512271359,695.75,-159.6605512271359,-18.664786282808134,188.0,3.700797872340425,2021,12,December,4,Thursday,False,51
2021-12-23,CARREFOUR,GALITOS,930.7045840697552,808.25,-122.45458406975511,-13.157191461794424,78.0,10.362179487179487,2021,12,December,4,Thursday,False,51
2021-12-23,KIN ALILAC,CHICKEN INN,256.3466180523196,698.0,441.6533819476804,172.2875789442013,84.0,8.30952380952381,2021,12,December,4,Thursday,False,51
2021-12-23,KIN ALILAC,PIZZA INN,463.58622667124496,2118.5,1654.913773328755,356.9807897900183,145.0,14.610344827586207,2021,12,December,4,Thursday,False,51
2021-12-23,KIN ALILAC,CREAMY INN,114.65975546300014,106.0,-8.659755463000138,-7.552567531678172,25.0,4.24,2021,12,December,4,Thursday,False,51
2021-12-23,JUNCTION,CHICKEN INN,2027.2715498208267,2482.75,455.4784501791733,22.46755991911538,219.0,11.33675799086758,2021,12,December,4,Thursday,False,51
2021-12-23,JUNCTION,PIZZA INN,6076.32240058881,6340.75,264.4275994111904,4.351770396277307,408.0,15.541053921568627,2021,12,December,4,Thursday,False,51
2021-12-23,JUNCTION,CREAMY INN,623.0562391134504,301.5,-321.5562391134504,-51.60950471678034,86.0,3.505813953488372,2021,12,December,4,Thursday,False,51
2021-12-23,JUNCTION,GALITOS,1207.0325330500596,1356.75,149.71746694994044,12.40376401219429,117.0,11.596153846153848,2021,12,December,4,Thursday,False,51
2021-12-23,Bon Marche,CHICKEN INN,812.6401229658552,533.25,-279.3901229658552,-34.38054743669042,58.0,9.19396551724138,2021,12,December,4,Thursday,False,51
2021-12-23,Bon Marche,PIZZA INN,1967.1002256355832,2091.5,124.39977436441676,6.3240181025459625,129.0,16.213178294573645,2021,12,December,4,Thursday,False,51
2021-12-23,Bon Marche,CREAMY INN,431.677555895892,220.75,-210.92755589589197,-48.8622938614769,57.0,3.87280701754386,2021,12,December,4,Thursday,False,51
2021-12-23,Bon Marche,GALITOS,548.9228319309597,332.75,-216.1728319309597,-39.38127899882085,34.0,9.786764705882351,2021,12,December,4,Thursday,False,51
2021-12-23,OASIS,CHICKEN INN,1213.290231448568,979.75,-233.540231448568,-19.248505048107106,111.0,8.826576576576576,2021,12,December,4,Thursday,False,51
2021-12-23,OASIS,PIZZA INN,3341.5465256410325,3135.25,-206.29652564103253,-6.173684072869738,229.0,13.691048034934498,2021,12,December,4,Thursday,False,51
2021-12-23,OASIS,CREAMY INN,149.07570738280393,138.5,-10.575707382803929,-7.094185611105037,45.0,3.077777777777778,2021,12,December,4,Thursday,False,51
2021-12-24,LA PIAZZA,CHICKEN INN,952.0303464318488,1724.5,772.4696535681512,81.1391838992654,206.0,8.37135922330097,2021,12,December,4,Friday,False,51
2021-12-24,LA PIAZZA,PIZZA INN,1865.88273574181,2793.75,927.86726425819,49.72805881551299,213.0,13.116197183098592,2021,12,December,4,Friday,False,51
2021-12-24,LA PIAZZA,CREAMY INN,431.66659410536505,623.5,191.83340589463492,44.44017871992442,126.0,4.948412698412699,2021,12,December,4,Friday,False,51
2021-12-24,LA PIAZZA,GALITOS,1269.4954614404903,1418.0,148.50453855950968,11.697918036745268,131.0,10.82442748091603,2021,12,December,4,Friday,False,51
2021-12-24,CARREFOUR,CHICKEN INN,1184.58843381208,1517.0,332.41156618792,28.061355041108985,186.0,8.155913978494624,2021,12,December,4,Friday,False,51
2021-12-24,CARREFOUR,PIZZA INN,3337.908458167008,4753.0,1415.091541832992,42.39455813626719,278.0,17.097122302158272,2021,12,December,4,Friday,False,51
2021-12-24,CARREFOUR,CREAMY INN,816.0409461432345,1033.25,217.20905385676556,26.617420961942788,209.0,4.94377990430622,2021,12,December,4,Friday,False,51
2021-12-24,CARREFOUR,GALITOS,1502.934584204169,1375.75,-127.18458420416891,-8.462416497755653,102.0,13.487745098039216,2021,12,December,4,Friday,False,51
2021-12-24,KIN ALILAC,CHICKEN INN,271.0999206295461,726.75,455.6500793704539,168.07458973515998,91.0,7.986263736263736,2021,12,December,4,Friday,False,51
2021-12-24,KIN ALILAC,PIZZA INN,521.4898100851525,1819.75,1298.2601899148476,248.95216834684817,119.0,15.292016806722687,2021,12,December,4,Friday,False,51
2021-12-24,KIN ALILAC,CREAMY INN,120.49150291749947,165.0,44.508497082500526,36.93911687115023,28.0,5.892857142857143,2021,12,December,4,Friday,False,51
2021-12-24,JUNCTION,CHICKEN INN,1868.7923913397133,2087.25,218.4576086602865,11.689774084732708,219.0,9.530821917808218,2021,12,December,4,Friday,False,51
2021-12-24,JUNCTION,PIZZA INN,6317.23117314297,7689.5,1372.26882685703,21.722631153519973,383.0,20.07702349869452,2021,12,December,4,Friday,False,51
2021-12-24,JUNCTION,CREAMY INN,571.9034339850688,313.5,-258.4034339850688,-45.183053401951625,83.0,3.77710843373494,2021,12,December,4,Friday,False,51
2021-12-24,JUNCTION,GALITOS,1381.0497872267576,2227.0,845.9502127732424,61.25414308719226,199.0,11.190954773869349,2021,12,December,4,Friday,False,51
2021-12-24,Bon Marche,CHICKEN INN,749.1131017106121,626.25,-122.86310171061211,-16.401141754169323,70.0,8.946428571428571,2021,12,December,4,Friday,False,51
2021-12-24,Bon Marche,PIZZA INN,2045.0901132035897,2275.25,230.15988679641032,11.254266269757167,131.0,17.36832061068702,2021,12,December,4,Friday,False,51
2021-12-24,Bon Marche,CREAMY INN,396.23690622603465,217.25,-178.98690622603465,-45.17168981829547,47.0,4.622340425531915,2021,12,December,4,Friday,False,51
2021-12-24,Bon Marche,GALITOS,628.060751872643,652.0,23.93924812735702,3.811613455542176,46.0,14.173913043478262,2021,12,December,4,Friday,False,51
2021-12-24,OASIS,CHICKEN INN,851.6364124590909,804.5,-47.13641245909093,-5.534804732337014,82.0,9.810975609756095,2021,12,December,4,Friday,False,51
2021-12-24,OASIS,PIZZA INN,1977.5387482257304,2386.75,409.2112517742694,20.692957452359312,167.0,14.29191616766467,2021,12,December,4,Friday,False,51
2021-12-24,OASIS,CREAMY INN,87.2092888189403,153.0,65.7907111810597,75.44002717147619,32.0,4.78125,2021,12,December,4,Friday,False,51
2021-12-25,LA PIAZZA,CHICKEN INN,2774.7366611978773,3146.75,372.0133388021227,13.407158380266663,272.0,11.568933823529411,2021,12,December,4,Saturday,True,51
2021-12-25,LA PIAZZA,PIZZA INN,5028.491510830524,6447.75,1419.258489169476,28.22433897149139,352.0,18.31747159090909,2021,12,December,4,Saturday,True,51
2021-12-25,LA PIAZZA,CREAMY INN,1932.6837210188223,1703.25,-229.43372101882235,-11.871250247706095,260.0,6.5509615384615385,2021,12,December,4,Saturday,True,51
2021-12-25,LA PIAZZA,GALITOS,1838.114924951784,1655.5,-182.6149249517839,-9.934902462998831,141.0,11.74113475177305,2021,12,December,4,Saturday,True,51
2021-12-25,CARREFOUR,CHICKEN INN,4388.142506494455,4781.75,393.6074935055449,8.96979742392152,433.0,11.043302540415704,2021,12,December,4,Saturday,True,51
2021-12-25,CARREFOUR,PIZZA INN,10190.672670150883,11804.0,1613.327329849115,15.831411547293156,661.0,17.857791225416037,2021,12,December,4,Saturday,True,51
2021-12-25,CARREFOUR,CREAMY INN,4688.889183110685,4466.75,-222.13918311068483,-4.737565219302413,509.0,8.775540275049115,2021,12,December,4,Saturday,True,51
2021-12-25,CARREFOUR,GALITOS,3185.3956521873138,2339.25,-846.1456521873138,-26.563282699475383,205.0,11.410975609756097,2021,12,December,4,Saturday,True,51
2021-12-25,KIN ALILAC,CHICKEN INN,790.1333097605044,1711.0,920.8666902394956,116.5457371387896,157.0,10.898089171974522,2021,12,December,4,Saturday,True,51
2021-12-25,KIN ALILAC,PIZZA INN,1405.3975808695575,4077.0,2671.6024191304423,190.0958458657265,197.0,20.695431472081214,2021,12,December,4,Saturday,True,51
2021-12-25,KIN ALILAC,CREAMY INN,539.4718270761107,638.88,99.40817292388932,18.426944269299987,100.0,6.3888,2021,12,December,4,Saturday,True,51
2021-12-25,JUNCTION,CHICKEN INN,8101.07505217821,7888.0,-213.07505217821017,-2.6302071120908668,698.0,11.300859598853869,2021,12,December,4,Saturday,True,51
2021-12-25,JUNCTION,PIZZA INN,18373.190260952437,16376.25,-1996.9402609524327,-10.8687725571341,787.0,20.808449809402795,2021,12,December,4,Saturday,True,51
2021-12-25,JUNCTION,CREAMY INN,3138.191623204862,2079.5,-1058.691623204862,-33.73572268106683,439.0,4.736902050113895,2021,12,December,4,Saturday,True,51
2021-12-25,JUNCTION,GALITOS,3561.4923272660444,3568.25,6.757672733955587,0.1897427289740385,393.0,9.079516539440204,2021,12,December,4,Saturday,True,51
2021-12-25,Bon Marche,CHICKEN INN,3247.349190659515,3200.0,-47.34919065951499,-1.4580874393091887,275.0,11.636363636363637,2021,12,December,4,Saturday,True,51
2021-12-25,Bon Marche,PIZZA INN,5947.99030157827,7169.75,1221.7596984217298,20.54071436696092,337.0,21.275222551928785,2021,12,December,4,Saturday,True,51
2021-12-25,Bon Marche,CREAMY INN,2174.261013364744,1876.0,-298.2610133647436,-13.717810857638218,455.0,4.123076923076923,2021,12,December,4,Saturday,True,51
2021-12-25,Bon Marche,GALITOS,1619.6617743543306,1962.75,343.0882256456693,21.18270808622619,147.0,13.35204081632653,2021,12,December,4,Saturday,True,51
2021-12-25,OASIS,CHICKEN INN,2770.5772514913115,3046.75,276.1727485086885,9.968058041335384,361.0,8.439750692520775,2021,12,December,4,Saturday,True,51
2021-12-25,OASIS,PIZZA INN,6427.256427695928,7392.75,965.4935723040716,15.021861709821124,502.0,14.726593625498008,2021,12,December,4,Saturday,True,51
2021-12-25,OASIS,CREAMY INN,1267.888891290747,1331.0,63.11110870925268,4.977652942838213,304.0,4.378289473684211,2021,12,December,4,Saturday,True,51
2021-12-26,LA PIAZZA,CHICKEN INN,1744.4077544078582,1943.5,199.0922455921418,11.413171323566145,195.0,9.966666666666669,2021,12,December,4,Sunday,True,51
2021-12-26,LA PIAZZA,PIZZA INN,2882.3482062718845,3788.0,905.6517937281156,31.420624050815597,266.0,14.240601503759398,2021,12,December,4,Sunday,True,51
2021-12-26,LA PIAZZA,CREAMY INN,620.6236788702788,833.75,213.1263211297212,34.340668650876324,184.0,4.53125,2021,12,December,4,Sunday,True,51
2021-12-26,LA PIAZZA,GALITOS,1138.854593223438,1113.5,-25.354593223438087,-2.226324007850196,121.0,9.202479338842975,2021,12,December,4,Sunday,True,51
2021-12-26,CARREFOUR,CHICKEN INN,2501.661235532017,2409.5,-92.16123553201714,-3.684001423654695,277.0,8.6985559566787,2021,12,December,4,Sunday,True,51
2021-12-26,CARREFOUR,PIZZA INN,6224.767912953006,7428.25,1203.482087046994,19.33376639702004,460.0,16.14836956521739,2021,12,December,4,Sunday,True,51
2021-12-26,CARREFOUR,CREAMY INN,1592.192171093344,1711.25,119.05782890665614,7.477604215633105,271.0,6.314575645756458,2021,12,December,4,Sunday,True,51
2021-12-26,CARREFOUR,GALITOS,1943.056075914981,1993.75,50.69392408501904,2.608978953998915,131.0,15.219465648854962,2021,12,December,4,Sunday,True,51
2021-12-26,KIN ALILAC,CHICKEN INN,496.7371108893412,1486.25,989.5128891106588,199.202529349794,143.0,10.393356643356643,2021,12,December,4,Sunday,True,51
2021-12-26,KIN ALILAC,PIZZA INN,805.5786089314015,2861.25,2055.6713910685985,255.1794906515011,184.0,15.550271739130435,2021,12,December,4,Sunday,True,51
2021-12-26,KIN ALILAC,CREAMY INN,173.23527193075893,331.0,157.76472806924107,91.0696339786384,64.0,5.171875,2021,12,December,4,Sunday,True,51
2021-12-26,JUNCTION,CHICKEN INN,4366.608564914851,4121.5,-245.10856491485083,-5.61324793076868,392.0,10.514030612244898,2021,12,December,4,Sunday,True,51
2021-12-26,JUNCTION,PIZZA INN,12508.863674704053,11006.25,-1502.6136747040528,-12.012391483190443,591.0,18.623096446700508,2021,12,December,4,Sunday,True,51
2021-12-26,JUNCTION,CREAMY INN,1083.864823949531,884.5,-199.364823949531,-18.393882663620257,224.0,3.9486607142857135,2021,12,December,4,Sunday,True,51
2021-12-26,JUNCTION,GALITOS,2472.9485708862544,1852.0,-620.9485708862544,-25.10964353228417,173.0,10.705202312138727,2021,12,December,4,Sunday,True,51
2021-12-26,Bon Marche,CHICKEN INN,1750.37296875684,1567.5,-182.87296875684,-10.447657271965364,140.0,11.196428571428571,2021,12,December,4,Sunday,True,51
2021-12-26,Bon Marche,PIZZA INN,4049.519912664723,3538.5,-511.0199126647231,-12.61927151084076,191.0,18.52617801047121,2021,12,December,4,Sunday,True,51
2021-12-26,Bon Marche,CREAMY INN,750.9436367892142,583.75,-167.19363678921422,-22.264472138558723,153.0,3.815359477124183,2021,12,December,4,Sunday,True,51
2021-12-26,Bon Marche,GALITOS,1124.6241468905,1332.25,207.6258531095,18.46179932056142,98.0,13.59438775510204,2021,12,December,4,Sunday,True,51
2021-12-26,OASIS,CHICKEN INN,1348.5556964411448,1144.0,-204.55569644114485,-15.168501900290057,108.0,10.592592592592592,2021,12,December,4,Sunday,True,51
2021-12-26,OASIS,PIZZA INN,4607.443853531957,4745.25,137.80614646804315,2.990945757535477,306.0,15.507352941176473,2021,12,December,4,Sunday,True,51
2021-12-26,OASIS,CREAMY INN,420.3934948195071,299.0,-121.39349481950704,-28.876159197379224,92.0,3.25,2021,12,December,4,Sunday,True,51
2021-12-27,LA PIAZZA,CHICKEN INN,1185.757854142651,1430.75,244.992145857349,20.66122901918181,193.0,7.41321243523316,2021,12,December,4,Monday,False,52
2021-12-27,LA PIAZZA,PIZZA INN,2028.8765556286696,1921.0,-107.87655562866962,-5.317058612037778,149.0,12.89261744966443,2021,12,December,4,Monday,False,52
2021-12-27,LA PIAZZA,CREAMY INN,582.4271857971364,615.75,33.32281420286358,5.721369986748894,155.0,3.9725806451612895,2021,12,December,4,Monday,False,52
2021-12-27,LA PIAZZA,GALITOS,1020.77790569771,765.25,-255.5279056977099,-25.032664232975783,117.0,6.5405982905982905,2021,12,December,4,Monday,False,52
2021-12-27,CARREFOUR,CHICKEN INN,1411.9280992034617,1155.5,-256.42809920346167,-18.161555064179645,151.0,7.652317880794702,2021,12,December,4,Monday,False,52
2021-12-27,CARREFOUR,PIZZA INN,3161.625718632468,3128.75,-32.87571863246785,-1.039835880595251,219.0,14.286529680365296,2021,12,December,4,Monday,False,52
2021-12-27,CARREFOUR,CREAMY INN,739.159293508374,790.75,51.59070649162595,6.97964659914561,189.0,4.1838624338624335,2021,12,December,4,Monday,False,52
2021-12-27,CARREFOUR,GALITOS,1184.4063970239151,726.5,-457.90639702391513,-38.66125665772381,189.0,3.843915343915344,2021,12,December,4,Monday,False,52
2021-12-27,KIN ALILAC,CHICKEN INN,337.65610660284267,520.25,182.59389339715733,54.07688172271904,65.0,8.003846153846155,2021,12,December,4,Monday,False,52
2021-12-27,KIN ALILAC,PIZZA INN,567.0444500149008,1096.75,529.7055499850992,93.41517229754731,67.0,16.369402985074625,2021,12,December,4,Monday,False,52
2021-12-27,KIN ALILAC,CREAMY INN,162.57344884922253,84.0,-78.57344884922253,-48.33104630885629,20.0,4.2,2021,12,December,4,Monday,False,52
2021-12-27,JUNCTION,CHICKEN INN,2581.169030650706,2035.75,-545.4190306507062,-21.130697919198557,221.0,9.211538461538462,2021,12,December,4,Monday,False,52
2021-12-27,JUNCTION,PIZZA INN,5444.032984726131,4981.75,-462.28298472613096,-8.491553707024181,318.0,15.665880503144654,2021,12,December,4,Monday,False,52
2021-12-27,JUNCTION,CREAMY INN,562.4265054474716,484.0,-78.42650544747164,-13.94431177902521,84.0,5.761904761904762,2021,12,December,4,Monday,False,52
2021-12-27,JUNCTION,GALITOS,1285.8637768632866,1213.5,-72.3637768632866,-5.627639425368177,128.0,9.48046875,2021,12,December,4,Monday,False,52
2021-12-27,Bon Marche,CHICKEN INN,1034.6722019795684,567.25,-467.4222019795684,-45.17587319783803,56.0,10.129464285714286,2021,12,December,4,Monday,False,52
2021-12-27,Bon Marche,PIZZA INN,1762.4078853328465,1807.0,44.59211466715351,2.5301812956160195,121.0,14.93388429752066,2021,12,December,4,Monday,False,52
2021-12-27,Bon Marche,CREAMY INN,389.6709221435528,241.0,-148.6709221435528,-38.15294231494727,61.0,3.950819672131148,2021,12,December,4,Monday,False,52
2021-12-27,Bon Marche,GALITOS,584.7729589273313,286.0,-298.7729589273313,-51.092129751584366,26.0,11.0,2021,12,December,4,Monday,False,52
2021-12-27,OASIS,CHICKEN INN,577.3218331035156,603.5,26.178166896484413,4.534414843755023,59.0,10.228813559322036,2021,12,December,4,Monday,False,52
2021-12-27,OASIS,PIZZA INN,2271.188774232721,2350.0,78.81122576727876,3.4700429423311,189.0,12.433862433862434,2021,12,December,4,Monday,False,52
2021-12-27,OASIS,CREAMY INN,136.4042722552656,162.0,25.595727744734404,18.764608557739905,45.0,3.6,2021,12,December,4,Monday,False,52
2021-12-28,LA PIAZZA,CHICKEN INN,1183.173947497099,1282.25,99.07605250290068,8.373752034727215,200.0,6.41125,2021,12,December,4,Tuesday,False,52
2021-12-28,LA PIAZZA,PIZZA INN,5157.902602201421,4774.5,-383.40260220142136,-7.433304421797011,300.0,15.915,2021,12,December,4,Tuesday,False,52
2021-12-28,LA PIAZZA,CREAMY INN,497.1090784971273,756.25,259.1409215028727,52.12958940245349,174.0,4.346264367816092,2021,12,December,4,Tuesday,False,52
2021-12-28,LA PIAZZA,GALITOS,677.4298301791991,1001.0,323.57016982080086,47.76438169768926,127.0,7.881889763779528,2021,12,December,4,Tuesday,False,52
2021-12-28,CARREFOUR,CHICKEN INN,1356.5912309323833,1587.75,231.15876906761676,17.03967737641512,196.0,8.10076530612245,2021,12,December,4,Tuesday,False,52
2021-12-28,CARREFOUR,PIZZA INN,8320.944039699503,8293.75,-27.194039699503264,-0.326814356276879,450.0,18.43055555555556,2021,12,December,4,Tuesday,False,52
2021-12-28,CARREFOUR,CREAMY INN,943.416319830702,1071.25,127.83368016929796,13.55008149448146,225.0,4.761111111111111,2021,12,December,4,Tuesday,False,52
2021-12-28,CARREFOUR,GALITOS,869.5571089514168,837.75,-31.807108951416808,-3.657851637803574,91.0,9.206043956043956,2021,12,December,4,Tuesday,False,52
2021-12-28,KIN ALILAC,CHICKEN INN,336.9203140000663,606.5,269.5796859999337,80.01289171298845,78.0,7.7756410256410255,2021,12,December,4,Tuesday,False,52
2021-12-28,KIN ALILAC,PIZZA INN,1441.5662875997211,2539.0,1097.4337124002789,76.12787020897666,173.0,14.676300578034684,2021,12,December,4,Tuesday,False,52
2021-12-28,KIN ALILAC,CREAMY INN,138.75852521363234,129.75,-9.00852521363234,-6.4922318825188094,27.0,4.805555555555555,2021,12,December,4,Tuesday,False,52
2021-12-28,JUNCTION,CHICKEN INN,2763.94832676559,2162.25,-601.6983267655901,-21.769521555046783,231.0,9.36038961038961,2021,12,December,4,Tuesday,False,52
2021-12-28,JUNCTION,PIZZA INN,7748.074770484892,7027.75,-720.3247704848918,-9.296822653659191,424.0,16.5748820754717,2021,12,December,4,Tuesday,False,52
2021-12-28,JUNCTION,CREAMY INN,613.9843880381959,484.0,-129.9843880381959,-21.17063406995124,92.0,5.260869565217392,2021,12,December,4,Tuesday,False,52
2021-12-28,JUNCTION,GALITOS,1573.0794928271243,1354.5,-218.57949282712437,-13.895006185243394,112.0,12.09375,2021,12,December,4,Tuesday,False,52
2021-12-28,Bon Marche,CHICKEN INN,1107.9400331606153,396.75,-711.1900331606153,-64.1903001854538,57.0,6.9605263157894735,2021,12,December,4,Tuesday,False,52
2021-12-28,Bon Marche,PIZZA INN,2508.3000249929614,2308.5,-199.80002499296145,-7.965555276567128,153.0,15.088235294117649,2021,12,December,4,Tuesday,False,52
2021-12-28,Bon Marche,CREAMY INN,425.3922252085858,277.0,-148.39222520858578,-34.88362419783847,69.0,4.0144927536231885,2021,12,December,4,Tuesday,False,52
2021-12-28,Bon Marche,GALITOS,715.3902040015445,298.0,-417.3902040015445,-58.3444114368448,27.0,11.037037037037036,2021,12,December,4,Tuesday,False,52
2021-12-28,OASIS,CHICKEN INN,878.7525662804468,804.5,-74.25256628044679,-8.449769494812456,100.0,8.045,2021,12,December,4,Tuesday,False,52
2021-12-28,OASIS,PIZZA INN,2602.311541377495,2924.0,321.6884586225051,12.361642851271531,213.0,13.727699530516432,2021,12,December,4,Tuesday,False,52
2021-12-28,OASIS,CREAMY INN,55.15801173163746,168.5,113.34198826836254,205.48599325844083,53.0,3.179245283018868,2021,12,December,4,Tuesday,False,52
2021-12-29,LA PIAZZA,CHICKEN INN,772.6886582367007,1222.0,449.3113417632993,58.14907944794241,186.0,6.56989247311828,2021,12,December,4,Wednesday,False,52
2021-12-29,LA PIAZZA,PIZZA INN,1076.6415809829073,2096.75,1020.1084190170928,94.74911958033394,189.0,11.093915343915343,2021,12,December,4,Wednesday,False,52
2021-12-29,LA PIAZZA,CREAMY INN,399.5714550412659,483.5,83.92854495873411,21.00463982094676,120.0,4.029166666666667,2021,12,December,4,Wednesday,False,52
2021-12-29,LA PIAZZA,GALITOS,552.9570052818666,756.25,203.2929947181334,36.76470191647287,101.0,7.487623762376238,2021,12,December,4,Wednesday,False,52
2021-12-29,CARREFOUR,CHICKEN INN,1186.5094136677758,1314.25,127.7405863322242,10.766082835984289,168.0,7.822916666666667,2021,12,December,4,Wednesday,False,52
2021-12-29,CARREFOUR,PIZZA INN,6553.787799658476,3246.75,-3307.037799658476,-50.45994622881761,228.0,14.240131578947368,2021,12,December,4,Wednesday,False,52
2021-12-29,CARREFOUR,CREAMY INN,643.1182617480234,843.0,199.88173825197657,31.080090574428613,177.0,4.762711864406779,2021,12,December,4,Wednesday,False,52
2021-12-29,CARREFOUR,GALITOS,720.5522133885875,819.25,98.69778661141254,13.69752042634913,74.0,11.070945945945946,2021,12,December,4,Wednesday,False,52
2021-12-29,KIN ALILAC,CHICKEN INN,220.03062686438787,643.5,423.46937313561216,192.4592858596046,71.0,9.06338028169014,2021,12,December,4,Wednesday,False,52
2021-12-29,KIN ALILAC,PIZZA INN,300.9072343302103,1039.75,738.8427656697897,245.53838571358395,72.0,14.44097222222222,2021,12,December,4,Wednesday,False,52
2021-12-29,KIN ALILAC,CREAMY INN,111.53275652621512,72.5,-39.03275652621511,-34.996675184873325,17.0,4.264705882352941,2021,12,December,4,Wednesday,False,52
2021-12-29,JUNCTION,CHICKEN INN,1596.4441624185465,2465.5,869.0558375814537,54.436970489770864,212.0,11.629716981132075,2021,12,December,4,Wednesday,False,52
2021-12-29,JUNCTION,PIZZA INN,3862.900587281269,5382.0,1519.099412718731,39.32535612540528,322.0,16.714285714285715,2021,12,December,4,Wednesday,False,52
2021-12-29,JUNCTION,CREAMY INN,423.9747969812055,560.5,136.5252030187945,32.20125441202737,94.0,5.962765957446808,2021,12,December,4,Wednesday,False,52
2021-12-29,JUNCTION,GALITOS,1459.6351543362714,1157.0,-302.6351543362714,-20.73361644087603,112.0,10.330357142857142,2021,12,December,4,Wednesday,False,52
2021-12-29,Bon Marche,CHICKEN INN,639.9411961217477,605.0,-34.94119612174768,-5.460063570450336,59.0,10.254237288135592,2021,12,December,4,Wednesday,False,52
2021-12-29,Bon Marche,PIZZA INN,1250.5446742115723,1761.5,510.9553257884277,40.858622352741484,108.0,16.310185185185187,2021,12,December,4,Wednesday,False,52
2021-12-29,Bon Marche,CREAMY INN,293.7462024017677,376.75,83.00379759823232,28.256977254366312,75.0,5.023333333333333,2021,12,December,4,Wednesday,False,52
2021-12-29,Bon Marche,GALITOS,663.7990613886959,451.25,-212.54906138869592,-32.020090679856374,29.0,15.560344827586206,2021,12,December,4,Wednesday,False,52
2021-12-29,OASIS,CHICKEN INN,685.1558401605349,905.5,220.34415983946508,32.15971417361596,96.0,9.432291666666666,2021,12,December,4,Wednesday,False,52
2021-12-29,OASIS,PIZZA INN,1899.527314402528,1965.25,65.72268559747204,3.4599494884412474,155.0,12.679032258064517,2021,12,December,4,Wednesday,False,52
2021-12-29,OASIS,CREAMY INN,95.4084527249945,141.5,46.091547275005496,48.30971046963717,39.0,3.628205128205128,2021,12,December,4,Wednesday,False,52
2021-12-30,LA PIAZZA,CHICKEN INN,814.1781532669216,1344.5,530.3218467330784,65.13584829132803,164.0,8.198170731707316,2021,12,December,4,Thursday,False,52
2021-12-30,LA PIAZZA,PIZZA INN,4125.934516378823,3783.75,-342.184516378823,-8.29350332683286,279.0,13.561827956989248,2021,12,December,4,Thursday,False,52
2021-12-30,LA PIAZZA,CREAMY INN,443.47431088595135,652.0,208.52568911404865,47.02091733283631,146.0,4.465753424657534,2021,12,December,4,Thursday,False,52
2021-12-30,LA PIAZZA,GALITOS,647.9391700542528,688.25,40.31082994574717,6.221391113362061,98.0,7.0229591836734695,2021,12,December,4,Thursday,False,52
2021-12-30,CARREFOUR,CHICKEN INN,1318.9779710418418,1295.0,-23.977971041841784,-1.817920508778621,179.0,7.23463687150838,2021,12,December,4,Thursday,False,52
2021-12-30,CARREFOUR,PIZZA INN,2816.647255213285,5418.5,2601.8527447867154,92.37410683822728,341.0,15.890029325513195,2021,12,December,4,Thursday,False,52
2021-12-30,CARREFOUR,CREAMY INN,705.903706361471,892.5,186.596293638529,26.43367529550538,202.0,4.4183168316831685,2021,12,December,4,Thursday,False,52
2021-12-30,CARREFOUR,GALITOS,827.3825129944671,963.5,136.1174870055329,16.45157890911856,89.0,10.825842696629213,2021,12,December,4,Thursday,False,52
2021-12-30,KIN ALILAC,CHICKEN INN,231.84516497423795,576.75,344.90483502576205,148.76516189763413,64.0,9.01171875,2021,12,December,4,Thursday,False,52
2021-12-30,KIN ALILAC,PIZZA INN,1153.1447106266053,1616.25,463.1052893733947,40.16020583589624,127.0,12.726377952755906,2021,12,December,4,Thursday,False,52
2021-12-30,KIN ALILAC,CREAMY INN,123.7874020219128,145.0,21.212597978087203,17.13631406072498,29.0,5.0,2021,12,December,4,Thursday,False,52
2021-12-30,JUNCTION,CHICKEN INN,1705.8614558501342,1967.25,261.38854414986577,15.322964432630314,216.0,9.10763888888889,2021,12,December,4,Thursday,False,52
2021-12-30,JUNCTION,PIZZA INN,4645.185890204622,6154.25,1509.0641097953776,32.48662476516957,388.0,15.86146907216495,2021,12,December,4,Thursday,False,52
2021-12-30,JUNCTION,CREAMY INN,523.3789221588636,457.0,-66.37892215886359,-12.682765649992168,82.0,5.573170731707317,2021,12,December,4,Thursday,False,52
2021-12-30,JUNCTION,GALITOS,1271.6822431136086,1279.25,7.567756886391407,0.5950981015400815,108.0,11.844907407407408,2021,12,December,4,Thursday,False,52
2021-12-30,Bon Marche,CHICKEN INN,683.8015673663868,639.75,-44.05156736638685,-6.442156536149563,64.0,9.99609375,2021,12,December,4,Thursday,False,52
2021-12-30,Bon Marche,PIZZA INN,1503.7954885104994,2205.0,701.2045114895006,46.6289809250618,139.0,15.863309352517986,2021,12,December,4,Thursday,False,52
2021-12-30,Bon Marche,CREAMY INN,362.6172402132474,346.25,-16.367240213247385,-4.513640940960823,74.0,4.679054054054054,2021,12,December,4,Thursday,False,52
2021-12-30,Bon Marche,GALITOS,578.3236152237884,574.25,-4.073615223788352,-0.7043833446455449,52.0,11.04326923076923,2021,12,December,4,Thursday,False,52
2021-12-30,OASIS,CHICKEN INN,706.596519926258,832.75,126.153480073742,17.853679789833617,94.0,8.85904255319149,2021,12,December,4,Thursday,False,52
2021-12-30,OASIS,PIZZA INN,3553.437843711042,2846.75,-706.6878437110422,-19.88744069244816,211.0,13.49170616113744,2021,12,December,4,Thursday,False,52
2021-12-30,OASIS,CREAMY INN,105.84375224179078,125.0,19.15624775820922,18.098609839953944,45.0,2.7777777777777777,2021,12,December,4,Thursday,False,52
2021-12-31,LA PIAZZA,CHICKEN INN,1015.79249784693,1300.75,284.95750215307,28.05272757547086,185.0,7.031081081081081,2021,12,December,4,Friday,False,52
2021-12-31,LA PIAZZA,PIZZA INN,4791.493398160729,2838.5,-1952.9933981607287,-40.759596974722086,201.0,14.121890547263682,2021,12,December,4,Friday,False,52
2021-12-31,LA PIAZZA,CREAMY INN,570.7119137742628,445.5,-125.21191377426284,-21.9396004800749,107.0,4.163551401869159,2021,12,December,4,Friday,False,52
2021-12-31,LA PIAZZA,GALITOS,768.1447353975728,869.75,101.60526460242716,13.22735936604952,97.0,8.966494845360824,2021,12,December,4,Friday,False,52
2021-12-31,CARREFOUR,CHICKEN INN,1381.2635689143883,1681.5,300.2364310856117,21.736360665878134,190.0,8.85,2021,12,December,4,Friday,False,52
2021-12-31,CARREFOUR,PIZZA INN,8401.909126415929,4699.5,-3702.4091264159288,-44.06628387321413,279.0,16.844086021505376,2021,12,December,4,Friday,False,52
2021-12-31,CARREFOUR,CREAMY INN,729.1921705173296,1001.75,272.5578294826704,37.37805211063946,197.0,5.08502538071066,2021,12,December,4,Friday,False,52
2021-12-31,CARREFOUR,GALITOS,1118.0913960970026,1385.5,267.40860390299736,23.916524609388706,103.0,13.451456310679612,2021,12,December,4,Friday,False,52
2021-12-31,KIN ALILAC,CHICKEN INN,289.2568147375797,740.75,451.4931852624203,156.08731143362172,88.0,8.417613636363637,2021,12,December,4,Friday,False,52
2021-12-31,KIN ALILAC,PIZZA INN,1339.1597094324893,2099.5,760.3402905675107,56.77741685416511,127.0,16.531496062992126,2021,12,December,4,Friday,False,52
2021-12-31,KIN ALILAC,CREAMY INN,159.30335393708577,95.25,-64.05335393708575,-40.20841517397215,18.0,5.291666666666667,2021,12,December,4,Friday,False,52
2021-12-31,JUNCTION,CHICKEN INN,2092.232618472017,1949.5,-142.73261847201684,-6.822024339542905,218.0,8.942660550458715,2021,12,December,4,Friday,False,52
2021-12-31,JUNCTION,PIZZA INN,8409.045255069506,6778.75,-1630.2952550695063,-19.387400181806143,385.0,17.607142857142858,2021,12,December,4,Friday,False,52
2021-12-31,JUNCTION,CREAMY INN,437.9075776045713,560.5,122.59242239542868,27.995044768585647,99.0,5.661616161616162,2021,12,December,4,Friday,False,52
2021-12-31,JUNCTION,GALITOS,1189.4880405141043,2076.0,886.5119594858957,74.5288669823649,163.0,12.736196319018404,2021,12,December,4,Friday,False,52
2021-12-31,Bon Marche,CHICKEN INN,838.6800340085382,681.25,-157.4300340085382,-18.77116750426128,61.0,11.168032786885243,2021,12,December,4,Friday,False,52
2021-12-31,Bon Marche,PIZZA INN,2722.277346084229,2687.5,-34.77734608422952,-1.2775092932486785,141.0,19.06028368794326,2021,12,December,4,Friday,False,52
2021-12-31,Bon Marche,CREAMY INN,303.39937383118183,314.0,10.600626168818168,3.493951234954292,70.0,4.485714285714286,2021,12,December,4,Friday,False,52
2021-12-31,Bon Marche,GALITOS,540.9441136578967,347.25,-193.69411365789665,-35.806677393737665,32.0,10.8515625,2021,12,December,4,Friday,False,52
2021-12-31,OASIS,CHICKEN INN,860.7802317709435,709.25,-151.5302317709435,-17.603823389297606,85.0,8.344117647058823,2021,12,December,4,Friday,False,52
2021-12-31,OASIS,PIZZA INN,3120.1166916450416,2790.75,-329.3666916450416,-10.55622991688132,195.0,14.31153846153846,2021,12,December,4,Friday,False,52
2021-12-31,OASIS,CREAMY INN,169.94630641639645,152.5,-17.446306416396453,-10.265775575992883,49.0,3.1122448979591835,2021,12,December,4,Friday,False,52
2022-01-01,LA PIAZZA,CHICKEN INN,2784.921231962196,3630.25,845.3287680378039,30.353776556983743,300.0,12.100833333333334,2022,1,January,1,Saturday,True,52
2022-01-01,LA PIAZZA,PIZZA INN,6185.9131318839045,7677.75,1491.8368681160955,24.11667988719008,386.0,19.890544041450777,2022,1,January,1,Saturday,True,52
2022-01-01,LA PIAZZA,CREAMY INN,1966.559360328856,2401.75,435.1906396711438,22.12954505468726,222.0,10.818693693693694,2022,1,January,1,Saturday,True,52
2022-01-01,LA PIAZZA,GALITOS,2136.770792084529,1974.25,-162.52079208452915,-7.605906664700419,182.0,10.847527472527473,2022,1,January,1,Saturday,True,52
2022-01-01,CARREFOUR,CHICKEN INN,4823.16930766251,6228.0,1404.8306923374903,29.12671321957645,481.0,12.948024948024948,2022,1,January,1,Saturday,True,52
2022-01-01,CARREFOUR,PIZZA INN,11994.987234774682,15445.75,3450.7627652253177,28.768373802193032,838.0,18.43168257756563,2022,1,January,1,Saturday,True,52
2022-01-01,CARREFOUR,CREAMY INN,5482.310884479635,5185.75,-296.5608844796352,-5.409413853548436,631.0,8.218304278922345,2022,1,January,1,Saturday,True,52
2022-01-01,CARREFOUR,GALITOS,2880.498044743565,3144.5,264.0019552564345,9.165149608005969,290.0,10.843103448275862,2022,1,January,1,Saturday,True,52
2022-01-01,KIN ALILAC,CHICKEN INN,1488.3389930359467,1733.0,244.66100696405329,16.438526982686138,180.0,9.627777777777778,2022,1,January,1,Saturday,True,52
2022-01-01,KIN ALILAC,PIZZA INN,4316.11989328507,4112.4,-203.7198932850706,-4.7199776262474495,233.0,17.64978540772532,2022,1,January,1,Saturday,True,52
2022-01-01,KIN ALILAC,CREAMY INN,1197.3738405404597,1160.5,-36.87384054045947,-3.0795595570900147,120.0,9.670833333333333,2022,1,January,1,Saturday,True,52
2022-01-01,JUNCTION,CHICKEN INN,6535.914982912749,5801.75,-734.1649829127491,-11.232780487997816,492.0,11.792174796747968,2022,1,January,1,Saturday,True,52
2022-01-01,JUNCTION,PIZZA INN,17525.537895554156,15851.5,-1674.0378955541564,-9.551991531049229,761.0,20.82982917214192,2022,1,January,1,Saturday,True,52
2022-01-01,JUNCTION,CREAMY INN,2020.7823146278583,1694.5,-326.28231462785834,-16.14633660765908,340.0,4.983823529411764,2022,1,January,1,Saturday,True,52
2022-01-01,JUNCTION,GALITOS,2611.8608855988077,2473.0,-138.86088559880727,-5.316549834811412,245.0,10.093877551020409,2022,1,January,1,Saturday,True,52
2022-01-01,Bon Marche,CHICKEN INN,2647.1141846585856,2747.5,100.3858153414144,3.792273711621615,254.0,10.816929133858268,2022,1,January,1,Saturday,True,52
2022-01-01,Bon Marche,PIZZA INN,5747.610108469446,5421.0,-326.61010846944555,-5.682537651399946,291.0,18.628865979381445,2022,1,January,1,Saturday,True,52
2022-01-01,Bon Marche,CREAMY INN,1425.3609786750708,1530.5,105.13902132492922,7.376308380678422,393.0,3.8944020356234095,2022,1,January,1,Saturday,True,52
2022-01-01,Bon Marche,GALITOS,1187.6222646186663,1728.25,540.6277353813337,45.52185922136815,134.0,12.897388059701491,2022,1,January,1,Saturday,True,52
2022-01-01,OASIS,CHICKEN INN,2466.7155781798806,2130.75,-335.9655781798806,-13.619956072429725,235.0,9.067021276595744,2022,1,January,1,Saturday,True,52
2022-01-01,OASIS,PIZZA INN,6130.271914995147,6377.5,247.2280850048528,4.032905692162083,417.0,15.293764988009592,2022,1,January,1,Saturday,True,52
2022-01-01,OASIS,CREAMY INN,1172.8350167320175,1172.5,-0.3350167320177206,-0.0285646938604553,298.0,3.934563758389262,2022,1,January,1,Saturday,True,52
2022-01-02,LA PIAZZA,CHICKEN INN,2005.483447971934,2542.75,537.2665520280659,26.78987715263281,239.0,10.639121338912132,2022,1,January,1,Sunday,True,52
2022-01-02,LA PIAZZA,PIZZA INN,4674.7173785122095,5289.0,614.2826214877905,13.140529613862862,363.0,14.570247933884298,2022,1,January,1,Sunday,True,52
2022-01-02,LA PIAZZA,CREAMY INN,725.0927542847162,1019.25,294.1572457152838,40.56822302761275,157.0,6.49203821656051,2022,1,January,1,Sunday,True,52
2022-01-02,LA PIAZZA,GALITOS,1222.7348956688131,1238.5,15.765104331186876,1.2893313495043142,151.0,8.201986754966887,2022,1,January,1,Sunday,True,52
2022-01-02,CARREFOUR,CHICKEN INN,2655.054263569508,3659.75,1004.6957364304922,37.84087392171636,287.0,12.751742160278743,2022,1,January,1,Sunday,True,52
2022-01-02,CARREFOUR,PIZZA INN,7678.349237046193,10110.25,2431.9007629538078,31.672182234437447,551.0,18.3489110707804,2022,1,January,1,Sunday,True,52
2022-01-02,CARREFOUR,CREAMY INN,1283.7625680729298,2069.5,785.7374319270702,61.20582196959905,318.0,6.5078616352201255,2022,1,January,1,Sunday,True,52
2022-01-02,CARREFOUR,GALITOS,1520.9029676246023,1871.75,350.8470323753977,23.068337681223834,168.0,11.141369047619047,2022,1,January,1,Sunday,True,52
2022-01-02,KIN ALILAC,CHICKEN INN,1071.7858664181151,1354.0,282.2141335818849,26.331204993870493,117.0,11.572649572649572,2022,1,January,1,Sunday,True,52
2022-01-02,KIN ALILAC,PIZZA INN,3261.7077289504764,3890.0,628.2922710495236,19.26267842679117,221.0,17.601809954751133,2022,1,January,1,Sunday,True,52
2022-01-02,KIN ALILAC,CREAMY INN,441.4853237894457,325.0,-116.48532378944572,-26.38486887618493,39.0,8.333333333333334,2022,1,January,1,Sunday,True,52
2022-01-02,JUNCTION,CHICKEN INN,5151.149006546832,5198.0,46.850993453168485,0.9095251058282998,517.0,10.054158607350097,2022,1,January,1,Sunday,True,52
2022-01-02,JUNCTION,PIZZA INN,12231.030519630218,12663.0,431.9694803697821,3.531750490496216,628.0,20.164012738853504,2022,1,January,1,Sunday,True,52
2022-01-02,JUNCTION,CREAMY INN,1005.7349768654778,1312.5,306.7650231345221,30.501576477990337,264.0,4.971590909090909,2022,1,January,1,Sunday,True,52
2022-01-02,JUNCTION,GALITOS,2470.4278489400317,2294.75,-175.67784894003125,-7.11123172512033,223.0,10.290358744394618,2022,1,January,1,Sunday,True,52
2022-01-02,Bon Marche,CHICKEN INN,2086.2694264182915,1988.5,-97.76942641829146,-4.6863279104915065,177.0,11.234463276836156,2022,1,January,1,Sunday,True,52
2022-01-02,Bon Marche,PIZZA INN,4011.243196675767,5426.5,1415.2568033242333,35.28224876759149,292.0,18.58390410958904,2022,1,January,1,Sunday,True,52
2022-01-02,Bon Marche,CREAMY INN,709.3962474511873,1049.25,339.85375254881274,47.90746409638961,151.0,6.948675496688741,2022,1,January,1,Sunday,True,52
2022-01-02,Bon Marche,GALITOS,1123.3121690026508,1282.0,158.68783099734924,14.12677930287558,109.0,11.761467889908255,2022,1,January,1,Sunday,True,52
2022-01-02,OASIS,CHICKEN INN,1817.1788892537495,1975.75,158.57111074625027,8.726224571724456,214.0,9.232476635514018,2022,1,January,1,Sunday,True,52
2022-01-02,OASIS,PIZZA INN,4765.237259365715,5264.25,499.01274063428536,10.471939034169042,352.0,14.955255681818182,2022,1,January,1,Sunday,True,52
2022-01-02,OASIS,CREAMY INN,578.4606900706764,637.0,58.53930992932362,10.119842356473916,168.0,3.7916666666666665,2022,1,January,1,Sunday,True,52
2022-01-03,LA PIAZZA,CHICKEN INN,890.5765801273234,1618.25,727.6734198726766,81.70812438933022,193.0,8.384715025906736,2022,1,January,1,Monday,False,1
2022-01-03,LA PIAZZA,PIZZA INN,2150.056371630289,2600.75,450.6936283697105,20.961944733940637,228.0,11.406798245614034,2022,1,January,1,Monday,False,1
2022-01-03,LA PIAZZA,CREAMY INN,438.4740408956534,1032.0,593.5259591043466,135.36170987271558,151.0,6.834437086092716,2022,1,January,1,Monday,False,1
2022-01-03,LA PIAZZA,GALITOS,767.0208503089088,1029.5,262.47914969109115,34.220601641452205,138.0,7.460144927536231,2022,1,January,1,Monday,False,1
2022-01-03,CARREFOUR,CHICKEN INN,1326.800356830311,1546.75,219.94964316968867,16.577448297884256,157.0,9.851910828025478,2022,1,January,1,Monday,False,1
2022-01-03,CARREFOUR,PIZZA INN,3848.342400100466,4049.75,201.40759989953403,5.233619542124838,260.0,15.575961538461538,2022,1,January,1,Monday,False,1
2022-01-03,CARREFOUR,CREAMY INN,894.0878102618155,970.0,75.91218973818445,8.490462443051886,176.0,5.511363636363637,2022,1,January,1,Monday,False,1
2022-01-03,CARREFOUR,GALITOS,801.784344644812,765.5,-36.284344644812,-4.525449378895749,69.0,11.094202898550725,2022,1,January,1,Monday,False,1
2022-01-03,KIN ALILAC,CHICKEN INN,475.94877559757504,520.5,44.55122440242496,9.360508249336055,55.0,9.463636363636365,2022,1,January,1,Monday,False,1
2022-01-03,KIN ALILAC,PIZZA INN,1500.1667303484487,1293.63,-206.5367303484486,-13.767585040395852,86.0,15.042209302325585,2022,1,January,1,Monday,False,1
2022-01-03,KIN ALILAC,CREAMY INN,266.9725394084862,97.5,-169.47253940848623,-63.479389971708535,21.0,4.642857142857143,2022,1,January,1,Monday,False,1
2022-01-03,JUNCTION,CHICKEN INN,3035.3374274879725,1904.5,-1130.8374274879725,-37.25574024314809,202.0,9.428217821782178,2022,1,January,1,Monday,False,1
2022-01-03,JUNCTION,PIZZA INN,7203.887182564936,5591.75,-1612.1371825649358,-22.378712238396496,380.0,14.715131578947368,2022,1,January,1,Monday,False,1
2022-01-03,JUNCTION,CREAMY INN,641.1419381140195,440.5,-200.64193811401947,-31.29446479577159,84.0,5.244047619047619,2022,1,January,1,Monday,False,1
2022-01-03,JUNCTION,GALITOS,1348.9055605143153,1132.5,-216.4055605143153,-16.043047552699203,108.0,10.48611111111111,2022,1,January,1,Monday,False,1
2022-01-03,Bon Marche,CHICKEN INN,1229.3435242861349,687.5,-541.8435242861349,-44.07584321077194,76.0,9.046052631578949,2022,1,January,1,Monday,False,1
2022-01-03,Bon Marche,PIZZA INN,2362.5599988738304,1860.25,-502.3099988738304,-21.26125893578441,113.0,16.462389380530972,2022,1,January,1,Monday,False,1
2022-01-03,Bon Marche,CREAMY INN,452.2301555019914,356.5,-95.73015550199142,-21.168459099267174,93.0,3.8333333333333335,2022,1,January,1,Monday,False,1
2022-01-03,Bon Marche,GALITOS,613.3520683922042,257.75,-355.60206839220416,-57.97682713035487,34.0,7.580882352941177,2022,1,January,1,Monday,False,1
2022-01-03,OASIS,CHICKEN INN,1084.9738944642934,759.5,-325.4738944642934,-29.998315731365714,99.0,7.671717171717172,2022,1,January,1,Monday,False,1
2022-01-03,OASIS,PIZZA INN,2924.027723865551,2740.25,-183.7777238655508,-6.285088283041226,206.0,13.302184466019416,2022,1,January,1,Monday,False,1
2022-01-03,OASIS,CREAMY INN,288.03682229103833,172.5,-115.53682229103832,-40.11182368006322,53.0,3.2547169811320757,2022,1,January,1,Monday,False,1
2022-01-04,LA PIAZZA,CHICKEN INN,889.6968535088241,1136.5,246.80314649117588,27.74013929776453,161.0,7.059006211180124,2022,1,January,1,Tuesday,False,1
2022-01-04,LA PIAZZA,PIZZA INN,3792.218551744996,5517.0,1724.7814482550043,45.48212147375692,337.0,16.37091988130564,2022,1,January,1,Tuesday,False,1
2022-01-04,LA PIAZZA,CREAMY INN,481.8612773261078,622.75,140.88872267389218,29.23844046064389,136.0,4.579044117647059,2022,1,January,1,Tuesday,False,1
2022-01-04,LA PIAZZA,GALITOS,844.876889360239,606.5,-238.37688936023903,-28.21439340597228,79.0,7.677215189873418,2022,1,January,1,Tuesday,False,1
2022-01-04,CARREFOUR,CHICKEN INN,1140.4552585112426,1587.5,447.0447414887574,39.19879698501565,183.0,8.674863387978142,2022,1,January,1,Tuesday,False,1
2022-01-04,CARREFOUR,PIZZA INN,6299.132232578754,8894.0,2594.867767421246,41.19405136473778,482.0,18.452282157676347,2022,1,January,1,Tuesday,False,1
2022-01-04,CARREFOUR,CREAMY INN,789.9857698121697,1074.0,284.0142301878303,35.95181597452809,216.0,4.972222222222222,2022,1,January,1,Tuesday,False,1
2022-01-04,CARREFOUR,GALITOS,702.6586341526843,838.5,135.84136584731573,19.332483690479787,80.0,10.48125,2022,1,January,1,Tuesday,False,1
2022-01-04,KIN ALILAC,CHICKEN INN,475.4786253417987,782.25,306.7713746582013,64.51843643606021,70.0,11.175,2022,1,January,1,Tuesday,False,1
2022-01-04,KIN ALILAC,PIZZA INN,2645.958580715882,3358.07,712.1114192841178,26.913173338165077,191.0,17.581518324607327,2022,1,January,1,Tuesday,False,1
2022-01-04,KIN ALILAC,CREAMY INN,293.3896122734938,189.75,-103.6396122734938,-35.324908564548075,35.0,5.421428571428572,2022,1,January,1,Tuesday,False,1
2022-01-04,JUNCTION,CHICKEN INN,2390.316142079744,2974.75,584.4338579202563,24.450065312773127,275.0,10.817272727272726,2022,1,January,1,Tuesday,False,1
2022-01-04,JUNCTION,PIZZA INN,6868.807875838393,9462.5,2593.692124161608,37.76044069139184,520.0,18.197115384615383,2022,1,January,1,Tuesday,False,1
2022-01-04,JUNCTION,CREAMY INN,531.9333421412531,795.0,263.0666578587469,49.45481642489153,177.0,4.491525423728813,2022,1,January,1,Tuesday,False,1
2022-01-04,JUNCTION,GALITOS,1109.3353147453677,1266.25,156.91468525463233,14.144928334013226,93.0,13.615591397849462,2022,1,January,1,Tuesday,False,1
2022-01-04,Bon Marche,CHICKEN INN,968.10313201134,1075.0,106.89686798865988,11.041888457335116,88.0,12.215909090909092,2022,1,January,1,Tuesday,False,1
2022-01-04,Bon Marche,PIZZA INN,2252.6686379376865,3282.5,1029.8313620623137,45.71606070767345,200.0,16.4125,2022,1,January,1,Tuesday,False,1
2022-01-04,Bon Marche,CREAMY INN,375.1997548949181,548.75,173.5502451050819,46.25542603397702,125.0,4.39,2022,1,January,1,Tuesday,False,1
2022-01-04,Bon Marche,GALITOS,504.4186411242592,749.25,244.8313588757408,48.53733365802172,59.0,12.69915254237288,2022,1,January,1,Tuesday,False,1
2022-01-04,OASIS,CHICKEN INN,737.1574739425588,811.75,74.5925260574412,10.118940483435107,83.0,9.78012048192771,2022,1,January,1,Tuesday,False,1
2022-01-04,OASIS,PIZZA INN,3198.220731615291,3459.0,260.7792683847092,8.153885871817241,240.0,14.4125,2022,1,January,1,Tuesday,False,1
2022-01-04,OASIS,CREAMY INN,126.51341089578752,169.0,42.48658910421247,33.58267617905726,50.0,3.38,2022,1,January,1,Tuesday,False,1
2022-01-05,LA PIAZZA,CHICKEN INN,921.0737695686278,1433.5,512.4262304313722,55.63357109511,180.0,7.963888888888889,2022,1,January,1,Wednesday,False,1
2022-01-05,LA PIAZZA,PIZZA INN,1714.1791952638573,2355.5,641.3208047361427,37.41270495570485,194.0,12.141752577319588,2022,1,January,1,Wednesday,False,1
2022-01-05,LA PIAZZA,CREAMY INN,345.7831267033189,396.25,50.46687329668112,14.594949666234458,111.0,3.56981981981982,2022,1,January,1,Wednesday,False,1
2022-01-05,LA PIAZZA,GALITOS,855.6862439697773,468.75,-386.9362439697773,-45.21940684411,70.0,6.696428571428571,2022,1,January,1,Wednesday,False,1
2022-01-05,CARREFOUR,CHICKEN INN,1109.3492904611016,1356.5,247.15070953889835,22.278890126316305,156.0,8.695512820512821,2022,1,January,1,Wednesday,False,1
2022-01-05,CARREFOUR,PIZZA INN,2228.2439276836367,3316.75,1088.506072316363,48.85040002994268,230.0,14.420652173913044,2022,1,January,1,Wednesday,False,1
2022-01-05,CARREFOUR,CREAMY INN,628.4788899145763,677.25,48.77111008542374,7.76018269954187,165.0,4.104545454545455,2022,1,January,1,Wednesday,False,1
2022-01-05,CARREFOUR,GALITOS,868.3558550122189,778.25,-90.10585501221884,-10.37660476314183,76.0,10.240131578947368,2022,1,January,1,Wednesday,False,1
2022-01-05,KIN ALILAC,CHICKEN INN,492.24731779782127,502.75,10.502682202178732,2.133618980224176,61.0,8.241803278688524,2022,1,January,1,Wednesday,False,1
2022-01-05,KIN ALILAC,PIZZA INN,1196.0405468999045,1667.5,471.4594531000955,39.41835034958489,109.0,15.29816513761468,2022,1,January,1,Wednesday,False,1
2022-01-05,KIN ALILAC,CREAMY INN,210.5360655605153,76.5,-134.03606556051534,-63.66418276301869,13.0,5.884615384615385,2022,1,January,1,Wednesday,False,1
2022-01-05,JUNCTION,CHICKEN INN,1930.2310294109373,2129.75,199.5189705890625,10.336533168775718,229.0,9.300218340611352,2022,1,January,1,Wednesday,False,1
2022-01-05,JUNCTION,PIZZA INN,4537.240859204181,4865.25,328.0091407958189,7.229264457724881,301.0,16.16362126245847,2022,1,January,1,Wednesday,False,1
2022-01-05,JUNCTION,CREAMY INN,524.31413777106,499.0,-25.314137771060015,-4.828047910108682,125.0,3.992,2022,1,January,1,Wednesday,False,1
2022-01-05,JUNCTION,GALITOS,957.3188535747104,1279.25,321.93114642528974,33.62841390025605,120.0,10.660416666666666,2022,1,January,1,Wednesday,False,1
2022-01-05,Bon Marche,CHICKEN INN,781.7638312279199,654.5,-127.26383122791992,-16.279063592392866,71.0,9.21830985915493,2022,1,January,1,Wednesday,False,1
2022-01-05,Bon Marche,PIZZA INN,1488.0166065281246,2193.5,705.4833934718754,47.41098925756789,145.0,15.127586206896552,2022,1,January,1,Wednesday,False,1
2022-01-05,Bon Marche,CREAMY INN,369.82554089907575,336.5,-33.32554089907575,-9.01115180364738,77.0,4.37012987012987,2022,1,January,1,Wednesday,False,1
2022-01-05,Bon Marche,GALITOS,435.2962254281335,496.0,60.70377457186652,13.945394199584804,49.0,10.122448979591836,2022,1,January,1,Wednesday,False,1
2022-01-05,OASIS,CHICKEN INN,787.4441853432915,577.5,-209.94418534329145,-26.661468742926196,80.0,7.21875,2022,1,January,1,Wednesday,False,1
2022-01-05,OASIS,PIZZA INN,1837.023382710092,1925.25,88.22661728990806,4.802694299935944,155.0,12.420967741935485,2022,1,January,1,Wednesday,False,1
2022-01-05,OASIS,CREAMY INN,124.92204723672104,118.5,-6.422047236721042,-5.140843733173523,33.0,3.590909090909091,2022,1,January,1,Wednesday,False,1
2022-01-06,LA PIAZZA,CHICKEN INN,875.6212276128375,1139.5,263.8787723871625,30.136178071717385,134.0,8.503731343283581,2022,1,January,1,Thursday,False,1
2022-01-06,LA PIAZZA,PIZZA INN,1740.3144023744362,4083.0,2342.685597625564,134.61277999132048,272.0,15.011029411764708,2022,1,January,1,Thursday,False,1
2022-01-06,LA PIAZZA,CREAMY INN,444.06179104199975,584.25,140.18820895800025,31.569527436496134,148.0,3.947635135135135,2022,1,January,1,Thursday,False,1
2022-01-06,LA PIAZZA,GALITOS,590.9939658351262,807.5,216.50603416487377,36.63422076720052,102.0,7.916666666666667,2022,1,January,1,Thursday,False,1
2022-01-06,CARREFOUR,CHICKEN INN,982.8904483880988,1380.0,397.1095516119012,40.40221901262191,171.0,8.070175438596491,2022,1,January,1,Thursday,False,1
2022-01-06,CARREFOUR,PIZZA INN,3089.143792374528,5037.5,1948.356207625472,63.07107530685167,310.0,16.25,2022,1,January,1,Thursday,False,1
2022-01-06,CARREFOUR,CREAMY INN,656.1402892340536,844.75,188.6097107659464,28.745332950994403,205.0,4.1207317073170735,2022,1,January,1,Thursday,False,1
2022-01-06,CARREFOUR,GALITOS,838.3620975939367,608.25,-230.1120975939367,-27.44781738754037,64.0,9.50390625,2022,1,January,1,Thursday,False,1
2022-01-06,KIN ALILAC,CHICKEN INN,467.9562212493773,610.0,142.04377875062266,30.354074227581744,79.0,7.7215189873417724,2022,1,January,1,Thursday,False,1
2022-01-06,KIN ALILAC,PIZZA INN,1214.2759609641078,1754.5,540.2240390358922,44.48939585421476,116.0,15.125,2022,1,January,1,Thursday,False,1
2022-01-06,KIN ALILAC,CREAMY INN,270.37473818655536,118.5,-151.87473818655536,-56.171940916227015,27.0,4.388888888888889,2022,1,January,1,Thursday,False,1
2022-01-06,JUNCTION,CHICKEN INN,1850.6504812112207,2053.75,203.0995187887788,10.9744936091797,240.0,8.557291666666666,2022,1,January,1,Thursday,False,1
2022-01-06,JUNCTION,PIZZA INN,4500.6809727966365,7258.0,2757.3190272033635,61.26448517167433,430.0,16.87906976744186,2022,1,January,1,Thursday,False,1
2022-01-06,JUNCTION,CREAMY INN,351.61217204668503,520.0,168.38782795331497,47.89021579462198,117.0,4.444444444444445,2022,1,January,1,Thursday,False,1
2022-01-06,JUNCTION,GALITOS,1159.0453389678405,1050.25,-108.79533896784028,-9.386633577658433,128.0,8.205078125,2022,1,January,1,Thursday,False,1
2022-01-06,Bon Marche,CHICKEN INN,749.5328737394714,604.5,-145.03287373947137,-19.349768211751982,71.0,8.514084507042254,2022,1,January,1,Thursday,False,1
2022-01-06,Bon Marche,PIZZA INN,1476.0265624032131,2308.5,832.4734375967867,56.39962442419623,147.0,15.70408163265306,2022,1,January,1,Thursday,False,1
2022-01-06,Bon Marche,CREAMY INN,248.010023659983,342.25,94.239976340017,37.998454638760165,92.0,3.720108695652174,2022,1,January,1,Thursday,False,1
2022-01-06,Bon Marche,GALITOS,527.0219627126547,256.75,-270.2719627126547,-51.28286520006257,23.0,11.16304347826087,2022,1,January,1,Thursday,False,1
2022-01-06,OASIS,CHICKEN INN,1046.4969410440358,882.5,-163.9969410440358,-15.67103874001051,98.0,9.005102040816327,2022,1,January,1,Thursday,False,1
2022-01-06,OASIS,PIZZA INN,2052.959097464658,2512.75,459.790902535342,22.39649601899861,193.0,13.01943005181347,2022,1,January,1,Thursday,False,1
2022-01-06,OASIS,CREAMY INN,77.97681929425899,220.5,142.52318070574103,182.77634558022328,45.0,4.9,2022,1,January,1,Thursday,False,1
2022-01-07,LA PIAZZA,CHICKEN INN,1002.3018606767176,1197.75,195.44813932328248,19.4999278152914,170.0,7.045588235294118,2022,1,January,1,Friday,False,1
2022-01-07,LA PIAZZA,PIZZA INN,2074.26427100961,2646.0,571.7357289903894,27.563302178082992,209.0,12.660287081339712,2022,1,January,1,Friday,False,1
2022-01-07,LA PIAZZA,CREAMY INN,477.91698310515744,423.5,-54.41698310515744,-11.386283607582934,109.0,3.885321100917431,2022,1,January,1,Friday,False,1
2022-01-07,LA PIAZZA,GALITOS,531.3404105412332,908.0,376.6595894587669,70.88856446568677,102.0,8.901960784313726,2022,1,January,1,Friday,False,1
2022-01-07,CARREFOUR,CHICKEN INN,1401.803532128782,1455.75,53.94646787121792,3.848361531040993,188.0,7.743351063829787,2022,1,January,1,Friday,False,1
2022-01-07,CARREFOUR,PIZZA INN,4359.61230603841,3894.75,-464.86230603840977,-10.662927650574307,247.0,15.76821862348178,2022,1,January,1,Friday,False,1
2022-01-07,CARREFOUR,CREAMY INN,809.3190058956753,759.25,-50.06900589567533,-6.186560000560451,168.0,4.519345238095238,2022,1,January,1,Friday,False,1
2022-01-07,CARREFOUR,GALITOS,945.1691362053806,1439.75,494.5808637946194,52.32723380920359,99.0,14.542929292929292,2022,1,January,1,Friday,False,1
2022-01-07,KIN ALILAC,CHICKEN INN,535.6578580811694,526.0,-9.657858081169366,-1.8029900869494744,65.0,8.092307692307692,2022,1,January,1,Friday,False,1
2022-01-07,KIN ALILAC,PIZZA INN,1447.2840295622595,1361.5,-85.78402956225955,-5.927242186746542,91.0,14.961538461538462,2022,1,January,1,Friday,False,1
2022-01-07,KIN ALILAC,CREAMY INN,290.9880601948568,119.5,-171.4880601948568,-58.9330229151058,19.0,6.289473684210527,2022,1,January,1,Friday,False,1
2022-01-07,JUNCTION,CHICKEN INN,2818.826786232064,2017.0,-801.8267862320636,-28.44540821551751,248.0,8.133064516129032,2022,1,January,1,Friday,False,1
2022-01-07,JUNCTION,PIZZA INN,8219.616200583248,5725.5,-2494.1162005832484,-30.34346300021004,356.0,16.082865168539325,2022,1,January,1,Friday,False,1
2022-01-07,JUNCTION,CREAMY INN,656.3803468544055,654.5,-1.8803468544055024,-0.2864721443012049,151.0,4.334437086092716,2022,1,January,1,Friday,False,1
2022-01-07,JUNCTION,GALITOS,1814.576239037089,2543.0,728.423760962911,40.14291300041775,202.0,12.589108910891088,2022,1,January,1,Friday,False,1
2022-01-07,Bon Marche,CHICKEN INN,1141.6544415645255,601.0,-540.6544415645255,-47.35710052716228,76.0,7.907894736842105,2022,1,January,1,Friday,False,1
2022-01-07,Bon Marche,PIZZA INN,2695.674703039845,1867.5,-828.1747030398451,-30.72235318697516,114.0,16.38157894736842,2022,1,January,1,Friday,False,1
2022-01-07,Bon Marche,CREAMY INN,462.97858349367607,453.75,-9.22858349367607,-1.9933067797729191,99.0,4.583333333333333,2022,1,January,1,Friday,False,1
2022-01-07,Bon Marche,GALITOS,825.094151917045,454.25,-370.844151917045,-44.945676933404044,38.0,11.953947368421051,2022,1,January,1,Friday,False,1
2022-01-07,OASIS,CHICKEN INN,1241.929387624156,769.25,-472.6793876241561,-38.06008556802124,92.0,8.361413043478262,2022,1,January,1,Friday,False,1
2022-01-07,OASIS,PIZZA INN,2709.836239440181,2334.75,-375.0862394401811,-13.841657070674843,170.0,13.733823529411763,2022,1,January,1,Friday,False,1
2022-01-07,OASIS,CREAMY INN,193.35068457658096,150.5,-42.85068457658096,-22.16215818962305,40.0,3.7625,2022,1,January,1,Friday,False,1
2022-01-08,LA PIAZZA,CHICKEN INN,1231.030781486501,1498.0,266.9692185134991,21.68664037719081,169.0,8.863905325443787,2022,1,January,1,Saturday,True,1
2022-01-08,LA PIAZZA,PIZZA INN,2250.2413322208417,2731.5,481.2586677791583,21.386980182440578,218.0,12.529816513761467,2022,1,January,1,Saturday,True,1
2022-01-08,LA PIAZZA,CREAMY INN,337.56584707633886,614.75,277.18415292366114,82.11261753058132,115.0,5.345652173913043,2022,1,January,1,Saturday,True,1
2022-01-08,LA PIAZZA,GALITOS,747.7882833015882,856.75,108.9617166984118,14.571198711128613,93.0,9.21236559139785,2022,1,January,1,Saturday,True,1
2022-01-08,CARREFOUR,CHICKEN INN,1771.8773389309265,1800.25,28.37266106907373,1.6012768178519945,188.0,9.575797872340424,2022,1,January,1,Saturday,True,1
2022-01-08,CARREFOUR,PIZZA INN,4698.155892402723,3486.25,-1211.905892402723,-25.795352903518324,229.0,15.223799126637555,2022,1,January,1,Saturday,True,1
2022-01-08,CARREFOUR,CREAMY INN,788.7960322070309,865.5,76.70396779296914,9.724182762222249,190.0,4.5552631578947365,2022,1,January,1,Saturday,True,1
2022-01-08,CARREFOUR,GALITOS,1191.3374135529896,811.0,-380.3374135529896,-31.92524714041246,68.0,11.926470588235292,2022,1,January,1,Saturday,True,1
2022-01-08,KIN ALILAC,CHICKEN INN,657.8969245830161,555.75,-102.14692458301612,-15.526280906048957,65.0,8.55,2022,1,January,1,Saturday,True,1
2022-01-08,KIN ALILAC,PIZZA INN,1570.0691509278945,1679.0,108.93084907210572,6.9379650576363945,112.0,14.991071428571429,2022,1,January,1,Saturday,True,1
2022-01-08,KIN ALILAC,CREAMY INN,205.53283206335485,169.75,-35.782832063354846,-17.409788842069233,35.0,4.85,2022,1,January,1,Saturday,True,1
2022-01-08,JUNCTION,CHICKEN INN,2850.40125474855,3195.25,344.84874525145005,12.098252646954826,336.0,9.50967261904762,2022,1,January,1,Saturday,True,1
2022-01-08,JUNCTION,PIZZA INN,6672.020313349086,8443.5,1771.479686650914,26.550873700228628,477.0,17.70125786163522,2022,1,January,1,Saturday,True,1
2022-01-08,JUNCTION,CREAMY INN,652.4296482920832,831.5,179.07035170791676,27.446691329353808,174.0,4.778735632183908,2022,1,January,1,Saturday,True,1
2022-01-08,JUNCTION,GALITOS,1005.425328628716,1283.0,277.5746713712841,27.60768636591481,133.0,9.646616541353383,2022,1,January,1,Saturday,True,1
2022-01-08,Bon Marche,CHICKEN INN,1154.4424327947602,824.75,-329.6924327947602,-28.55858580982823,94.0,8.773936170212766,2022,1,January,1,Saturday,True,1
2022-01-08,Bon Marche,PIZZA INN,2188.1309221696856,2558.75,370.6190778303144,16.937701216836672,151.0,16.945364238410598,2022,1,January,1,Saturday,True,1
2022-01-08,Bon Marche,CREAMY INN,460.1919540143504,548.0,87.80804598564958,19.08074342014929,129.0,4.248062015503876,2022,1,January,1,Saturday,True,1
2022-01-08,Bon Marche,GALITOS,457.1704076104518,540.25,83.07959238954822,18.172565635599742,59.0,9.15677966101695,2022,1,January,1,Saturday,True,1
2022-01-08,OASIS,CHICKEN INN,905.9227250828966,784.25,-121.6727250828966,-13.430806150906848,81.0,9.682098765432098,2022,1,January,1,Saturday,True,1
2022-01-08,OASIS,PIZZA INN,2780.651990805572,2568.75,-211.9019908055716,-7.620586520939727,187.0,13.73663101604278,2022,1,January,1,Saturday,True,1
2022-01-08,OASIS,CREAMY INN,183.8025026221819,216.0,32.19749737781811,17.517442319053828,53.0,4.075471698113208,2022,1,January,1,Saturday,True,1
2022-01-09,LA PIAZZA,CHICKEN INN,1482.04610996493,2220.25,738.2038900350701,49.80977886393416,241.0,9.212655601659751,2022,1,January,1,Sunday,True,1
2022-01-09,LA PIAZZA,PIZZA INN,3193.72230891274,4379.0,1185.2776910872603,37.1127348103966,310.0,14.125806451612902,2022,1,January,1,Sunday,True,1
2022-01-09,LA PIAZZA,CREAMY INN,663.2988114898266,978.75,315.45118851017344,47.557930610736776,148.0,6.613175675675675,2022,1,January,1,Sunday,True,1
2022-01-09,LA PIAZZA,GALITOS,1034.9728855634448,1104.0,69.02711443655517,6.669461142354124,123.0,8.975609756097562,2022,1,January,1,Sunday,True,1
2022-01-09,CARREFOUR,CHICKEN INN,2428.59118776521,3514.5,1085.9088122347894,44.71352847302565,320.0,10.9828125,2022,1,January,1,Sunday,True,1
2022-01-09,CARREFOUR,PIZZA INN,6986.381027554298,8220.25,1233.8689724457015,17.661060391343106,466.0,17.64002145922747,2022,1,January,1,Sunday,True,1
2022-01-09,CARREFOUR,CREAMY INN,1530.0025602085093,1693.75,163.7474397914907,10.702429136404524,279.0,6.07078853046595,2022,1,January,1,Sunday,True,1
2022-01-09,CARREFOUR,GALITOS,1714.765058254963,1593.0,-121.76505825496292,-7.100976175644585,142.0,11.21830985915493,2022,1,January,1,Sunday,True,1
2022-01-09,KIN ALILAC,CHICKEN INN,792.0464642311966,1272.25,480.20353576880336,60.62820269451174,121.0,10.514462809917354,2022,1,January,1,Sunday,True,1
2022-01-09,KIN ALILAC,PIZZA INN,2228.367598645629,3396.45,1168.0824013543706,52.41874823814145,197.0,17.240862944162437,2022,1,January,1,Sunday,True,1
2022-01-09,KIN ALILAC,CREAMY INN,403.8610078907985,237.0,-166.86100789079848,-41.3164441802009,48.0,4.9375,2022,1,January,1,Sunday,True,1
2022-01-09,JUNCTION,CHICKEN INN,4662.389121449787,4587.25,-75.13912144978713,-1.6116012519011358,402.0,11.411069651741292,2022,1,January,1,Sunday,True,1
2022-01-09,JUNCTION,PIZZA INN,12186.840743885446,10809.25,-1377.5907438854465,-11.303920128575005,552.0,19.58197463768116,2022,1,January,1,Sunday,True,1
2022-01-09,JUNCTION,CREAMY INN,1175.0506295364337,1106.0,-69.05062953643369,-5.87639611441038,197.0,5.614213197969543,2022,1,January,1,Sunday,True,1
2022-01-09,JUNCTION,GALITOS,2280.2469175598626,2218.75,-61.4969175598626,-2.696941155200493,208.0,10.667067307692308,2022,1,January,1,Sunday,True,1
2022-01-09,Bon Marche,CHICKEN INN,1888.3165417625155,1678.5,-209.8165417625155,-11.111301369349713,163.0,10.297546012269938,2022,1,January,1,Sunday,True,1
2022-01-09,Bon Marche,PIZZA INN,3996.750882472613,3860.25,-136.50088247261283,-3.415296236531154,210.0,18.382142857142856,2022,1,January,1,Sunday,True,1
2022-01-09,Bon Marche,CREAMY INN,828.8232251365723,733.25,-95.57322513657232,-11.53119534274922,190.0,3.8592105263157896,2022,1,January,1,Sunday,True,1
2022-01-09,Bon Marche,GALITOS,1036.8362354418855,921.0,-115.83623544188572,-11.17208595555284,80.0,11.5125,2022,1,January,1,Sunday,True,1
2022-01-09,OASIS,CHICKEN INN,1650.699397722536,1688.5,37.800602277463895,2.2899749239393463,162.0,10.42283950617284,2022,1,January,1,Sunday,True,1
2022-01-09,OASIS,PIZZA INN,4120.918575760409,4539.75,418.8314242395909,10.163545251857018,328.0,13.840701219512194,2022,1,January,1,Sunday,True,1
2022-01-09,OASIS,CREAMY INN,287.24114046150504,342.5,55.25885953849496,19.237794227425628,95.0,3.6052631578947367,2022,1,January,1,Sunday,True,1
2022-01-10,LA PIAZZA,CHICKEN INN,746.3014146934598,934.0,187.69858530654017,25.1505064322619,37.0,25.24324324324324,2022,1,January,1,Monday,False,2
2022-01-10,LA PIAZZA,PIZZA INN,1489.4164141128788,1766.0,276.5835858871212,18.569930025368965,98.0,18.020408163265305,2022,1,January,1,Monday,False,2
2022-01-10,LA PIAZZA,CREAMY INN,444.7191734121582,449.25,4.530826587841773,1.018806217208602,49.0,9.168367346938776,2022,1,January,1,Monday,False,2
2022-01-10,LA PIAZZA,GALITOS,527.1027262853828,699.0,171.8972737146172,32.6117216137389,35.0,19.97142857142857,2022,1,January,1,Monday,False,2
2022-01-10,CARREFOUR,CHICKEN INN,1055.8586538141303,1139.0,83.14134618586968,7.874287518081524,144.0,7.909722222222222,2022,1,January,1,Monday,False,2
2022-01-10,CARREFOUR,PIZZA INN,2710.2088205099194,2578.0,-132.2088205099194,-4.878178371696268,174.0,14.816091954022989,2022,1,January,1,Monday,False,2
2022-01-10,CARREFOUR,CREAMY INN,633.2378403351315,1003.75,370.5121596648685,58.51074210422746,190.0,5.282894736842105,2022,1,January,1,Monday,False,2
2022-01-10,CARREFOUR,GALITOS,762.8363533045841,581.5,-181.3363533045841,-23.77133083905093,70.0,8.307142857142857,2022,1,January,1,Monday,False,2
2022-01-10,KIN ALILAC,CHICKEN INN,398.8441336502563,489.5,90.65586634974368,22.72964767465759,57.0,8.587719298245615,2022,1,January,1,Monday,False,2
2022-01-10,KIN ALILAC,PIZZA INN,1039.2159859477572,815.75,-223.4659859477572,-21.50332452247238,58.0,14.064655172413794,2022,1,January,1,Monday,False,2
2022-01-10,KIN ALILAC,CREAMY INN,270.77499686632825,117.75,-153.02499686632825,-56.51371014210411,29.0,4.060344827586207,2022,1,January,1,Monday,False,2
2022-01-10,JUNCTION,CHICKEN INN,1820.3647665117337,1430.5,-389.8647665117337,-21.416848627476483,188.0,7.60904255319149,2022,1,January,1,Monday,False,2
2022-01-10,JUNCTION,PIZZA INN,3406.427677016032,3523.0,116.57232298396866,3.4221282245476554,238.0,14.802521008403362,2022,1,January,1,Monday,False,2
2022-01-10,JUNCTION,CREAMY INN,286.70783852281863,467.5,180.79216147718137,63.0579765131857,98.0,4.770408163265306,2022,1,January,1,Monday,False,2
2022-01-10,JUNCTION,GALITOS,1060.9081298576689,1149.0,88.09187014233112,8.303440011733109,128.0,8.9765625,2022,1,January,1,Monday,False,2
2022-01-10,Bon Marche,CHICKEN INN,737.2668413349604,397.5,-339.7668413349604,-46.0846497205474,52.0,7.644230769230769,2022,1,January,1,Monday,False,2
2022-01-10,Bon Marche,PIZZA INN,1117.1593286819543,1247.0,129.84067131804545,11.622395121672922,78.0,15.987179487179487,2022,1,January,1,Monday,False,2
2022-01-10,Bon Marche,CREAMY INN,202.22968221391872,166.75,-35.47968221391872,-17.54425058947988,50.0,3.335,2022,1,January,1,Monday,False,2
2022-01-10,Bon Marche,GALITOS,482.3986310607255,224.0,-258.3986310607255,-53.56537403361696,23.0,9.73913043478261,2022,1,January,1,Monday,False,2
2022-01-10,OASIS,CHICKEN INN,628.9648524440128,759.5,130.53514755598724,20.753965352556296,89.0,8.53370786516854,2022,1,January,1,Monday,False,2
2022-01-10,OASIS,PIZZA INN,1758.5330178962347,1679.5,-79.0330178962347,-4.494258401288555,129.0,13.01937984496124,2022,1,January,1,Monday,False,2
2022-01-10,OASIS,CREAMY INN,69.22431916939318,129.0,59.77568083060682,86.35069517164138,33.0,3.909090909090909,2022,1,January,1,Monday,False,2
2022-01-11,LA PIAZZA,CHICKEN INN,706.7137168609975,932.5,225.7862831390025,31.94876196005859,143.0,6.520979020979021,2022,1,January,1,Tuesday,False,2
2022-01-11,LA PIAZZA,PIZZA INN,4571.918897210599,4212.75,-359.1688972105994,-7.85597700409196,301.0,13.995847176079732,2022,1,January,1,Tuesday,False,2
2022-01-11,LA PIAZZA,CREAMY INN,551.2151173778191,503.75,-47.46511737781907,-8.610997028458687,122.0,4.129098360655738,2022,1,January,1,Tuesday,False,2
2022-01-11,LA PIAZZA,GALITOS,744.8545018936918,515.25,-229.6045018936918,-30.82541641487746,60.0,8.5875,2022,1,January,1,Tuesday,False,2
2022-01-11,CARREFOUR,CHICKEN INN,1138.1295786570265,1056.75,-81.37957865702651,-7.150291160436496,162.0,6.523148148148148,2022,1,January,1,Tuesday,False,2
2022-01-11,CARREFOUR,PIZZA INN,6753.567207392993,6306.75,-446.8172073929927,-6.61601778248199,380.0,16.59671052631579,2022,1,January,1,Tuesday,False,2
2022-01-11,CARREFOUR,CREAMY INN,766.8453733922197,705.75,-61.0953733922197,-7.967104648745288,155.0,4.553225806451613,2022,1,January,1,Tuesday,False,2
2022-01-11,CARREFOUR,GALITOS,997.1095453931376,419.0,-578.1095453931376,-57.97853887410156,61.0,6.868852459016393,2022,1,January,1,Tuesday,False,2
2022-01-11,KIN ALILAC,CHICKEN INN,377.6873721403213,663.25,285.5626278596787,75.60820110066699,76.0,8.726973684210526,2022,1,January,1,Tuesday,False,2
2022-01-11,KIN ALILAC,PIZZA INN,3189.9817669646104,2504.0,-685.9817669646104,-21.50425353739085,163.0,15.36196319018405,2022,1,January,1,Tuesday,False,2
2022-01-11,KIN ALILAC,CREAMY INN,335.61690298952874,179.13,-156.48690298952874,-46.626645319592605,35.0,5.117999999999999,2022,1,January,1,Tuesday,False,2
2022-01-11,JUNCTION,CHICKEN INN,1974.370847643169,1656.0,-318.3708476431691,-16.125179726149845,210.0,7.885714285714286,2022,1,January,1,Tuesday,False,2
2022-01-11,JUNCTION,PIZZA INN,6178.938714930807,4962.75,-1216.1887149308068,-19.682809152840512,335.0,14.814179104477612,2022,1,January,1,Tuesday,False,2
2022-01-11,JUNCTION,CREAMY INN,367.41496629597424,383.0,15.58503370402576,4.24180698493134,96.0,3.9895833333333335,2022,1,January,1,Tuesday,False,2
2022-01-11,JUNCTION,GALITOS,1436.4593451126054,1175.75,-260.70934511260543,-18.14944126331457,130.0,9.044230769230769,2022,1,January,1,Tuesday,False,2
2022-01-11,Bon Marche,CHICKEN INN,799.6409210089624,386.75,-412.8909210089624,-51.63454122482742,40.0,9.66875,2022,1,January,1,Tuesday,False,2
2022-01-11,Bon Marche,PIZZA INN,2026.421718363273,2120.5,94.07828163672708,4.642581590208847,134.0,15.82462686567164,2022,1,January,1,Tuesday,False,2
2022-01-11,Bon Marche,CREAMY INN,259.1565415772856,331.75,72.59345842271438,28.01143200202244,73.0,4.544520547945205,2022,1,January,1,Tuesday,False,2
2022-01-11,Bon Marche,GALITOS,653.1630799640234,178.0,-475.1630799640234,-72.74800039068278,17.0,10.470588235294118,2022,1,January,1,Tuesday,False,2
2022-01-11,OASIS,CHICKEN INN,1035.0681429984145,761.0,-274.0681429984145,-26.47827052279729,86.0,8.848837209302326,2022,1,January,1,Tuesday,False,2
2022-01-11,OASIS,PIZZA INN,3385.20222290519,2617.25,-767.95222290519,-22.685564180154984,206.0,12.705097087378642,2022,1,January,1,Tuesday,False,2
2022-01-11,OASIS,CREAMY INN,186.98522994031487,106.0,-80.98522994031492,-43.31103048415383,38.0,2.789473684210526,2022,1,January,1,Tuesday,False,2
2022-01-12,LA PIAZZA,CHICKEN INN,699.3826617068377,1004.75,305.36733829316233,43.662411868763776,143.0,7.026223776223776,2022,1,January,1,Wednesday,False,2
2022-01-12,LA PIAZZA,PIZZA INN,1535.588613341568,1746.5,210.9113866584319,13.73488868216281,158.0,11.05379746835443,2022,1,January,1,Wednesday,False,2
2022-01-12,LA PIAZZA,CREAMY INN,422.6968640118517,211.25,-211.44686401185172,-50.02328666576602,57.0,3.706140350877193,2022,1,January,1,Wednesday,False,2
2022-01-12,LA PIAZZA,GALITOS,636.9565412255027,492.5,-144.45654122550275,-22.67918325284308,71.0,6.936619718309859,2022,1,January,1,Wednesday,False,2
2022-01-12,CARREFOUR,CHICKEN INN,1032.0204353084148,1485.0,452.9795646915852,43.89249952751316,171.0,8.68421052631579,2022,1,January,1,Wednesday,False,2
2022-01-12,CARREFOUR,PIZZA INN,2981.256275840846,2419.75,-561.5062758408458,-18.83455241305869,168.0,14.40327380952381,2022,1,January,1,Wednesday,False,2
2022-01-12,CARREFOUR,CREAMY INN,554.1202895934007,559.25,5.129710406599315,0.9257395015012652,157.0,3.5621019108280256,2022,1,January,1,Wednesday,False,2
2022-01-12,CARREFOUR,GALITOS,1071.7281614093515,623.25,-448.4781614093517,-41.8462607924374,55.0,11.331818181818182,2022,1,January,1,Wednesday,False,2
2022-01-12,KIN ALILAC,CHICKEN INN,373.7694533421852,373.5,-0.2694533421852156,-0.0720907874562268,48.0,7.78125,2022,1,January,1,Wednesday,False,2
2022-01-12,KIN ALILAC,PIZZA INN,1071.4318841278491,1143.0,71.56811587215066,6.679670162178107,93.0,12.290322580645162,2022,1,January,1,Wednesday,False,2
2022-01-12,KIN ALILAC,CREAMY INN,257.366331093938,68.25,-189.116331093938,-73.4813797477305,11.0,6.204545454545454,2022,1,January,1,Wednesday,False,2
2022-01-12,JUNCTION,CHICKEN INN,2004.012185434157,1405.25,-598.7621854341567,-29.87817089068441,173.0,8.122832369942197,2022,1,January,1,Wednesday,False,2
2022-01-12,JUNCTION,PIZZA INN,4542.645364151384,3348.5,-1194.1453641513835,-26.287444174600743,211.0,15.869668246445498,2022,1,January,1,Wednesday,False,2
2022-01-12,JUNCTION,CREAMY INN,431.7549143109375,402.0,-29.754914310937465,-6.891621455756919,86.0,4.674418604651163,2022,1,January,1,Wednesday,False,2
2022-01-12,JUNCTION,GALITOS,1065.7187773630694,754.25,-311.4687773630694,-29.22616960299257,88.0,8.571022727272727,2022,1,January,1,Wednesday,False,2
2022-01-12,Bon Marche,CHICKEN INN,811.6459740006114,541.5,-270.14597400061143,-33.28372007675454,54.0,10.02777777777778,2022,1,January,1,Wednesday,False,2
2022-01-12,Bon Marche,PIZZA INN,1489.7890478335464,1207.0,-282.7890478335464,-18.98181814699059,77.0,15.675324675324676,2022,1,January,1,Wednesday,False,2
2022-01-12,Bon Marche,CREAMY INN,304.5387930977319,132.5,-172.0387930977319,-56.49158563602818,42.0,3.1547619047619047,2022,1,January,1,Wednesday,False,2
2022-01-12,Bon Marche,GALITOS,484.5860492789573,314.0,-170.58604927895732,-35.20242679969468,33.0,9.515151515151516,2022,1,January,1,Wednesday,False,2
2022-01-12,OASIS,CHICKEN INN,699.4424403920093,595.75,-103.6924403920093,-14.825014097499412,68.0,8.761029411764707,2022,1,January,1,Wednesday,False,2
2022-01-12,OASIS,PIZZA INN,1991.5621898769305,1830.5,-161.06218987693023,-8.087228744128907,131.0,13.973282442748092,2022,1,January,1,Wednesday,False,2
2022-01-12,OASIS,CREAMY INN,61.26750087406063,44.0,-17.26750087406063,-28.183785249467107,13.0,3.3846153846153846,2022,1,January,1,Wednesday,False,2
2022-01-13,LA PIAZZA,CHICKEN INN,889.4036113026577,821.5,-67.90361130265774,-7.634735281005129,63.0,13.03968253968254,2022,1,January,1,Thursday,False,2
2022-01-13,LA PIAZZA,PIZZA INN,1430.7573937091352,2878.25,1447.4926062908648,101.16967507246947,212.0,13.576650943396226,2022,1,January,1,Thursday,False,2
2022-01-13,LA PIAZZA,CREAMY INN,416.12304031026775,568.25,152.12695968973225,36.55816788618675,112.0,5.073660714285714,2022,1,January,1,Thursday,False,2
2022-01-13,LA PIAZZA,GALITOS,758.5454817972083,659.0,-99.54548179720824,-13.123205422218971,14.0,47.07142857142857,2022,1,January,1,Thursday,False,2
2022-01-13,CARREFOUR,CHICKEN INN,1201.5043546844165,1194.5,-7.004354684416512,-0.5829654014243049,163.0,7.328220858895706,2022,1,January,1,Thursday,False,2
2022-01-13,CARREFOUR,PIZZA INN,2519.944136179583,4017.45,1497.5058638204168,59.42615323571195,234.0,17.16858974358974,2022,1,January,1,Thursday,False,2
2022-01-13,CARREFOUR,CREAMY INN,649.2992980045054,646.0,-3.299298004505431,-0.5081320763236891,156.0,4.141025641025641,2022,1,January,1,Thursday,False,2
2022-01-13,CARREFOUR,GALITOS,947.363801382328,552.0,-395.363801382328,-41.73304920511428,72.0,7.666666666666667,2022,1,January,1,Thursday,False,2
2022-01-13,KIN ALILAC,CHICKEN INN,475.32190858987326,443.75,-31.57190858987326,-6.642216152740977,50.0,8.875,2022,1,January,1,Thursday,False,2
2022-01-13,KIN ALILAC,PIZZA INN,998.2876121592122,1779.25,780.9623878407878,78.23019922601581,125.0,14.234,2022,1,January,1,Thursday,False,2
2022-01-13,KIN ALILAC,CREAMY INN,253.36374429620955,117.5,-135.86374429620955,-53.62398818094911,25.0,4.7,2022,1,January,1,Thursday,False,2
2022-01-13,JUNCTION,CHICKEN INN,2066.51674555863,1310.25,-756.2667455586302,-36.59620698375675,163.0,8.03834355828221,2022,1,January,1,Thursday,False,2
2022-01-13,JUNCTION,PIZZA INN,4533.10800247985,5158.0,624.8919975201497,13.785067489640676,334.0,15.44311377245509,2022,1,January,1,Thursday,False,2
2022-01-13,JUNCTION,CREAMY INN,417.6452765883578,303.5,-114.14527658835785,-27.330675811967204,76.0,3.9934210526315783,2022,1,January,1,Thursday,False,2
2022-01-13,JUNCTION,GALITOS,1284.7635937756413,772.0,-512.7635937756413,-39.91112421459114,104.0,7.423076923076923,2022,1,January,1,Thursday,False,2
2022-01-13,Bon Marche,CHICKEN INN,836.9609770482188,444.75,-392.2109770482188,-46.86132183025575,50.0,8.895,2022,1,January,1,Thursday,False,2
2022-01-13,Bon Marche,PIZZA INN,1486.6612102357433,1878.25,391.5887897642567,26.34014979795979,118.0,15.917372881355933,2022,1,January,1,Thursday,False,2
2022-01-13,Bon Marche,CREAMY INN,294.58654495728314,226.5,-68.08654495728314,-23.112577992031547,55.0,4.118181818181818,2022,1,January,1,Thursday,False,2
2022-01-13,Bon Marche,GALITOS,584.1864921491132,306.25,-277.9364921491132,-47.57667215594744,23.0,13.315217391304348,2022,1,January,1,Thursday,False,2
2022-01-13,OASIS,CHICKEN INN,732.2049947894565,469.5,-262.70499478945646,-35.87861277359854,56.0,8.383928571428571,2022,1,January,1,Thursday,False,2
2022-01-13,OASIS,PIZZA INN,1898.769136363659,2283.75,384.9808636363409,20.275285513309925,165.0,13.840909090909092,2022,1,January,1,Thursday,False,2
2022-01-13,OASIS,CREAMY INN,78.77250112379224,79.5,0.7274988762077612,0.9235442138170592,22.0,3.613636363636364,2022,1,January,1,Thursday,False,2
2022-01-14,LA PIAZZA,CHICKEN INN,892.3360333643217,940.25,47.91396663567832,5.369498131217579,135.0,6.964814814814815,2022,1,January,1,Friday,False,2
2022-01-14,LA PIAZZA,PIZZA INN,1930.2302407113093,1794.5,-135.7302407113093,-7.03181609367447,145.0,12.375862068965516,2022,1,January,1,Friday,False,2
2022-01-14,LA PIAZZA,CREAMY INN,499.6106013203847,356.5,-143.11060132038466,-28.64442846932552,94.0,3.7925531914893615,2022,1,January,1,Friday,False,2
2022-01-14,LA PIAZZA,GALITOS,799.6184215077576,818.0,18.3815784922424,2.2987937743582947,85.0,9.623529411764704,2022,1,January,1,Friday,False,2
2022-01-14,CARREFOUR,CHICKEN INN,1191.329505322221,1801.5,610.1704946777791,51.21760956577208,199.0,9.052763819095478,2022,1,January,1,Friday,False,2
2022-01-14,CARREFOUR,PIZZA INN,2458.294126731764,3658.0,1199.7058732682358,48.802373166925,224.0,16.330357142857142,2022,1,January,1,Friday,False,2
2022-01-14,CARREFOUR,CREAMY INN,815.5651283226541,642.75,-172.81512832265412,-21.18961715271928,157.0,4.093949044585988,2022,1,January,1,Friday,False,2
2022-01-14,CARREFOUR,GALITOS,1787.5547866237212,1075.0,-712.5547866237212,-39.86198308190446,89.0,12.07865168539326,2022,1,January,1,Friday,False,2
2022-01-14,KIN ALILAC,CHICKEN INN,476.8890761091277,549.5,72.6109238908723,15.225956627753948,51.0,10.77450980392157,2022,1,January,1,Friday,False,2
2022-01-14,KIN ALILAC,PIZZA INN,1346.7866364973174,1661.0,314.21336350268257,23.330597066204884,101.0,16.445544554455445,2022,1,January,1,Friday,False,2
2022-01-14,KIN ALILAC,CREAMY INN,304.1965966273606,90.75,-213.44659662736055,-70.16731909358988,18.0,5.041666666666667,2022,1,January,1,Friday,False,2
2022-01-14,JUNCTION,CHICKEN INN,2699.6170581596134,1407.75,-1291.8670581596134,-47.853715187305376,158.0,8.909810126582279,2022,1,January,1,Friday,False,2
2022-01-14,JUNCTION,PIZZA INN,5215.983098161645,3989.75,-1226.233098161645,-23.509146312108,257.0,15.52431906614786,2022,1,January,1,Friday,False,2
2022-01-14,JUNCTION,CREAMY INN,677.8269961927266,398.0,-279.8269961927266,-41.28295240001969,80.0,4.975,2022,1,January,1,Friday,False,2
2022-01-14,JUNCTION,GALITOS,1343.1327835078346,1730.0,386.8672164921654,28.803348503026758,143.0,12.097902097902098,2022,1,January,1,Friday,False,2
2022-01-14,Bon Marche,CHICKEN INN,1093.373250185068,282.25,-811.123250185068,-74.18539369312123,38.0,7.427631578947368,2022,1,January,1,Friday,False,2
2022-01-14,Bon Marche,PIZZA INN,1710.6143822384347,1592.75,-117.8643822384347,-6.890178374637687,98.0,16.252551020408163,2022,1,January,1,Friday,False,2
2022-01-14,Bon Marche,CREAMY INN,478.1060006671582,192.25,-285.8560006671582,-59.789251811997616,52.0,3.6971153846153846,2022,1,January,1,Friday,False,2
2022-01-14,Bon Marche,GALITOS,610.7271665303259,575.25,-35.47716653032592,-5.809004163328681,42.0,13.696428571428571,2022,1,January,1,Friday,False,2
2022-01-14,OASIS,CHICKEN INN,411.0557697075044,535.0,123.9442302924956,30.152655533990146,59.0,9.067796610169491,2022,1,January,1,Friday,False,2
2022-01-14,OASIS,PIZZA INN,1844.000304026879,1622.5,-221.5003040268789,-12.011945092588782,124.0,13.084677419354838,2022,1,January,1,Friday,False,2
2022-01-14,OASIS,CREAMY INN,124.12636540718778,122.5,-1.626365407187777,-1.3102497618878952,33.0,3.712121212121212,2022,1,January,1,Friday,False,2
2022-01-15,LA PIAZZA,CHICKEN INN,1051.8597935188373,1409.5,357.64020648116275,34.000748834094296,176.0,8.008522727272727,2022,1,January,1,Saturday,True,2
2022-01-15,LA PIAZZA,PIZZA INN,1758.0282649716064,2304.25,546.2217350283936,31.07013384891258,185.0,12.455405405405406,2022,1,January,1,Saturday,True,2
2022-01-15,LA PIAZZA,CREAMY INN,475.9448359946823,587.5,111.55516400531776,23.43867515069838,130.0,4.519230769230769,2022,1,January,1,Saturday,True,2
2022-01-15,LA PIAZZA,GALITOS,656.8410596568004,660.25,3.4089403431995606,0.5189901412345831,79.0,8.35759493670886,2022,1,January,1,Saturday,True,2
2022-01-15,CARREFOUR,CHICKEN INN,1345.1150856822635,1801.75,456.6349143177365,33.94764650090324,201.0,8.963930348258707,2022,1,January,1,Saturday,True,2
2022-01-15,CARREFOUR,PIZZA INN,4236.84375274146,4434.5,197.65624725854013,4.665176692688896,261.0,16.990421455938698,2022,1,January,1,Saturday,True,2
2022-01-15,CARREFOUR,CREAMY INN,1163.8608122270407,1112.0,-51.8608122270407,-4.455929066621406,215.0,5.1720930232558135,2022,1,January,1,Saturday,True,2
2022-01-15,CARREFOUR,GALITOS,965.6526778568904,819.25,-146.40267785689036,-15.1610078047738,78.0,10.503205128205128,2022,1,January,1,Saturday,True,2
2022-01-15,KIN ALILAC,CHICKEN INN,562.1429891565695,733.0,170.85701084343054,30.393870267737704,90.0,8.144444444444444,2022,1,January,1,Saturday,True,2
2022-01-15,KIN ALILAC,PIZZA INN,1226.635519385401,2060.25,833.614480614599,67.95942783658155,135.0,15.261111111111113,2022,1,January,1,Saturday,True,2
2022-01-15,KIN ALILAC,CREAMY INN,289.78728415553826,235.25,-54.53728415553826,-18.819764405627375,46.0,5.114130434782608,2022,1,January,1,Saturday,True,2
2022-01-15,JUNCTION,CHICKEN INN,2810.127697967317,2641.75,-168.3776979673171,-5.991816602822417,231.0,11.436147186147188,2022,1,January,1,Saturday,True,2
2022-01-15,JUNCTION,PIZZA INN,6948.285889767839,6035.25,-913.0358897678389,-13.14044793569002,352.0,17.14559659090909,2022,1,January,1,Saturday,True,2
2022-01-15,JUNCTION,CREAMY INN,871.4112257465196,556.5,-314.9112257465196,-36.13807309823692,99.0,5.621212121212121,2022,1,January,1,Saturday,True,2
2022-01-15,JUNCTION,GALITOS,1343.1327835078346,979.5,-363.6327835078346,-27.07347985045393,85.0,11.523529411764706,2022,1,January,1,Saturday,True,2
2022-01-15,Bon Marche,CHICKEN INN,1138.1312194908894,830.0,-308.1312194908894,-27.07343531343628,74.0,11.216216216216216,2022,1,January,1,Saturday,True,2
2022-01-15,Bon Marche,PIZZA INN,2278.7339512527114,1778.5,-500.23395125271145,-21.952275340335923,114.0,15.600877192982455,2022,1,January,1,Saturday,True,2
2022-01-15,Bon Marche,CREAMY INN,614.6508451541151,367.0,-247.65084515411516,-40.29130474749776,97.0,3.783505154639175,2022,1,January,1,Saturday,True,2
2022-01-15,Bon Marche,GALITOS,610.7271665303259,546.25,-64.47716653032592,-10.55744202384753,35.0,15.607142857142858,2022,1,January,1,Saturday,True,2
2022-01-15,OASIS,CHICKEN INN,1205.7381938130227,740.0,-465.7381938130227,-38.62680938555771,92.0,8.043478260869565,2022,1,January,1,Saturday,True,2
2022-01-15,OASIS,PIZZA INN,3045.426154777649,2187.25,-858.1761547776491,-28.17918121020097,163.0,13.418711656441715,2022,1,January,1,Saturday,True,2
2022-01-15,OASIS,CREAMY INN,135.26591102065336,79.5,-55.76591102065336,-41.22687719313007,25.0,3.18,2022,1,January,1,Saturday,True,2
2022-01-16,LA PIAZZA,CHICKEN INN,1187.9241771800416,1899.75,711.8258228199584,59.92182299965717,227.0,8.368942731277533,2022,1,January,1,Sunday,True,2
2022-01-16,LA PIAZZA,PIZZA INN,2796.757552022058,3305.25,508.492447977942,18.181499058089663,236.0,14.005296610169491,2022,1,January,1,Sunday,True,2
2022-01-16,LA PIAZZA,CREAMY INN,557.7889410794032,794.25,236.4610589205968,42.39256849786408,115.0,6.906521739130435,2022,1,January,1,Sunday,True,2
2022-01-16,LA PIAZZA,GALITOS,772.5624374127132,1190.0,417.4375625872868,54.03285771765864,118.0,10.084745762711863,2022,1,January,1,Sunday,True,2
2022-01-16,CARREFOUR,CHICKEN INN,2488.477444011276,3201.5,713.022555988724,28.652964394138703,263.0,12.173003802281368,2022,1,January,1,Sunday,True,2
2022-01-16,CARREFOUR,PIZZA INN,7240.421583727206,6468.5,-771.9215837272059,-10.661279523585948,365.0,17.721917808219178,2022,1,January,1,Sunday,True,2
2022-01-16,CARREFOUR,CREAMY INN,1378.0135811520263,1499.75,121.73641884797372,8.83419586809888,227.0,6.606828193832599,2022,1,January,1,Sunday,True,2
2022-01-16,CARREFOUR,GALITOS,1605.3975769370804,1808.75,203.3524230629196,12.66679519044082,131.0,13.807251908396946,2022,1,January,1,Sunday,True,2
2022-01-16,KIN ALILAC,CHICKEN INN,634.8595620499757,1117.25,482.3904379500243,75.98380284174578,120.0,9.310416666666669,2022,1,January,1,Sunday,True,2
2022-01-16,KIN ALILAC,PIZZA INN,1951.3919205815653,2783.25,831.8580794184347,42.62895990522086,171.0,16.276315789473685,2022,1,January,1,Sunday,True,2
2022-01-16,KIN ALILAC,CREAMY INN,339.6194897872572,229.0,-110.61948978725718,-32.57159648186001,52.0,4.403846153846154,2022,1,January,1,Sunday,True,2
2022-01-16,JUNCTION,CHICKEN INN,4684.6201247930285,3610.5,-1074.1201247930285,-22.928649414033,333.0,10.842342342342342,2022,1,January,1,Sunday,True,2
2022-01-16,JUNCTION,PIZZA INN,10541.327943490209,10701.0,159.67205650979304,1.5147243057588249,552.0,19.38586956521739,2022,1,January,1,Sunday,True,2
2022-01-16,JUNCTION,CREAMY INN,1026.6172406948958,967.5,-59.11724069489583,-5.758450019296442,204.0,4.742647058823529,2022,1,January,1,Sunday,True,2
2022-01-16,JUNCTION,GALITOS,2304.941574754252,1401.75,-903.191574754252,-39.18500948773717,136.0,10.306985294117649,2022,1,January,1,Sunday,True,2
2022-01-16,Bon Marche,CHICKEN INN,1897.320331506252,1307.5,-589.8203315062522,-31.08701897681153,127.0,10.29527559055118,2022,1,January,1,Sunday,True,2
2022-01-16,Bon Marche,PIZZA INN,3457.0946355983438,3909.25,452.1553644016567,13.079056608567472,237.0,16.494725738396625,2022,1,January,1,Sunday,True,2
2022-01-16,Bon Marche,CREAMY INN,724.1255746990514,863.75,139.6244253009486,19.28179727100191,209.0,4.132775119617225,2022,1,January,1,Sunday,True,2
2022-01-16,Bon Marche,GALITOS,1048.0649822954758,791.5,-256.56498229547583,-24.47987354119458,68.0,11.639705882352942,2022,1,January,1,Sunday,True,2
2022-01-16,OASIS,CHICKEN INN,1519.649180132748,1394.75,-124.89918013274792,-8.21894827869663,133.0,10.486842105263158,2022,1,January,1,Sunday,True,2
2022-01-16,OASIS,PIZZA INN,4696.5145843953605,3978.0,-718.5145843953605,-15.298889665597912,254.0,15.661417322834646,2022,1,January,1,Sunday,True,2
2022-01-16,OASIS,CREAMY INN,223.58659409884464,321.0,97.41340590115536,43.56853607157242,94.0,3.4148936170212765,2022,1,January,1,Sunday,True,2
2022-01-17,LA PIAZZA,CHICKEN INN,1110.8014769582817,1389.0,278.19852304171854,25.044846339555853,177.0,7.847457627118644,2022,1,January,1,Monday,False,3
2022-01-17,LA PIAZZA,PIZZA INN,2097.7511104663176,2646.75,548.9988895336824,26.170830600187035,165.0,16.04090909090909,2022,1,January,1,Monday,False,3
2022-01-17,LA PIAZZA,CREAMY INN,376.0227157306053,579.75,203.72728426939472,54.179515158693626,113.0,5.130530973451328,2022,1,January,1,Monday,False,3
2022-01-17,LA PIAZZA,GALITOS,493.5272279505687,665.25,171.72277204943134,34.79499454620384,79.0,8.420886075949367,2022,1,January,1,Monday,False,3
2022-01-17,CARREFOUR,CHICKEN INN,1620.4174384251,1714.25,93.83256157489996,5.790641309445347,189.0,9.07010582010582,2022,1,January,1,Monday,False,3
2022-01-17,CARREFOUR,PIZZA INN,3731.68570118843,4464.71,733.0242988115701,19.643248588114588,265.0,16.847962264150944,2022,1,January,1,Monday,False,3
2022-01-17,CARREFOUR,CREAMY INN,871.1853613628934,913.0,41.81463863710656,4.79974073160403,171.0,5.339181286549708,2022,1,January,1,Monday,False,3
2022-01-17,CARREFOUR,GALITOS,740.6994972197739,1064.75,324.0505027802261,43.74925377923899,81.0,13.145061728395062,2022,1,January,1,Monday,False,3
2022-01-17,KIN ALILAC,CHICKEN INN,593.6430562935839,664.75,71.10694370641613,11.978063745977764,73.0,9.106164383561644,2022,1,January,1,Monday,False,3
2022-01-17,KIN ALILAC,PIZZA INN,1463.6715883346235,1908.95,445.27841166537655,30.42201646969302,124.0,15.394758064516129,2022,1,January,1,Monday,False,3
2022-01-17,KIN ALILAC,CREAMY INN,228.94796483006613,250.25,21.302035169933877,9.304312962880038,39.0,6.416666666666667,2022,1,January,1,Monday,False,3
2022-01-17,JUNCTION,CHICKEN INN,2137.0760170393505,2436.75,299.6739829606495,14.022616910736287,227.0,10.734581497797356,2022,1,January,1,Monday,False,3
2022-01-17,JUNCTION,PIZZA INN,5591.119323908629,6177.75,586.6306760913712,10.492186664355978,345.0,17.906521739130437,2022,1,January,1,Monday,False,3
2022-01-17,JUNCTION,CREAMY INN,700.9668020577573,649.5,-51.46680205775726,-7.342259563030858,131.0,4.958015267175573,2022,1,January,1,Monday,False,3
2022-01-17,JUNCTION,GALITOS,1227.6772433782212,753.75,-473.9272433782212,-38.60356994759528,87.0,8.663793103448276,2022,1,January,1,Monday,False,3
2022-01-17,Bon Marche,CHICKEN INN,865.5382227566005,661.0,-204.53822275660048,-23.631333357547057,72.0,9.180555555555555,2022,1,January,1,Monday,False,3
2022-01-17,Bon Marche,PIZZA INN,1833.642661085351,2486.5,652.8573389146491,35.60439298070304,146.0,17.03082191780822,2022,1,January,1,Monday,False,3
2022-01-17,Bon Marche,CREAMY INN,494.4276876174941,512.25,17.822312382505856,3.604634778522718,124.0,4.131048387096774,2022,1,January,1,Monday,False,3
2022-01-17,Bon Marche,GALITOS,558.2291292927621,544.5,-13.729129292762082,-2.459407539365769,58.0,9.387931034482758,2022,1,January,1,Monday,False,3
2022-01-17,OASIS,CHICKEN INN,736.0145941379968,810.0,73.98540586200318,10.05216560259286,90.0,9.0,2022,1,January,1,Monday,False,3
2022-01-17,OASIS,PIZZA INN,2302.732880605643,2515.75,213.017119394357,9.250622214519788,205.0,12.271951219512196,2022,1,January,1,Monday,False,3
2022-01-17,OASIS,CREAMY INN,128.9004563843873,149.5,20.599543615612703,15.980970272272646,46.0,3.25,2022,1,January,1,Monday,False,3
2022-01-18,LA PIAZZA,CHICKEN INN,985.8802971313996,1238.25,252.36970286860023,25.598412261906077,197.0,6.285532994923858,2022,1,January,1,Tuesday,False,3
2022-01-18,LA PIAZZA,PIZZA INN,3623.466423343889,3756.5,133.0335766561111,3.6714449952965778,274.0,13.70985401459854,2022,1,January,1,Tuesday,False,3
2022-01-18,LA PIAZZA,CREAMY INN,477.58829192007823,403.75,-73.83829192007823,-15.460657886570356,120.0,3.364583333333333,2022,1,January,1,Tuesday,False,3
2022-01-18,LA PIAZZA,GALITOS,625.5473913059056,558.0,-67.54739130590565,-10.798125329064568,82.0,6.804878048780488,2022,1,January,1,Tuesday,False,3
2022-01-18,CARREFOUR,CHICKEN INN,1019.5199060920032,1160.0,140.4800939079969,13.779043750747496,164.0,7.073170731707317,2022,1,January,1,Tuesday,False,3
2022-01-18,CARREFOUR,PIZZA INN,6306.105061233542,4953.75,-1352.355061233542,-21.44517175184847,313.0,15.82667731629393,2022,1,January,1,Tuesday,False,3
2022-01-18,CARREFOUR,CREAMY INN,537.4639631214573,847.25,309.78603687854275,57.63847590439038,170.0,4.983823529411764,2022,1,January,1,Tuesday,False,3
2022-01-18,CARREFOUR,GALITOS,555.9818448266944,570.75,14.768155173305558,2.6562297511547253,55.0,10.377272727272729,2022,1,January,1,Tuesday,False,3
2022-01-18,KIN ALILAC,CHICKEN INN,526.8817199733445,540.0,13.118280026655498,2.4897960072175525,69.0,7.826086956521739,2022,1,January,1,Tuesday,False,3
2022-01-18,KIN ALILAC,PIZZA INN,2528.2145382604403,1950.75,-577.4645382604403,-22.84080443021935,133.0,14.667293233082706,2022,1,January,1,Tuesday,False,3
2022-01-18,KIN ALILAC,CREAMY INN,290.78793085497034,90.75,-200.03793085497037,-68.7916896230259,15.0,6.05,2022,1,January,1,Tuesday,False,3
2022-01-18,JUNCTION,CHICKEN INN,2183.7933429055806,1829.0,-354.79334290558063,-16.24665374396283,215.0,8.506976744186046,2022,1,January,1,Tuesday,False,3
2022-01-18,JUNCTION,PIZZA INN,6057.814221702332,4928.0,-1129.8142217023324,-18.65052608669862,367.0,13.427792915531334,2022,1,January,1,Tuesday,False,3
2022-01-18,JUNCTION,CREAMY INN,329.6011371994608,384.0,54.398862800539234,16.504452400484084,95.0,4.042105263157895,2022,1,January,1,Tuesday,False,3
2022-01-18,JUNCTION,GALITOS,1185.3435453306963,1352.75,167.40645466930368,14.12303254434134,150.0,9.018333333333333,2022,1,January,1,Tuesday,False,3
2022-01-18,Bon Marche,CHICKEN INN,884.4592301890906,358.0,-526.4592301890906,-59.5232897367737,53.0,6.754716981132075,2022,1,January,1,Tuesday,False,3
2022-01-18,Bon Marche,PIZZA INN,1986.6981808711755,1576.0,-410.6981808711755,-20.672399301794428,106.0,14.867924528301886,2022,1,January,1,Tuesday,False,3
2022-01-18,Bon Marche,CREAMY INN,232.48451656088292,184.0,-48.48451656088295,-20.854944354191364,41.0,4.487804878048781,2022,1,January,1,Tuesday,False,3
2022-01-18,Bon Marche,GALITOS,538.9798489723221,304.5,-234.4798489723221,-43.50438136405416,32.0,9.515625,2022,1,January,1,Tuesday,False,3
2022-01-18,OASIS,CHICKEN INN,592.0117387631713,461.75,-130.26173876317125,-22.003235786390587,71.0,6.503521126760563,2022,1,January,1,Tuesday,False,3
2022-01-18,OASIS,PIZZA INN,2496.6912932123296,1992.0,-504.6912932123296,-20.214405144297046,150.0,13.28,2022,1,January,1,Tuesday,False,3
2022-01-18,OASIS,CREAMY INN,91.50341039632433,70.5,-21.003410396324327,-22.953691349156564,25.0,2.82,2022,1,January,1,Tuesday,False,3
2022-01-19,LA PIAZZA,CHICKEN INN,755.391923084618,992.75,237.358076915382,31.42184469568301,154.0,6.446428571428571,2022,1,January,1,Wednesday,False,3
2022-01-19,LA PIAZZA,PIZZA INN,1554.464040699209,1688.25,133.78595930079132,8.606565079537862,151.0,11.18046357615894,2022,1,January,1,Wednesday,False,3
2022-01-19,LA PIAZZA,CREAMY INN,362.2176859572789,408.0,45.78231404272111,12.639447442144174,107.0,3.8130841121495327,2022,1,January,1,Wednesday,False,3
2022-01-19,LA PIAZZA,GALITOS,620.983731338067,517.5,-103.48373133806696,-16.664483482535847,68.0,7.610294117647059,2022,1,January,1,Wednesday,False,3
2022-01-19,CARREFOUR,CHICKEN INN,1141.618098438351,1426.75,285.13190156164933,24.976119593031044,155.0,9.20483870967742,2022,1,January,1,Wednesday,False,3
2022-01-19,CARREFOUR,PIZZA INN,2334.7283750367837,2144.25,-190.4783750367833,-8.158481178084894,152.0,14.106907894736842,2022,1,January,1,Wednesday,False,3
2022-01-19,CARREFOUR,CREAMY INN,606.1713098182236,569.5,-36.67130981822356,-6.049661081653703,132.0,4.3143939393939394,2022,1,January,1,Wednesday,False,3
2022-01-19,CARREFOUR,GALITOS,1042.8317365795435,559.5,-483.33173657954353,-46.34800798879184,49.0,11.418367346938776,2022,1,January,1,Wednesday,False,3
2022-01-19,KIN ALILAC,CHICKEN INN,403.7023529599451,553.0,149.29764704005493,36.98210970171583,67.0,8.253731343283581,2022,1,January,1,Wednesday,False,3
2022-01-19,KIN ALILAC,PIZZA INN,1084.6019053964403,1013.0,-71.60190539644054,-6.601676157877376,76.0,13.328947368421051,2022,1,January,1,Wednesday,False,3
2022-01-19,KIN ALILAC,CREAMY INN,220.5425325548364,53.75,-166.7925325548364,-75.62828386101197,16.0,3.359375,2022,1,January,1,Wednesday,False,3
2022-01-19,JUNCTION,CHICKEN INN,1784.279659635749,1857.5,73.22034036425089,4.103635882908536,166.0,11.189759036144578,2022,1,January,1,Wednesday,False,3
2022-01-19,JUNCTION,PIZZA INN,4420.567134755755,2935.0,-1485.5671347557554,-33.60580417557296,217.0,13.525345622119817,2022,1,January,1,Wednesday,False,3
2022-01-19,JUNCTION,CREAMY INN,542.9388595648652,409.5,-133.4388595648652,-24.577142934990672,80.0,5.11875,2022,1,January,1,Wednesday,False,3
2022-01-19,JUNCTION,GALITOS,1032.0442448252654,1035.25,3.205755174734577,0.3106218740919718,117.0,8.848290598290598,2022,1,January,1,Wednesday,False,3
2022-01-19,Bon Marche,CHICKEN INN,722.6519942146922,346.5,-376.1519942146922,-52.05160951966341,48.0,7.21875,2022,1,January,1,Wednesday,False,3
2022-01-19,Bon Marche,PIZZA INN,1449.7527265816686,1210.75,-239.00272658166864,-16.48575803304102,94.0,12.88031914893617,2022,1,January,1,Wednesday,False,3
2022-01-19,Bon Marche,CREAMY INN,382.96250844446814,125.0,-257.96250844446814,-67.3597291526709,39.0,3.2051282051282053,2022,1,January,1,Wednesday,False,3
2022-01-19,Bon Marche,GALITOS,469.2741217513345,318.0,-151.27412175133452,-32.235768975876695,22.0,14.454545454545457,2022,1,January,1,Wednesday,False,3
2022-01-19,OASIS,CHICKEN INN,711.6331583073384,532.5,-179.13315830733836,-25.17212080637406,67.0,7.947761194029851,2022,1,January,1,Wednesday,False,3
2022-01-19,OASIS,PIZZA INN,1747.7187898552147,1445.5,-302.2187898552147,-17.292186340815803,108.0,13.38425925925926,2022,1,January,1,Wednesday,False,3
2022-01-19,OASIS,CREAMY INN,96.27750137352383,86.5,-9.777501373523847,-10.15554125733953,26.0,3.326923076923077,2022,1,January,1,Wednesday,False,3
2022-01-20,LA PIAZZA,CHICKEN INN,960.6614674010902,1080.5,119.83853259890977,12.474585133836268,159.0,6.79559748427673,2022,1,January,1,Thursday,False,3
2022-01-20,LA PIAZZA,PIZZA INN,2098.0763485992493,2648.25,550.1736514007507,26.22276600029672,187.0,14.161764705882351,2022,1,January,1,Thursday,False,3
2022-01-20,LA PIAZZA,CREAMY INN,519.6607636102159,403.75,-115.9107636102159,-22.30508280150963,113.0,3.5730088495575223,2022,1,January,1,Thursday,False,3
2022-01-20,LA PIAZZA,GALITOS,380.7396316025523,632.25,251.51036839744768,66.0583631230686,77.0,8.21103896103896,2022,1,January,1,Thursday,False,3
2022-01-20,CARREFOUR,CHICKEN INN,1034.346115162631,1328.0,293.6538848373691,28.39029223706203,162.0,8.197530864197532,2022,1,January,1,Thursday,False,3
2022-01-20,CARREFOUR,PIZZA INN,3526.274247295483,3355.25,-171.02424729548284,-4.849998477193084,209.0,16.053827751196174,2022,1,January,1,Thursday,False,3
2022-01-20,CARREFOUR,CREAMY INN,864.3443701333454,636.0,-228.34437013334536,-26.41821686165641,160.0,3.975,2022,1,January,1,Thursday,False,3
2022-01-20,CARREFOUR,GALITOS,947.7295789118192,770.0,-177.72957891181932,-18.753195306607186,65.0,11.846153846153848,2022,1,January,1,Thursday,False,3
2022-01-20,KIN ALILAC,CHICKEN INN,513.4040793077563,395.5,-117.90407930775632,-22.9651621519508,56.0,7.0625,2022,1,January,1,Thursday,False,3
2022-01-20,KIN ALILAC,PIZZA INN,1463.8985179318668,1491.5,27.60148206813324,1.8854778340186744,98.0,15.21938775510204,2022,1,January,1,Thursday,False,3
2022-01-20,KIN ALILAC,CREAMY INN,316.40448636043226,83.0,-233.40448636043223,-73.76775501676973,17.0,4.882352941176471,2022,1,January,1,Thursday,False,3
2022-01-20,JUNCTION,CHICKEN INN,1853.5501772994696,1142.75,-710.8001772994699,-38.34804074929713,149.0,7.669463087248322,2022,1,January,1,Thursday,False,3
2022-01-20,JUNCTION,PIZZA INN,4208.201881536277,4541.75,333.54811846372286,7.926143465863271,326.0,13.931748466257668,2022,1,January,1,Thursday,False,3
2022-01-20,JUNCTION,CREAMY INN,344.8395459398468,397.0,52.1604540601532,15.12600705872985,83.0,4.783132530120482,2022,1,January,1,Thursday,False,3
2022-01-20,JUNCTION,GALITOS,1283.4807544408677,832.25,-451.2307544408677,-35.15679942060687,92.0,9.046195652173912,2022,1,January,1,Thursday,False,3
2022-01-20,Bon Marche,CHICKEN INN,750.70728109735,337.75,-412.95728109735,-55.00909495558744,37.0,9.12837837837838,2022,1,January,1,Thursday,False,3
2022-01-20,Bon Marche,PIZZA INN,1380.1062094039228,1723.25,343.1437905960772,24.86357848822978,108.0,15.95601851851852,2022,1,January,1,Thursday,False,3
2022-01-20,Bon Marche,CREAMY INN,243.2329445525676,149.75,-93.4829445525676,-38.43350444345915,46.0,3.255434782608696,2022,1,January,1,Thursday,False,3
2022-01-20,Bon Marche,GALITOS,583.6031806242513,206.75,-376.8531806242513,-64.5735309771873,20.0,10.3375,2022,1,January,1,Thursday,False,3
2022-01-20,OASIS,CHICKEN INN,520.7722309454666,445.75,-75.02223094546662,-14.405958399368393,62.0,7.189516129032258,2022,1,January,1,Thursday,False,3
2022-01-20,OASIS,PIZZA INN,1869.814912898992,1948.0,78.1850871010081,4.181434566685996,150.0,12.986666666666666,2022,1,January,1,Thursday,False,3
2022-01-20,OASIS,CREAMY INN,132.87886553205357,88.5,-44.37886553205357,-33.39798647012705,34.0,2.6029411764705883,2022,1,January,1,Thursday,False,3
2022-01-21,LA PIAZZA,CHICKEN INN,1072.3867479504845,1105.25,32.863252049515495,3.0644962847893096,174.0,6.352011494252873,2022,1,January,1,Friday,False,3
2022-01-21,LA PIAZZA,PIZZA INN,1649.7123510577628,1780.5,130.78764894223718,7.927906271561751,125.0,14.244,2022,1,January,1,Friday,False,3
2022-01-21,LA PIAZZA,CREAMY INN,338.22322944649727,379.0,40.77677055350273,12.056170896432503,99.0,3.828282828282828,2022,1,January,1,Friday,False,3
2022-01-21,LA PIAZZA,GALITOS,968.1478646058052,846.25,-121.89786460580513,-12.59083132465902,95.0,8.907894736842104,2022,1,January,1,Friday,False,3
2022-01-21,CARREFOUR,CHICKEN INN,1008.7636367662532,1363.25,354.4863632337467,35.14067620142487,180.0,7.573611111111111,2022,1,January,1,Friday,False,3
2022-01-21,CARREFOUR,PIZZA INN,3322.7229229979444,2738.0,-584.7229229979444,-17.597703345976708,177.0,15.468926553672317,2022,1,January,1,Friday,False,3
2022-01-21,CARREFOUR,CREAMY INN,550.5510767779842,588.5,37.948923222015765,6.892897829590311,154.0,3.821428571428572,2022,1,January,1,Friday,False,3
2022-01-21,CARREFOUR,GALITOS,2266.723350257254,1195.5,-1071.223350257254,-47.25867186816949,90.0,13.283333333333331,2022,1,January,1,Friday,False,3
2022-01-21,KIN ALILAC,CHICKEN INN,573.1131617913506,804.5,231.38683820864932,40.37367375849741,82.0,9.810975609756095,2022,1,January,1,Friday,False,3
2022-01-21,KIN ALILAC,PIZZA INN,1151.05985887487,1536.5,385.4401411251299,33.485673064986145,97.0,15.84020618556701,2022,1,January,1,Friday,False,3
2022-01-21,KIN ALILAC,CREAMY INN,205.93309074312768,85.25,-120.68309074312768,-58.60305903613262,24.0,3.552083333333333,2022,1,January,1,Friday,False,3
2022-01-21,JUNCTION,CHICKEN INN,1552.3039725758465,1639.75,87.4460274241535,5.633305652052684,219.0,7.487442922374429,2022,1,January,1,Friday,False,3
2022-01-21,JUNCTION,PIZZA INN,5621.003057146099,3938.25,-1682.7530571460993,-29.936882083826298,265.0,14.86132075471698,2022,1,January,1,Friday,False,3
2022-01-21,JUNCTION,CREAMY INN,377.5739054562316,509.0,131.42609454376844,34.80804490049786,98.0,5.1938775510204085,2022,1,January,1,Friday,False,3
2022-01-21,JUNCTION,GALITOS,1671.0008606892409,2159.25,488.2491393107591,29.21896396327229,191.0,11.30497382198953,2022,1,January,1,Friday,False,3
2022-01-21,Bon Marche,CHICKEN INN,628.6994055843963,315.5,-313.19940558439635,-49.81703542303613,41.0,7.695121951219512,2022,1,January,1,Friday,False,3
2022-01-21,Bon Marche,PIZZA INN,1843.4432188918,1280.5,-562.9432188918001,-30.5375947098722,88.0,14.551136363636363,2022,1,January,1,Friday,False,3
2022-01-21,Bon Marche,CREAMY INN,266.3221602384087,282.5,16.177839761591315,6.074537600291725,59.0,4.788135593220339,2022,1,January,1,Friday,False,3
2022-01-21,Bon Marche,GALITOS,759.80992605451,632.5,-127.30992605451002,-16.755496564199476,51.0,12.401960784313726,2022,1,January,1,Friday,False,3
2022-01-21,OASIS,CHICKEN INN,870.1124912066173,706.25,-163.86249120661728,-18.832334078939965,64.0,11.03515625,2022,1,January,1,Friday,False,3
2022-01-21,OASIS,PIZZA INN,2364.129788193371,1414.5,-949.629788193371,-40.168259498098976,113.0,12.517699115044248,2022,1,January,1,Friday,False,3
2022-01-21,OASIS,CREAMY INN,88.3206830781913,103.5,15.179316921808706,17.186593663876316,34.0,3.044117647058824,2022,1,January,1,Friday,False,3
2022-01-22,LA PIAZZA,CHICKEN INN,1269.445510494298,1591.75,322.3044895057021,25.389391418636222,200.0,7.95875,2022,1,January,1,Saturday,True,3
2022-01-22,LA PIAZZA,PIZZA INN,1999.3433439592843,2358.75,359.40665604071546,17.976234903655175,172.0,13.713662790697674,2022,1,January,1,Saturday,True,3
2022-01-22,LA PIAZZA,CREAMY INN,550.2290438225816,516.0,-34.229043822581616,-6.22087187269936,134.0,3.850746268656717,2022,1,January,1,Saturday,True,3
2022-01-22,LA PIAZZA,GALITOS,847.536851170065,818.75,-28.78685117006501,-3.396530915478588,87.0,9.410919540229886,2022,1,January,1,Saturday,True,3
2022-01-22,CARREFOUR,CHICKEN INN,1632.6272576597346,1671.25,38.62274234026541,2.365680357170356,180.0,9.28472222222222,2022,1,January,1,Saturday,True,3
2022-01-22,CARREFOUR,PIZZA INN,4601.429153441491,3701.25,-900.1791534414906,-19.563034079710445,243.0,15.23148148148148,2022,1,January,1,Saturday,True,3
2022-01-22,CARREFOUR,CREAMY INN,851.5546908781031,923.25,71.69530912189691,8.419342866629789,171.0,5.399122807017544,2022,1,January,1,Saturday,True,3
2022-01-22,CARREFOUR,GALITOS,1340.574645585418,646.25,-694.324645585418,-51.793061122844975,59.0,10.953389830508474,2022,1,January,1,Saturday,True,3
2022-01-22,KIN ALILAC,CHICKEN INN,678.4268190852493,742.75,64.32318091475065,9.481226140422962,76.0,9.773026315789474,2022,1,January,1,Saturday,True,3
2022-01-22,KIN ALILAC,PIZZA INN,1395.0091759115437,1492.25,97.24082408845628,6.970622542673673,104.0,14.348557692307692,2022,1,January,1,Saturday,True,3
2022-01-22,KIN ALILAC,CREAMY INN,335.0165149698695,140.63,-194.3865149698695,-58.02296492378953,35.0,4.018,2022,1,January,1,Saturday,True,3
2022-01-22,JUNCTION,CHICKEN INN,2570.0972995511684,2071.0,-499.0972995511684,-19.419393173882124,238.0,8.701680672268907,2022,1,January,1,Saturday,True,3
2022-01-22,JUNCTION,PIZZA INN,6799.820959747635,6460.25,-339.57095974763524,-4.993822069106918,367.0,17.602861035422343,2022,1,January,1,Saturday,True,3
2022-01-22,JUNCTION,CREAMY INN,611.7938916510539,750.0,138.20610834894617,22.590305368359928,118.0,6.3559322033898304,2022,1,January,1,Saturday,True,3
2022-01-22,JUNCTION,GALITOS,1297.2712772896828,1189.75,-107.52127728968276,-8.288264696210728,119.0,9.997899159663865,2022,1,January,1,Saturday,True,3
2022-01-22,Bon Marche,CHICKEN INN,1040.9163881998195,668.0,-372.9163881998195,-35.82577740415329,77.0,8.675324675324676,2022,1,January,1,Saturday,True,3
2022-01-22,Bon Marche,PIZZA INN,2230.043945980245,1869.0,-361.0439459802451,-16.189992427326068,135.0,13.844444444444443,2022,1,January,1,Saturday,True,3
2022-01-22,Bon Marche,CREAMY INN,431.52947936985805,419.0,-12.529479369858052,-2.9035048516625688,103.0,4.067961165048544,2022,1,January,1,Saturday,True,3
2022-01-22,Bon Marche,GALITOS,589.8737795165159,748.75,158.87622048348408,26.933935021438888,50.0,14.975,2022,1,January,1,Saturday,True,3
2022-01-22,OASIS,CHICKEN INN,929.1612811089929,811.25,-117.91128110899274,-12.690076901209304,103.0,7.87621359223301,2022,1,January,1,Saturday,True,3
2022-01-22,OASIS,PIZZA INN,2630.299336428806,2612.75,-17.549336428805873,-0.6671992113503268,191.0,13.679319371727749,2022,1,January,1,Saturday,True,3
2022-01-22,OASIS,CREAMY INN,28.64454586319718,189.0,160.35545413680282,559.8114730205209,50.0,3.78,2022,1,January,1,Saturday,True,3
2022-01-23,LA PIAZZA,CHICKEN INN,1536.5891603118782,1684.5,147.91083968812177,9.62591976492276,183.0,9.204918032786884,2022,1,January,1,Sunday,True,3
2022-01-23,LA PIAZZA,PIZZA INN,3821.838453136985,2915.0,-906.8384531369852,-23.727807029432324,197.0,14.796954314720812,2022,1,January,1,Sunday,True,3
2022-01-23,LA PIAZZA,CREAMY INN,560.7471617451159,712.5,151.75283825488407,27.062613706792572,129.0,5.523255813953488,2022,1,January,1,Sunday,True,3
2022-01-23,LA PIAZZA,GALITOS,1140.5890162477144,976.75,-163.83901624771443,-14.364421707891642,111.0,8.79954954954955,2022,1,January,1,Sunday,True,3
2022-01-23,CARREFOUR,CHICKEN INN,2622.7854555922586,2581.25,-41.535455592258586,-1.5836390850687918,243.0,10.622427983539094,2022,1,January,1,Sunday,True,3
2022-01-23,CARREFOUR,PIZZA INN,7080.184705722746,6008.75,-1071.434705722746,-15.132863763522025,358.0,16.78421787709497,2022,1,January,1,Sunday,True,3
2022-01-23,CARREFOUR,CREAMY INN,1400.9755169312052,1410.75,9.77448306879478,0.6976912123493415,256.0,5.5107421875,2022,1,January,1,Sunday,True,3
2022-01-23,CARREFOUR,GALITOS,1994.5848683157665,1492.0,-502.58486831576647,-25.197467217333838,99.0,15.070707070707073,2022,1,January,1,Sunday,True,3
2022-01-23,KIN ALILAC,CHICKEN INN,821.1957800893293,1355.5,534.3042199106707,65.06417018515965,143.0,9.479020979020978,2022,1,January,1,Sunday,True,3
2022-01-23,KIN ALILAC,PIZZA INN,2666.625383321979,3175.5,508.8746166780211,19.083093555649157,192.0,16.5390625,2022,1,January,1,Sunday,True,3
2022-01-23,KIN ALILAC,CREAMY INN,341.420653846235,306.75,-34.670653846234984,-10.154820294453993,55.0,5.577272727272727,2022,1,January,1,Sunday,True,3
2022-01-23,JUNCTION,CHICKEN INN,4213.258416225476,3155.0,-1058.258416225476,-25.11733940054729,328.0,9.61890243902439,2022,1,January,1,Sunday,True,3
2022-01-23,JUNCTION,PIZZA INN,9634.642760583094,8230.0,-1404.642760583094,-14.579085031878073,495.0,16.626262626262626,2022,1,January,1,Sunday,True,3
2022-01-23,JUNCTION,CREAMY INN,997.26919423193,886.5,-110.7691942319301,-11.107251168752038,202.0,4.388613861386139,2022,1,January,1,Sunday,True,3
2022-01-23,JUNCTION,GALITOS,2428.735570559893,1602.5,-826.235570559893,-34.019165386926915,134.0,11.958955223880595,2022,1,January,1,Sunday,True,3
2022-01-23,Bon Marche,CHICKEN INN,1706.4138909977482,1206.0,-500.4138909977482,-29.325469842791417,127.0,9.496062992125983,2022,1,January,1,Sunday,True,3
2022-01-23,Bon Marche,PIZZA INN,3159.741541300543,3692.75,533.0084586994572,16.868735994149446,214.0,17.255841121495326,2022,1,January,1,Sunday,True,3
2022-01-23,Bon Marche,CREAMY INN,703.424898566918,623.0,-80.42489856691805,-11.433331224238302,167.0,3.730538922155689,2022,1,January,1,Sunday,True,3
2022-01-23,Bon Marche,GALITOS,1104.3545444446415,773.25,-331.10454444464153,-29.981725172430707,65.0,11.896153846153846,2022,1,January,1,Sunday,True,3
2022-01-23,OASIS,CHICKEN INN,1578.3170101002693,1494.25,-84.06701010026927,-5.326370403555909,154.0,9.70292207792208,2022,1,January,1,Sunday,True,3
2022-01-23,OASIS,PIZZA INN,4467.671565204737,3617.25,-850.4215652047369,-19.03500632920328,270.0,13.397222222222222,2022,1,January,1,Sunday,True,3
2022-01-23,OASIS,CREAMY INN,214.83409397397884,249.0,34.16590602602116,15.903391027943362,73.0,3.410958904109589,2022,1,January,1,Sunday,True,3
2022-01-24,LA PIAZZA,CHICKEN INN,1033.0922923241883,1170.75,137.6577076758117,13.324821867184564,189.0,6.194444444444445,2022,1,January,1,Monday,False,4
2022-01-24,LA PIAZZA,PIZZA INN,1944.1690178369515,1456.25,-487.9190178369513,-25.096532933119235,135.0,10.787037037037036,2022,1,January,1,Monday,False,4
2022-01-24,LA PIAZZA,CREAMY INN,359.9168476617245,500.25,140.3331523382755,38.9904371662453,131.0,3.818702290076336,2022,1,January,1,Monday,False,4
2022-01-24,LA PIAZZA,GALITOS,875.8967381130634,713.0,-162.8967381130634,-18.597710326446744,92.0,7.75,2022,1,January,1,Monday,False,4
2022-01-24,CARREFOUR,CHICKEN INN,1343.6615357733783,1522.0,178.33846422662145,13.272573447893944,161.0,9.453416149068325,2022,1,January,1,Monday,False,4
2022-01-24,CARREFOUR,PIZZA INN,2407.8048948563955,2591.25,183.44510514360445,7.618769508089455,178.0,14.557584269662922,2022,1,January,1,Monday,False,4
2022-01-24,CARREFOUR,CREAMY INN,807.867526017406,726.25,-81.61752601740602,-10.10283535219703,175.0,4.15,2022,1,January,1,Monday,False,4
2022-01-24,CARREFOUR,GALITOS,960.531792444013,695.0,-265.53179244401304,-27.644248168859043,61.0,11.39344262295082,2022,1,January,1,Monday,False,4
2022-01-24,KIN ALILAC,CHICKEN INN,552.113117033341,448.5,-103.61311703334104,-18.766646514410567,62.0,7.233870967741935,2022,1,January,1,Monday,False,4
2022-01-24,KIN ALILAC,PIZZA INN,1356.5121906648924,915.75,-440.7621906648924,-32.49231327945925,64.0,14.30859375,2022,1,January,1,Monday,False,4
2022-01-24,KIN ALILAC,CREAMY INN,219.1416271756315,120.0,-99.1416271756315,-45.24089213601314,24.0,5.0,2022,1,January,1,Monday,False,4
2022-01-24,JUNCTION,CHICKEN INN,1354.48026166643,1311.75,-42.7302616664299,-3.154734910190456,184.0,7.1290760869565215,2022,1,January,1,Monday,False,4
2022-01-24,JUNCTION,PIZZA INN,3731.6517100153214,3119.5,-612.1517100153224,-16.404309876304314,224.0,13.926339285714286,2022,1,January,1,Monday,False,4
2022-01-24,JUNCTION,CREAMY INN,363.4642677336519,384.5,21.03573226634808,5.787565418057311,93.0,4.134408602150538,2022,1,January,1,Monday,False,4
2022-01-24,JUNCTION,GALITOS,1017.9330121427572,931.25,-86.6830121427572,-8.515591017162198,111.0,8.38963963963964,2022,1,January,1,Monday,False,4
2022-01-24,Bon Marche,CHICKEN INN,548.578725835783,287.0,-261.57872583578296,-47.68298760351246,35.0,8.2,2022,1,January,1,Monday,False,4
2022-01-24,Bon Marche,PIZZA INN,1223.8185907670352,1323.25,99.43140923296482,8.124685307374326,83.0,15.94277108433735,2022,1,January,1,Monday,False,4
2022-01-24,Bon Marche,CREAMY INN,256.36991209796,200.5,-55.86991209795997,-21.79269464219025,62.0,3.2338709677419355,2022,1,January,1,Monday,False,4
2022-01-24,Bon Marche,GALITOS,462.8576949778545,226.5,-236.3576949778545,-51.0648731872467,28.0,8.089285714285714,2022,1,January,1,Monday,False,4
2022-01-24,OASIS,CHICKEN INN,719.6333169392732,544.5,-175.1333169392732,-24.33646592185947,78.0,6.980769230769231,2022,1,January,1,Monday,False,4
2022-01-24,OASIS,PIZZA INN,2119.239849974137,1341.5,-777.7398499741371,-36.699000822565154,108.0,12.421296296296296,2022,1,January,1,Monday,False,4
2022-01-24,OASIS,CREAMY INN,69.22431916939318,80.5,11.275680830606817,16.288612103233575,31.0,2.596774193548387,2022,1,January,1,Monday,False,4
2022-01-25,LA PIAZZA,CHICKEN INN,914.9156832391336,1034.0,119.0843167608664,13.015878833693687,162.0,6.382716049382716,2022,1,January,1,Tuesday,False,4
2022-01-25,LA PIAZZA,PIZZA INN,4384.035797204549,3887.75,-496.2857972045495,-11.320295274983902,257.0,15.127431906614786,2022,1,January,1,Tuesday,False,4
2022-01-25,LA PIAZZA,CREAMY INN,393.11465735472376,492.0,98.88534264527624,25.154326045911805,128.0,3.84375,2022,1,January,1,Tuesday,False,4
2022-01-25,LA PIAZZA,GALITOS,711.6049792708661,550.25,-161.35497927086612,-22.674796266349308,89.0,6.182584269662922,2022,1,January,1,Tuesday,False,4
2022-01-25,CARREFOUR,CHICKEN INN,979.9833485703286,1398.0,418.01665142967136,42.65548512018134,155.0,9.019354838709678,2022,1,January,1,Tuesday,False,4
2022-01-25,CARREFOUR,PIZZA INN,6295.47574925978,5772.5,-522.9757492597801,-8.307168037638322,356.0,16.214887640449437,2022,1,January,1,Tuesday,False,4
2022-01-25,CARREFOUR,CREAMY INN,711.4630878730082,744.25,32.78691212699175,4.6083785210855535,169.0,4.403846153846154,2022,1,January,1,Tuesday,False,4
2022-01-25,CARREFOUR,GALITOS,973.6997835056978,559.0,-414.6997835056978,-42.59010739558936,64.0,8.734375,2022,1,January,1,Tuesday,False,4
2022-01-25,KIN ALILAC,CHICKEN INN,488.9562660073869,550.0,61.04373399261311,12.48449774272673,59.0,9.322033898305085,2022,1,January,1,Tuesday,False,4
2022-01-25,KIN ALILAC,PIZZA INN,3058.8894014141724,2382.75,-676.1394014141724,-22.10408134081548,156.0,15.274038461538462,2022,1,January,1,Tuesday,False,4
2022-01-25,KIN ALILAC,CREAMY INN,239.3546905041601,124.13,-115.22469050416008,-48.13972530116656,24.0,5.172083333333333,2022,1,January,1,Tuesday,False,4
2022-01-25,JUNCTION,CHICKEN INN,1707.5988075242813,1799.75,92.15119247571874,5.39653647388767,233.0,7.724248927038626,2022,1,January,1,Tuesday,False,4
2022-01-25,JUNCTION,PIZZA INN,7239.493332805327,5336.5,-1902.9933328053264,-26.286277855689534,377.0,14.155172413793103,2022,1,January,1,Tuesday,False,4
2022-01-25,JUNCTION,CREAMY INN,488.19346520125606,343.0,-145.19346520125606,-29.740968601740818,81.0,4.234567901234568,2022,1,January,1,Tuesday,False,4
2022-01-25,JUNCTION,GALITOS,1297.2712772896828,892.75,-404.5212772896828,-31.182473887406704,120.0,7.439583333333333,2022,1,January,1,Tuesday,False,4
2022-01-25,Bon Marche,CHICKEN INN,691.5954440841222,396.5,-295.09544408412216,-42.66879526294685,49.0,8.091836734693878,2022,1,January,1,Tuesday,False,4
2022-01-25,Bon Marche,PIZZA INN,2374.237259238961,1918.25,-455.9872592389616,-19.205631512375632,127.0,15.104330708661417,2022,1,January,1,Tuesday,False,4
2022-01-25,Bon Marche,CREAMY INN,344.3477856595269,177.5,-166.84778565952695,-48.45327677654861,44.0,4.034090909090909,2022,1,January,1,Tuesday,False,4
2022-01-25,Bon Marche,GALITOS,589.8737795165159,203.5,-386.3737795165159,-65.50109412105134,21.0,9.69047619047619,2022,1,January,1,Tuesday,False,4
2022-01-25,OASIS,CHICKEN INN,953.9236768745052,606.75,-347.1736768745051,-36.3942824033896,69.0,8.793478260869565,2022,1,January,1,Tuesday,False,4
2022-01-25,OASIS,PIZZA INN,3562.067178285748,2280.0,-1282.067178285748,-35.99222345106769,159.0,14.339622641509434,2022,1,January,1,Tuesday,False,4
2022-01-25,OASIS,CREAMY INN,155.95363858851798,72.0,-83.95363858851798,-53.83243337465743,26.0,2.769230769230769,2022,1,January,1,Tuesday,False,4
2022-01-26,LA PIAZZA,CHICKEN INN,724.6014914371472,946.25,221.64850856285284,30.589021852997234,151.0,6.266556291390729,2022,1,January,1,Wednesday,False,4
2022-01-26,LA PIAZZA,PIZZA INN,1795.4887284967692,1518.25,-277.2387284967692,-15.440850398926248,127.0,11.95472440944882,2022,1,January,1,Wednesday,False,4
2022-01-26,LA PIAZZA,CREAMY INN,385.5547600979021,429.75,44.19523990209791,11.462765987087185,114.0,3.7697368421052633,2022,1,January,1,Wednesday,False,4
2022-01-26,LA PIAZZA,GALITOS,944.5733011147978,482.75,-461.8233011147978,-48.8922670765464,60.0,8.045833333333333,2022,1,January,1,Wednesday,False,4
2022-01-26,CARREFOUR,CHICKEN INN,916.6085725429384,1118.5,201.89142745706147,22.025915260311823,124.0,9.02016129032258,2022,1,January,1,Wednesday,False,4
2022-01-26,CARREFOUR,PIZZA INN,2522.3357313736788,2155.5,-366.8357313736788,-14.543493429952637,158.0,13.64240506329114,2022,1,January,1,Wednesday,False,4
2022-01-26,CARREFOUR,CREAMY INN,533.0024471021867,707.5,174.4975528978133,32.73860257987874,151.0,4.685430463576159,2022,1,January,1,Wednesday,False,4
2022-01-26,CARREFOUR,GALITOS,1034.4188534012446,501.0,-533.4188534012446,-51.56700804972034,47.0,10.659574468085106,2022,1,January,1,Wednesday,False,4
2022-01-26,KIN ALILAC,CHICKEN INN,387.2470940077734,455.75,68.5029059922266,17.689714668549975,51.0,8.936274509803921,2022,1,January,1,Wednesday,False,4
2022-01-26,KIN ALILAC,PIZZA INN,1252.7729462107588,1010.0,-242.77294621075885,-19.378846497688997,72.0,14.02777777777778,2022,1,January,1,Wednesday,False,4
2022-01-26,KIN ALILAC,CREAMY INN,234.75171568677237,89.5,-145.25171568677234,-61.87461304034972,14.0,6.392857142857143,2022,1,January,1,Wednesday,False,4
2022-01-26,JUNCTION,CHICKEN INN,1889.9574726297044,1363.75,-526.2074726297044,-27.842291704983943,178.0,7.661516853932584,2022,1,January,1,Wednesday,False,4
2022-01-26,JUNCTION,PIZZA INN,3985.981354589548,3125.0,-860.9813545895481,-21.600235374864333,210.0,14.88095238095238,2022,1,January,1,Wednesday,False,4
2022-01-26,JUNCTION,CREAMY INN,546.3251726182842,308.5,-237.82517261828423,-43.53179837540672,70.0,4.4071428571428575,2022,1,January,1,Wednesday,False,4
2022-01-26,JUNCTION,GALITOS,1356.6025965229562,885.75,-470.8525965229562,-34.70821873183614,111.0,7.97972972972973,2022,1,January,1,Wednesday,False,4
2022-01-26,Bon Marche,CHICKEN INN,765.4526179240492,415.0,-350.45261792404915,-45.7837114561704,47.0,8.829787234042554,2022,1,January,1,Wednesday,False,4
2022-01-26,Bon Marche,PIZZA INN,1307.227593375114,1031.25,-275.9775933751141,-21.111671354991145,81.0,12.73148148148148,2022,1,January,1,Wednesday,False,4
2022-01-26,Bon Marche,CREAMY INN,385.3510479981758,138.25,-247.10104799817577,-64.12362163845616,48.0,2.880208333333333,2022,1,January,1,Wednesday,False,4
2022-01-26,Bon Marche,GALITOS,616.851937541375,332.25,-284.60193754137504,-46.137803939747776,32.0,10.3828125,2022,1,January,1,Wednesday,False,4
2022-01-26,OASIS,CHICKEN INN,699.4424403920093,520.75,-178.6924403920093,-25.547840690344643,57.0,9.135964912280702,2022,1,January,1,Wednesday,False,4
2022-01-26,OASIS,PIZZA INN,2528.0874391378725,1566.0,-962.0874391378724,-38.05594000601353,117.0,13.384615384615383,2022,1,January,1,Wednesday,False,4
2022-01-26,OASIS,CREAMY INN,60.47181904452738,105.5,45.02818095547262,74.46142958312019,29.0,3.6379310344827593,2022,1,January,1,Wednesday,False,4
2022-01-27,LA PIAZZA,CHICKEN INN,1071.5070213319852,832.25,-239.25702133198524,-22.32902039545816,132.0,6.304924242424242,2022,1,January,1,Thursday,False,4
2022-01-27,LA PIAZZA,PIZZA INN,2116.95177595689,2652.0,535.0482240431102,25.27446445024764,201.0,13.194029850746269,2022,1,January,1,Thursday,False,4
2022-01-27,LA PIAZZA,CREAMY INN,496.9810718397511,395.5,-101.48107183975104,-20.41950440166323,109.0,3.628440366972477,2022,1,January,1,Thursday,False,4
2022-01-27,LA PIAZZA,GALITOS,721.0061188046142,629.25,-91.75611880461418,-12.726122069080418,103.0,6.109223300970874,2022,1,January,1,Thursday,False,4
2022-01-27,CARREFOUR,CHICKEN INN,1088.9995917367105,963.0,-125.9995917367105,-11.57021478178604,125.0,7.704,2022,1,January,1,Thursday,False,4
2022-01-27,CARREFOUR,PIZZA INN,3381.449871652978,3525.5,144.0501283470221,4.260010759130522,211.0,16.708530805687204,2022,1,January,1,Thursday,False,4
2022-01-27,CARREFOUR,CREAMY INN,586.2432049321485,597.25,11.0067950678515,1.877513457767996,147.0,4.062925170068027,2022,1,January,1,Thursday,False,4
2022-01-27,CARREFOUR,GALITOS,658.3995530842435,629.25,-29.149553084243507,-4.427334883156242,61.0,10.315573770491802,2022,1,January,1,Thursday,False,4
2022-01-27,KIN ALILAC,CHICKEN INN,572.6430115355743,485.0,-87.64301153557426,-15.304999759021705,65.0,7.461538461538462,2022,1,January,1,Thursday,False,4
2022-01-27,KIN ALILAC,PIZZA INN,1477.068539200458,1841.75,364.6814607995421,24.689542233222657,115.0,16.015217391304347,2022,1,January,1,Thursday,False,4
2022-01-27,KIN ALILAC,CREAMY INN,302.59556190826925,116.5,-186.09556190826925,-61.49976580445799,22.0,5.295454545454546,2022,1,January,1,Thursday,False,4
2022-01-27,JUNCTION,CHICKEN INN,1825.519781779732,1500.25,-325.26978177973183,-17.817926983109462,197.0,7.615482233502538,2022,1,January,1,Thursday,False,4
2022-01-27,JUNCTION,PIZZA INN,4462.2136140547855,5139.25,677.0363859452145,15.172657440977952,363.0,14.15771349862259,2022,1,January,1,Thursday,False,4
2022-01-27,JUNCTION,CREAMY INN,513.5908131018995,388.5,-125.09081310189949,-24.356123573628004,101.0,3.8465346534653455,2022,1,January,1,Thursday,False,4
2022-01-27,JUNCTION,GALITOS,1651.0142238534702,1157.5,-493.5142238534702,-29.891579171353666,127.0,9.114173228346456,2022,1,January,1,Thursday,False,4
2022-01-27,Bon Marche,CHICKEN INN,739.354676637856,424.5,-314.854676637856,-42.58506594827089,54.0,7.861111111111111,2022,1,January,1,Thursday,False,4
2022-01-27,Bon Marche,PIZZA INN,1463.4109507587416,1770.5,307.0890492412584,20.98447118234564,120.0,14.754166666666666,2022,1,January,1,Thursday,False,4
2022-01-27,Bon Marche,CREAMY INN,362.2618323123347,254.5,-107.76183231233472,-29.746946186542967,89.0,2.859550561797753,2022,1,January,1,Thursday,False,4
2022-01-27,Bon Marche,GALITOS,750.7219324971629,328.5,-422.2219324971629,-56.24212031380321,34.0,9.661764705882351,2022,1,January,1,Thursday,False,4
2022-01-27,OASIS,CHICKEN INN,692.9661214994908,385.75,-307.2161214994908,-44.33349798323676,60.0,6.429166666666666,2022,1,January,1,Thursday,False,4
2022-01-27,OASIS,PIZZA INN,2146.1009970437685,2063.75,-82.35099704376853,-3.837237723537064,157.0,13.144904458598726,2022,1,January,1,Thursday,False,4
2022-01-27,OASIS,CREAMY INN,82.75091027145852,107.0,24.24908972854148,29.303713577281563,38.0,2.8157894736842106,2022,1,January,1,Thursday,False,4
2022-01-28,LA PIAZZA,CHICKEN INN,1072.6799901566508,976.75,-95.92999015665076,-8.943020382308191,143.0,6.830419580419581,2022,1,January,1,Friday,False,4
2022-01-28,LA PIAZZA,PIZZA INN,1481.5758519797052,1589.75,108.17414802029477,7.301289898573247,139.0,11.43705035971223,2022,1,January,1,Friday,False,4
2022-01-28,LA PIAZZA,CREAMY INN,390.4851278740901,451.75,61.2648721259099,15.689425218177435,127.0,3.557086614173228,2022,1,January,1,Friday,False,4
2022-01-28,LA PIAZZA,GALITOS,1213.9335514451238,982.5,-231.43355144512384,-19.06476274336552,107.0,9.182242990654206,2022,1,January,1,Friday,False,4
2022-01-28,CARREFOUR,CHICKEN INN,968.3549492992478,1428.0,459.6450507007522,47.466587642617554,170.0,8.4,2022,1,January,1,Friday,False,4
2022-01-28,CARREFOUR,PIZZA INN,3473.127687426674,3043.0,-430.1276874266741,-12.38444785614451,205.0,14.84390243902439,2022,1,January,1,Friday,False,4
2022-01-28,CARREFOUR,CREAMY INN,669.2274028905804,640.75,-28.47740289058038,-4.255265514768001,156.0,4.107371794871795,2022,1,January,1,Friday,False,4
2022-01-28,CARREFOUR,GALITOS,1774.0210180325448,1494.75,-279.2710180325448,-15.74226095372121,105.0,14.235714285714286,2022,1,January,1,Friday,False,4
2022-01-28,KIN ALILAC,CHICKEN INN,573.269878543276,599.75,26.480121456723964,4.619137067520805,67.0,8.951492537313433,2022,1,January,1,Friday,False,4
2022-01-28,KIN ALILAC,PIZZA INN,1033.7453617284962,1623.45,589.7046382715039,57.04544466206606,108.0,15.031944444444443,2022,1,January,1,Friday,False,4
2022-01-28,KIN ALILAC,CREAMY INN,237.75365578506867,113.5,-124.25365578506867,-52.26151218360025,26.0,4.365384615384615,2022,1,January,1,Friday,False,4
2022-01-28,JUNCTION,CHICKEN INN,1706.9544306157816,1696.0,-10.954430615781575,-0.6417529618426766,214.0,7.925233644859813,2022,1,January,1,Friday,False,4
2022-01-28,JUNCTION,PIZZA INN,4487.328666456489,4406.25,-81.07866645648937,-1.806835925849728,314.0,14.03264331210191,2022,1,January,1,Friday,False,4
2022-01-28,JUNCTION,CREAMY INN,371.36566485829655,440.5,69.13433514170345,18.61624314894144,100.0,4.405,2022,1,January,1,Friday,False,4
2022-01-28,JUNCTION,GALITOS,2057.3535831429704,2321.0,263.64641685702964,12.814832560490805,193.0,12.025906735751295,2022,1,January,1,Friday,False,4
2022-01-28,Bon Marche,CHICKEN INN,691.3344646712603,364.25,-327.0844646712603,-47.31204379153783,46.0,7.918478260869565,2022,1,January,1,Friday,False,4
2022-01-28,Bon Marche,PIZZA INN,1471.6475897662892,1373.75,-97.89758976628924,-6.652244086631925,98.0,14.017857142857142,2022,1,January,1,Friday,False,4
2022-01-28,Bon Marche,CREAMY INN,261.9431710566112,253.5,-8.44317105661122,-3.223283517013879,60.0,4.225,2022,1,January,1,Friday,False,4
2022-01-28,Bon Marche,GALITOS,935.4858579971444,553.75,-381.7358579971445,-40.80616021437598,45.0,12.305555555555555,2022,1,January,1,Friday,False,4
2022-01-28,OASIS,CHICKEN INN,611.059735505873,822.5,211.44026449412692,34.602224988541195,82.0,10.03048780487805,2022,1,January,1,Friday,False,4
2022-01-28,OASIS,PIZZA INN,2268.545966153385,1836.0,-432.54596615338505,-19.067101685703243,147.0,12.489795918367347,2022,1,January,1,Friday,False,4
2022-01-28,OASIS,CREAMY INN,94.68613771445732,117.5,22.81386228554267,24.09419460570023,42.0,2.7976190476190474,2022,1,January,1,Friday,False,4
2022-01-29,LA PIAZZA,CHICKEN INN,909.3440813219722,1458.75,549.4059186780278,60.41782532738552,168.0,8.683035714285714,2022,1,January,1,Saturday,True,4
2022-01-29,LA PIAZZA,PIZZA INN,1561.4334292620297,2731.25,1169.8165707379703,74.91940090528568,231.0,11.823593073593074,2022,1,January,1,Saturday,True,4
2022-01-29,LA PIAZZA,CREAMY INN,402.31801053694136,627.25,224.93198946305864,55.9090032193339,152.0,4.126644736842105,2022,1,January,1,Saturday,True,4
2022-01-29,LA PIAZZA,GALITOS,1050.6197197388922,1063.75,13.130280261107828,1.2497652589626875,113.0,9.413716814159292,2022,1,January,1,Saturday,True,4
2022-01-29,CARREFOUR,CHICKEN INN,1383.198093295053,2080.0,696.801906704947,50.3761471392016,227.0,9.162995594713657,2022,1,January,1,Saturday,True,4
2022-01-29,CARREFOUR,PIZZA INN,2912.962946409426,4002.75,1089.787053590574,37.41163460159582,289.0,13.850346020761243,2022,1,January,1,Saturday,True,4
2022-01-29,CARREFOUR,CREAMY INN,672.2017469034275,1056.75,384.54825309657247,57.207267738894906,226.0,4.675884955752212,2022,1,January,1,Saturday,True,4
2022-01-29,CARREFOUR,GALITOS,1492.372320324285,944.5,-547.872320324285,-36.71150374895959,78.0,12.10897435897436,2022,1,January,1,Saturday,True,4
2022-01-29,KIN ALILAC,CHICKEN INN,485.97864772080345,765.75,279.7713522791965,57.5686511313407,83.0,9.225903614457833,2022,1,January,1,Saturday,True,4
2022-01-29,KIN ALILAC,PIZZA INN,1089.4646824802282,1802.0,712.5353175197718,65.4023328133634,119.0,15.142857142857142,2022,1,January,1,Saturday,True,4
2022-01-29,KIN ALILAC,CREAMY INN,244.95831202097983,163.75,-81.20831202097983,-33.15189076499866,31.0,5.282258064516129,2022,1,January,1,Saturday,True,4
2022-01-29,JUNCTION,CHICKEN INN,2018.8328543296504,2982.5,963.6671456703496,47.73387472883848,338.0,8.82396449704142,2022,1,January,1,Saturday,True,4
2022-01-29,JUNCTION,PIZZA INN,5267.802763243644,6933.5,1665.6972367563558,31.6203417557476,414.0,16.747584541062803,2022,1,January,1,Saturday,True,4
2022-01-29,JUNCTION,CREAMY INN,472.3906709519669,748.5,276.1093290480331,58.44936109589432,137.0,5.463503649635037,2022,1,January,1,Saturday,True,4
2022-01-29,JUNCTION,GALITOS,2601.918880754313,1580.25,-1021.6688807543128,-39.2659774411616,146.0,10.8236301369863,2022,1,January,1,Saturday,True,4
2022-01-29,Bon Marche,CHICKEN INN,817.6485004964359,676.75,-140.89850049643587,-17.23216032450243,65.0,10.41153846153846,2022,1,January,1,Saturday,True,4
2022-01-29,Bon Marche,PIZZA INN,1727.608966519831,2051.25,323.64103348016897,18.73346571777323,129.0,15.901162790697674,2022,1,January,1,Saturday,True,4
2022-01-29,Bon Marche,CREAMY INN,333.2012677422244,413.5,80.29873225777567,24.09916768981127,136.0,3.0404411764705883,2022,1,January,1,Saturday,True,4
2022-01-29,Bon Marche,GALITOS,1183.1016003009872,417.0,-766.1016003009872,-64.75366106394303,39.0,10.692307692307692,2022,1,January,1,Saturday,True,4
2022-01-29,OASIS,CHICKEN INN,675.061004561351,713.0,37.93899543864904,5.620083989787188,90.0,7.9222222222222225,2022,1,January,1,Saturday,True,4
2022-01-29,OASIS,PIZZA INN,2265.406351560831,2737.5,472.0936484391691,20.839248027794383,199.0,13.756281407035177,2022,1,January,1,Saturday,True,4
2022-01-29,OASIS,CREAMY INN,103.43863783932314,230.5,127.06136216067686,122.83742788458622,72.0,3.201388888888889,2022,1,January,1,Saturday,True,4
2022-01-30,LA PIAZZA,CHICKEN INN,1814.8760139637811,2165.25,350.37398603621864,19.30567065410623,227.0,9.538546255506608,2022,1,January,1,Sunday,True,4
2022-01-30,LA PIAZZA,PIZZA INN,3383.6381472496128,3641.0,257.36185275038724,7.60606901655792,250.0,14.564,2022,1,January,1,Sunday,True,4
2022-01-30,LA PIAZZA,CREAMY INN,669.8726351914105,548.75,-121.1226351914105,-18.081442475523836,114.0,4.81359649122807,2022,1,January,1,Sunday,True,4
2022-01-30,LA PIAZZA,GALITOS,1011.5026343002736,1004.75,-6.752634300273712,-0.6675844502318055,106.0,9.47877358490566,2022,1,January,1,Sunday,True,4
2022-01-30,CARREFOUR,CHICKEN INN,2409.4043289679275,2460.75,51.34567103207246,2.131052493545841,239.0,10.29602510460251,2022,1,January,1,Sunday,True,4
2022-01-30,CARREFOUR,PIZZA INN,7461.511272781452,5964.75,-1496.761272781452,-20.059760255826827,387.0,15.41279069767442,2022,1,January,1,Sunday,True,4
2022-01-30,CARREFOUR,CREAMY INN,1497.8796448697617,1030.5,-467.3796448697615,-31.202750265719747,193.0,5.339378238341969,2022,1,January,1,Sunday,True,4
2022-01-30,CARREFOUR,GALITOS,1785.7258989762647,1713.5,-72.22589897626472,-4.044624038754826,113.0,15.163716814159292,2022,1,January,1,Sunday,True,4
2022-01-30,ALILAC,CHICKEN INN,969.9199776665762,1193.75,223.8300223334238,23.077163836949914,130.0,9.182692307692308,2022,1,January,1,Sunday,True,4
2022-01-30,ALILAC,PIZZA INN,2360.878274178839,3404.75,1043.871725821161,44.21539802530651,189.0,18.014550264550262,2022,1,January,1,Sunday,True,4
2022-01-30,ALILAC,CREAMY INN,407.86359468852686,185.75,-222.1135946885269,-54.45781324468253,40.0,4.64375,2022,1,January,1,Sunday,True,4
2022-01-30,JUNCTION,CHICKEN INN,4296.3830374219415,3467.5,-828.8830374219415,-19.29257773811796,376.0,9.222074468085106,2022,1,January,1,Sunday,True,4
2022-01-30,JUNCTION,PIZZA INN,11581.218277743072,9285.75,-2295.468277743072,-19.820611464983187,502.0,18.497509960159363,2022,1,January,1,Sunday,True,4
2022-01-30,JUNCTION,CREAMY INN,951.553968010772,888.5,-63.053968010772,-6.626420584697536,165.0,5.384848484848485,2022,1,January,1,Sunday,True,4
2022-01-30,JUNCTION,GALITOS,2272.2291717175285,1962.25,-309.9791717175285,-13.642073413009744,173.0,11.342485549132949,2022,1,January,1,Sunday,True,4
2022-01-30,Bon Marche,CHICKEN INN,1740.0802352569376,1431.25,-308.8302352569376,-17.748045693498508,122.0,11.73155737704918,2022,1,January,1,Sunday,True,4
2022-01-30,Bon Marche,PIZZA INN,3798.133195012125,3895.0,96.86680498787472,2.5503793578141085,242.0,16.09504132231405,2022,1,January,1,Sunday,True,4
2022-01-30,Bon Marche,CREAMY INN,671.179614591864,680.0,8.820385408135962,1.314161696269564,179.0,3.798882681564246,2022,1,January,1,Sunday,True,4
2022-01-30,Bon Marche,GALITOS,1033.1905384114996,648.5,-384.6905384114996,-37.23326183406113,58.0,11.18103448275862,2022,1,January,1,Sunday,True,4
2022-01-30,OASIS,CHICKEN INN,1427.8378358329253,1413.5,-14.337835832925292,-1.0041641615808112,169.0,8.363905325443787,2022,1,January,1,Sunday,True,4
2022-01-30,OASIS,PIZZA INN,4727.213038189224,4257.5,-469.7130381892239,-9.936362808162103,301.0,14.144518272425248,2022,1,January,1,Sunday,True,4
2022-01-30,OASIS,CREAMY INN,290.42386777963804,279.0,-11.423867779638044,-3.933515474115928,93.0,3.0,2022,1,January,1,Sunday,True,4
2022-01-30,TATARAFEL,CHICKEN INN,1070.878376874694,487.39,-583.4883768746939,-54.48689500833663,65.0,7.498307692307692,2022,1,January,1,Sunday,True,4
2022-01-30,TATARAFEL,PIZZA INN,3545.409778641918,811.0,-2734.409778641918,-77.12535219805659,61.0,13.295081967213116,2022,1,January,1,Sunday,True,4
2022-01-30,TATARAFEL,CREAMY INN,217.81790083472853,114.5,-103.31790083472852,-47.4331542259798,42.0,2.7261904761904763,2022,1,January,1,Sunday,True,4
2022-01-31,LA PIAZZA,CHICKEN INN,1645.0887765934422,1055.25,-589.8387765934422,-35.85452560285818,163.0,6.473926380368098,2022,1,January,1,Monday,False,5
2022-01-31,LA PIAZZA,PIZZA INN,2570.8332061106094,1626.75,-944.0832061106094,-36.72284938076183,142.0,11.455985915492958,2022,1,January,1,Monday,False,5
2022-01-31,LA PIAZZA,CREAMY INN,635.3600607580945,423.25,-212.1100607580945,-33.384229487923825,116.0,3.648706896551724,2022,1,January,1,Monday,False,5
2022-01-31,LA PIAZZA,GALITOS,787.231344452195,655.0,-132.231344452195,-16.79701213424243,77.0,8.506493506493506,2022,1,January,1,Monday,False,5
2022-01-31,CARREFOUR,CHICKEN INN,1887.2892016964024,1340.75,-546.5392016964024,-28.95895346643969,163.0,8.225460122699387,2022,1,January,1,Monday,False,5
2022-01-31,CARREFOUR,PIZZA INN,4541.905006388425,2342.75,-2199.155006388425,-48.419220641893645,155.0,15.11451612903226,2022,1,January,1,Monday,False,5
2022-01-31,CARREFOUR,CREAMY INN,997.8924163101768,802.5,-195.3924163101767,-19.58050919283092,190.0,4.223684210526316,2022,1,January,1,Monday,False,5
2022-01-31,CARREFOUR,GALITOS,1450.307904432792,686.5,-763.8079044327919,-52.66522385337983,63.0,10.896825396825395,2022,1,January,1,Monday,False,5
2022-01-31,ALILAC,CHICKEN INN,879.1809783017437,485.5,-393.6809783017437,-44.778150121285776,61.0,7.959016393442623,2022,1,January,1,Monday,False,5
2022-01-31,ALILAC,PIZZA INN,1793.75689678212,1246.0,-547.7568967821201,-30.536852444428742,79.0,15.772151898734178,2022,1,January,1,Monday,False,5
2022-01-31,ALILAC,CREAMY INN,386.85001400045263,119.5,-267.35001400045263,-69.10947507426995,26.0,4.596153846153846,2022,1,January,1,Monday,False,5
2022-01-31,JUNCTION,CHICKEN INN,2573.9635610021664,1509.0,-1064.9635610021664,-41.374461439054926,164.0,9.201219512195122,2022,1,January,1,Monday,False,5
2022-01-31,JUNCTION,PIZZA INN,5971.024230491377,3357.7,-2613.3242304913774,-43.76676646439128,232.0,14.472844827586206,2022,1,January,1,Monday,False,5
2022-01-31,JUNCTION,CREAMY INN,495.5304768169975,323.5,-172.03047681699752,-34.716427115042904,69.0,4.688405797101449,2022,1,January,1,Monday,False,5
2022-01-31,JUNCTION,GALITOS,1348.2641408469285,857.0,-491.2641408469285,-36.43678756733343,91.0,9.417582417582418,2022,1,January,1,Monday,False,5
2022-01-31,Bon Marche,CHICKEN INN,1042.482264676991,592.5,-449.982264676991,-43.16450072332081,64.0,9.2578125,2022,1,January,1,Monday,False,5
2022-01-31,Bon Marche,PIZZA INN,1958.2348587311687,1525.75,-432.4848587311688,-22.085443776207505,111.0,13.745495495495495,2022,1,January,1,Monday,False,5
2022-01-31,Bon Marche,CREAMY INN,349.5229546925603,292.25,-57.27295469256029,-16.38603528713514,62.0,4.713709677419355,2022,1,January,1,Monday,False,5
2022-01-31,Bon Marche,GALITOS,613.0604126297733,339.75,-273.3104126297733,-44.58131808860169,36.0,9.4375,2022,1,January,1,Monday,False,5
2022-01-31,OASIS,CHICKEN INN,656.0130078186493,470.75,-185.26300781864927,-28.24075218183236,56.0,8.40625,2022,1,January,1,Monday,False,5
2022-01-31,OASIS,PIZZA INN,2639.369334140629,1290.5,-1348.8693341406292,-51.10574396287805,112.0,11.522321428571429,2022,1,January,1,Monday,False,5
2022-01-31,OASIS,CREAMY INN,37.397045988062985,117.0,79.60295401193702,212.85893553556616,34.0,3.4411764705882355,2022,1,January,1,Monday,False,5
2022-01-31,TATARAFEL,CHICKEN INN,492.0097558639869,366.75,-125.25975586398692,-25.45879515011369,35.0,10.478571428571428,2022,1,January,1,Monday,False,5
2022-01-31,TATARAFEL,PIZZA INN,1979.527000605472,408.75,-1570.777000605472,-79.35112782624451,36.0,11.354166666666666,2022,1,January,1,Monday,False,5
2022-01-31,TATARAFEL,CREAMY INN,28.04778449104724,55.5,27.45221550895276,97.87659170625552,21.0,2.642857142857143,2022,1,January,1,Monday,False,5
2022-02-01,LA PIAZZA,CHICKEN INN,1065.3027365826968,1038.5,-26.802736582696756,-2.5159736910725683,159.0,6.531446540880503,2022,2,February,1,Tuesday,False,5
2022-02-01,LA PIAZZA,PIZZA INN,4061.5654992281,4284.0,222.43450077190028,5.47657056901271,296.0,14.472972972972974,2022,2,February,1,Tuesday,False,5
2022-02-01,LA PIAZZA,CREAMY INN,469.5858024548248,440.0,-29.585802454824773,-6.300403951772157,111.0,3.963963963963964,2022,2,February,1,Tuesday,False,5
2022-02-01,LA PIAZZA,GALITOS,625.9528801649219,475.75,-150.2028801649219,-23.995876514754187,74.0,6.429054054054054,2022,2,February,1,Tuesday,False,5
2022-02-01,CARREFOUR,CHICKEN INN,1233.1545686203158,1494.25,261.0954313796842,21.17296874404028,189.0,7.906084656084656,2022,2,February,1,Tuesday,False,5
2022-02-01,CARREFOUR,PIZZA INN,8409.698221989356,6810.5,-1599.1982219893562,-19.01611900659924,390.0,17.462820512820514,2022,2,February,1,Tuesday,False,5
2022-02-01,CARREFOUR,CREAMY INN,798.6633212925691,805.25,6.586678707430906,0.824712808492435,196.0,4.108418367346939,2022,2,February,1,Tuesday,False,5
2022-02-01,CARREFOUR,GALITOS,795.3129449049225,694.25,-101.06294490492246,-12.707317987512988,74.0,9.381756756756756,2022,2,February,1,Tuesday,False,5
2022-02-01,ALILAC,CHICKEN INN,633.2741224489188,715.25,81.97587755108123,12.944769831123736,82.0,8.722560975609756,2022,2,February,1,Tuesday,False,5
2022-02-01,ALILAC,PIZZA INN,3152.193721658768,2954.0,-198.19372165876803,-6.28748545170229,190.0,15.547368421052632,2022,2,February,1,Tuesday,False,5
2022-02-01,ALILAC,CREAMY INN,285.915476080306,118.0,-167.915476080306,-58.72906160320718,27.0,4.37037037037037,2022,2,February,1,Tuesday,False,5
2022-02-01,JUNCTION,CHICKEN INN,2015.335559314997,1698.25,-317.085559314997,-15.733635912362548,222.0,7.649774774774775,2022,2,February,1,Tuesday,False,5
2022-02-01,JUNCTION,PIZZA INN,7683.292197118368,5378.75,-2304.542197118368,-29.99420219867065,378.0,14.229497354497354,2022,2,February,1,Tuesday,False,5
2022-02-01,JUNCTION,CREAMY INN,472.3091232378897,346.5,-125.80912323788972,-26.637030082208035,87.0,3.9827586206896552,2022,2,February,1,Tuesday,False,5
2022-02-01,JUNCTION,GALITOS,1203.217960936424,1158.25,-44.967960936424106,-3.7373079854482105,138.0,8.393115942028986,2022,2,February,1,Tuesday,False,5
2022-02-01,Bon Marche,CHICKEN INN,816.232059299537,489.75,-326.482059299537,-39.998681205895416,54.0,9.069444444444445,2022,2,February,1,Tuesday,False,5
2022-02-01,Bon Marche,PIZZA INN,2519.7838811945694,1836.0,-683.7838811945694,-27.13660827413516,121.0,15.173553719008265,2022,2,February,1,Tuesday,False,5
2022-02-01,Bon Marche,CREAMY INN,333.1437479744075,231.5,-101.64374797440752,-30.51047741175557,65.0,3.5615384615384613,2022,2,February,1,Tuesday,False,5
2022-02-01,Bon Marche,GALITOS,547.107408161043,335.75,-211.35740816104305,-38.63179423423732,36.0,9.32638888888889,2022,2,February,1,Tuesday,False,5
2022-02-01,OASIS,CHICKEN INN,772.1282246194943,474.75,-297.3782246194943,-38.51409845379537,71.0,6.686619718309859,2022,2,February,1,Tuesday,False,5
2022-02-01,OASIS,PIZZA INN,3304.218953445178,2100.25,-1203.9689534451782,-36.437323628019485,170.0,12.354411764705882,2022,2,February,1,Tuesday,False,5
2022-02-01,OASIS,CREAMY INN,112.98261134312509,140.5,27.517388656874918,24.35541923642158,56.0,2.508928571428572,2022,2,February,1,Tuesday,False,5
2022-02-01,TATARAFEL,CHICKEN INN,544.1309621849633,506.5,-37.63096218496332,-6.9157913811512985,67.0,7.559701492537314,2022,2,February,1,Tuesday,False,5
2022-02-01,TATARAFEL,PIZZA INN,2328.5353145767185,858.5,-1470.0353145767183,-63.13133004143173,72.0,11.92361111111111,2022,2,February,1,Tuesday,False,5
2022-02-01,TATARAFEL,CREAMY INN,79.62063172940026,104.5,24.87936827059974,31.247388685830945,45.0,2.3222222222222224,2022,2,February,1,Tuesday,False,5
2022-02-02,LA PIAZZA,CHICKEN INN,1011.4995680684192,1181.75,170.2504319315808,16.83148834721646,165.0,7.162121212121212,2022,2,February,1,Wednesday,False,5
2022-02-02,LA PIAZZA,PIZZA INN,1583.3886192328057,1803.75,220.3613807671943,13.91707494234519,84.0,21.473214285714285,2022,2,February,1,Wednesday,False,5
2022-02-02,LA PIAZZA,CREAMY INN,341.5469469717102,411.25,69.70305302828979,20.40804452983829,114.0,3.607456140350877,2022,2,February,1,Wednesday,False,5
2022-02-02,LA PIAZZA,GALITOS,771.405147600505,664.75,-106.65514760050496,-13.826087099919054,84.0,7.913690476190476,2022,2,February,1,Wednesday,False,5
2022-02-02,CARREFOUR,CHICKEN INN,1030.8220040420767,1404.75,373.92799595792326,36.27473943044197,190.0,7.393421052631579,2022,2,February,1,Wednesday,False,5
2022-02-02,CARREFOUR,PIZZA INN,3165.1409421723047,2059.46,-1105.6809421723046,-34.933071303088695,148.0,13.91527027027027,2022,2,February,1,Wednesday,False,5
2022-02-02,CARREFOUR,CREAMY INN,700.2513707632285,718.25,17.998629236771535,2.5703097470775678,164.0,4.379573170731708,2022,2,February,1,Wednesday,False,5
2022-02-02,CARREFOUR,GALITOS,824.4097599624196,661.5,-162.90975996241957,-19.760775269065924,73.0,9.061643835616438,2022,2,February,1,Wednesday,False,5
2022-02-02,ALILAC,CHICKEN INN,601.2905809110946,664.5,63.209419088905406,10.512291576749544,77.0,8.62987012987013,2022,2,February,1,Wednesday,False,5
2022-02-02,ALILAC,PIZZA INN,1228.872873142182,1278.5,49.627126857817984,4.03842642656138,87.0,14.695402298850574,2022,2,February,1,Wednesday,False,5
2022-02-02,ALILAC,CREAMY INN,207.9567939164559,126.0,-81.9567939164559,-39.410491176057,27.0,4.666666666666667,2022,2,February,1,Wednesday,False,5
2022-02-02,JUNCTION,CHICKEN INN,1902.646617991873,1283.5,-619.146617991873,-32.541335429137355,156.0,8.227564102564102,2022,2,February,1,Wednesday,False,5
2022-02-02,JUNCTION,PIZZA INN,4428.388623158085,3120.75,-1307.6386231580846,-29.52854264686346,228.0,13.6875,2022,2,February,1,Wednesday,False,5
2022-02-02,JUNCTION,CREAMY INN,572.9840277039442,376.0,-196.9840277039442,-34.37862456538215,81.0,4.641975308641976,2022,2,February,1,Wednesday,False,5
2022-02-02,JUNCTION,GALITOS,1146.1208123271724,1067.5,-78.62081232717242,-6.859731668909723,118.0,9.046610169491526,2022,2,February,1,Wednesday,False,5
2022-02-02,Bon Marche,CHICKEN INN,770.5918550113133,407.0,-363.5918550113133,-47.18345420429798,49.0,8.306122448979592,2022,2,February,1,Wednesday,False,5
2022-02-02,Bon Marche,PIZZA INN,1452.3178327754083,1283.5,-168.8178327754083,-11.62402808569761,88.0,14.585227272727272,2022,2,February,1,Wednesday,False,5
2022-02-02,Bon Marche,CREAMY INN,404.1549001004993,199.0,-205.15490010049933,-50.76145310856912,63.0,3.1587301587301586,2022,2,February,1,Wednesday,False,5
2022-02-02,Bon Marche,GALITOS,521.1451353200677,266.75,-254.39513532006765,-48.81464261655782,26.0,10.259615384615383,2022,2,February,1,Wednesday,False,5
2022-02-02,OASIS,CHICKEN INN,456.4702947750508,437.25,-19.22029477505083,-4.21063429429129,71.0,6.158450704225352,2022,2,February,1,Wednesday,False,5
2022-02-02,OASIS,PIZZA INN,2457.429652391828,1685.0,-772.4296523918279,-31.43242174358963,135.0,12.48148148148148,2022,2,February,1,Wednesday,False,5
2022-02-02,OASIS,CREAMY INN,218.616760159868,97.5,-121.11676015986802,-55.401406585340894,29.0,3.362068965517241,2022,2,February,1,Wednesday,False,5
2022-02-02,TATARAFEL,CHICKEN INN,321.68183053689563,510.75,189.0681694631044,58.774898522414055,66.0,7.738636363636363,2022,2,February,1,Wednesday,False,5
2022-02-02,TATARAFEL,PIZZA INN,1731.789511925666,802.5,-929.289511925666,-53.66065018446389,58.0,13.836206896551724,2022,2,February,1,Wednesday,False,5
2022-02-02,TATARAFEL,CREAMY INN,154.06268578534358,101.5,-52.562685785343575,-34.11772650684506,25.0,4.06,2022,2,February,1,Wednesday,False,5
2022-02-03,LA PIAZZA,CHICKEN INN,1021.7352928101598,1169.0,147.26470718984024,14.413195690324685,158.0,7.39873417721519,2022,2,February,1,Thursday,False,5
2022-02-03,LA PIAZZA,PIZZA INN,2250.697835618606,3137.25,886.552164381394,39.39010160987357,220.0,14.260227272727272,2022,2,February,1,Thursday,False,5
2022-02-03,LA PIAZZA,CREAMY INN,473.5457670573954,374.25,-99.29576705739538,-20.968568186010287,97.0,3.858247422680413,2022,2,February,1,Thursday,False,5
2022-02-03,LA PIAZZA,GALITOS,692.3273864837796,694.0,1.6726135162203946,0.2415928574941014,104.0,6.673076923076923,2022,2,February,1,Thursday,False,5
2022-02-03,CARREFOUR,CHICKEN INN,947.798885721594,1548.5,600.701114278406,63.378541938363874,187.0,8.280748663101605,2022,2,February,1,Thursday,False,5
2022-02-03,CARREFOUR,PIZZA INN,3865.609536726329,4107.32,241.71046327367048,6.252842170871918,261.0,15.736858237547892,2022,2,February,1,Thursday,False,5
2022-02-03,CARREFOUR,CREAMY INN,757.6485981478656,618.75,-138.89859814786564,-18.33285225992824,163.0,3.79601226993865,2022,2,February,1,Thursday,False,5
2022-02-03,CARREFOUR,GALITOS,573.7295071593671,655.75,82.02049284063287,14.296021351024867,74.0,8.861486486486486,2022,2,February,1,Thursday,False,5
2022-02-03,ALILAC,CHICKEN INN,607.3752546670709,701.5,94.12474533292914,15.496967420005126,78.0,8.993589743589743,2022,2,February,1,Thursday,False,5
2022-02-03,ALILAC,PIZZA INN,1746.7736487657985,1734.75,-12.02364876579827,-0.6883346777239117,121.0,14.336776859504132,2022,2,February,1,Thursday,False,5
2022-02-03,ALILAC,CREAMY INN,288.3265693431055,115.75,-172.57656934310552,-59.854549560342896,19.0,6.092105263157895,2022,2,February,1,Thursday,False,5
2022-02-03,JUNCTION,CHICKEN INN,2463.8048823197764,1600.75,-863.0548823197764,-35.02935189848206,171.0,9.36111111111111,2022,2,February,1,Thursday,False,5
2022-02-03,JUNCTION,PIZZA INN,5273.411666397774,5045.5,-227.91166639777384,-4.321901660930987,308.0,16.381493506493506,2022,2,February,1,Thursday,False,5
2022-02-03,JUNCTION,CREAMY INN,504.5250926670272,400.5,-104.0250926670272,-20.618418028948447,80.0,5.00625,2022,2,February,1,Thursday,False,5
2022-02-03,JUNCTION,GALITOS,1023.0137894721032,1181.5,158.4862105278969,15.492089369555728,110.0,10.74090909090909,2022,2,February,1,Thursday,False,5
2022-02-03,Bon Marche,CHICKEN INN,997.866843321946,465.0,-532.866843321946,-53.40059617052783,61.0,7.622950819672131,2022,2,February,1,Thursday,False,5
2022-02-03,Bon Marche,PIZZA INN,1729.4484414996134,1797.25,67.80155850038659,3.920415137764704,118.0,15.23093220338983,2022,2,February,1,Thursday,False,5
2022-02-03,Bon Marche,CREAMY INN,355.8673166547569,221.5,-134.3673166547569,-37.75770079642148,57.0,3.8859649122807016,2022,2,February,1,Thursday,False,5
2022-02-03,Bon Marche,GALITOS,465.1679421702572,297.5,-167.66794217025716,-36.04460388822079,34.0,8.75,2022,2,February,1,Thursday,False,5
2022-02-03,OASIS,CHICKEN INN,473.48689476666505,672.5,199.01310523333493,42.03138617625496,87.0,7.729885057471264,2022,2,February,1,Thursday,False,5
2022-02-03,OASIS,PIZZA INN,1991.8832571331536,2352.5,360.6167428668464,18.104311162586363,185.0,12.716216216216216,2022,2,February,1,Thursday,False,5
2022-02-03,OASIS,CREAMY INN,66.13616273743908,89.5,23.36383726256092,35.32687155636089,33.0,2.712121212121212,2022,2,February,1,Thursday,False,5
2022-02-03,TATARAFEL,CHICKEN INN,333.6736974721014,524.5,190.82630252789855,57.18949499873409,82.0,6.396341463414634,2022,2,February,1,Thursday,False,5
2022-02-03,TATARAFEL,PIZZA INN,1403.7116099441926,1026.75,-376.96160994419256,-26.85463362087455,76.0,13.509868421052632,2022,2,February,1,Thursday,False,5
2022-02-03,TATARAFEL,CREAMY INN,46.60719906111235,93.0,46.39280093888765,99.53998925800374,35.0,2.657142857142857,2022,2,February,1,Thursday,False,5
2022-02-04,LA PIAZZA,CHICKEN INN,917.278409548294,885.25,-32.02840954829401,-3.4916781224651445,127.0,6.9704724409448815,2022,2,February,1,Friday,False,5
2022-02-04,LA PIAZZA,PIZZA INN,1567.700409275793,2085.5,517.7995907242071,33.02924383131386,155.0,13.45483870967742,2022,2,February,1,Friday,False,5
2022-02-04,LA PIAZZA,CREAMY INN,417.4462685209792,370.25,-47.19626852097917,-11.305950509079056,93.0,3.981182795698925,2022,2,February,1,Friday,False,5
2022-02-04,LA PIAZZA,GALITOS,1244.6013888210698,696.5,-548.1013888210698,-44.03830766573792,88.0,7.914772727272727,2022,2,February,1,Friday,False,5
2022-02-04,CARREFOUR,CHICKEN INN,1251.442877900702,1349.25,97.80712209929813,7.815548262448045,164.0,8.227134146341463,2022,2,February,1,Friday,False,5
2022-02-04,CARREFOUR,PIZZA INN,3593.7462660800447,3299.0,-294.74626608004473,-8.201643751592554,212.0,15.56132075471698,2022,2,February,1,Friday,False,5
2022-02-04,CARREFOUR,CREAMY INN,785.6716446550323,802.25,16.57835534496769,2.110087013799105,198.0,4.0517676767676765,2022,2,February,1,Friday,False,5
2022-02-04,CARREFOUR,GALITOS,1970.376629919231,1482.25,-488.1266299192309,-24.773265298992104,104.0,14.252403846153848,2022,2,February,1,Friday,False,5
2022-02-04,ALILAC,CHICKEN INN,545.2803789009537,499.5,-45.78037890095368,-8.395750273139639,56.0,8.919642857142858,2022,2,February,1,Friday,False,5
2022-02-04,ALILAC,PIZZA INN,1216.697204193852,1417.75,201.052795806148,16.524472573220027,97.0,14.6159793814433,2022,2,February,1,Friday,False,5
2022-02-04,ALILAC,CREAMY INN,254.16941478677944,169.25,-84.91941478677944,-33.4105560490107,27.0,6.268518518518518,2022,2,February,1,Friday,False,5
2022-02-04,JUNCTION,CHICKEN INN,1934.9834446324217,2459.5,524.5165553675783,27.10703064786262,239.0,10.290794979079498,2022,2,February,1,Friday,False,5
2022-02-04,JUNCTION,PIZZA INN,4747.050511517833,4375.0,-372.050511517833,-7.837509009333729,294.0,14.88095238095238,2022,2,February,1,Friday,False,5
2022-02-04,JUNCTION,CREAMY INN,672.7960044174325,424.5,-248.29600441743253,-36.90509497487721,90.0,4.716666666666667,2022,2,February,1,Friday,False,5
2022-02-04,JUNCTION,GALITOS,2454.620344845533,2512.5,57.87965515446649,2.3579880805603275,212.0,11.851415094339623,2022,2,February,1,Friday,False,5
2022-02-04,Bon Marche,CHICKEN INN,783.6886092853254,527.75,-255.93860928532536,-32.65820202729822,60.0,8.795833333333333,2022,2,February,1,Friday,False,5
2022-02-04,Bon Marche,PIZZA INN,1556.8249983549067,1615.0,58.17500164509329,3.7367720653616607,109.0,14.81651376146789,2022,2,February,1,Friday,False,5
2022-02-04,Bon Marche,CREAMY INN,474.5573852083674,240.75,-233.8073852083674,-49.268516831891226,85.0,2.8323529411764707,2022,2,February,1,Friday,False,5
2022-02-04,Bon Marche,GALITOS,1116.124441695202,630.5,-485.624441695202,-43.50988326692511,50.0,12.61,2022,2,February,1,Friday,False,5
2022-02-04,OASIS,CHICKEN INN,774.6807146182364,467.0,-307.6807146182364,-39.71710006616879,65.0,7.184615384615385,2022,2,February,1,Friday,False,5
2022-02-04,OASIS,PIZZA INN,2070.043172466172,1985.25,-84.79317246617165,-4.096203093443324,145.0,13.691379310344828,2022,2,February,1,Friday,False,5
2022-02-04,OASIS,CREAMY INN,55.1134689478659,94.5,39.3865310521341,71.46443837420476,32.0,2.953125,2022,2,February,1,Friday,False,5
2022-02-04,TATARAFEL,CHICKEN INN,545.9297422252441,692.0,146.07025777475587,26.75623738310433,96.0,7.208333333333333,2022,2,February,1,Friday,False,5
2022-02-04,TATARAFEL,PIZZA INN,1458.792137476273,999.25,-459.54213747627296,-31.501550198322708,68.0,14.694852941176473,2022,2,February,1,Friday,False,5
2022-02-04,TATARAFEL,CREAMY INN,38.83933255092696,109.0,70.16066744907305,180.64333973061173,43.0,2.5348837209302326,2022,2,February,1,Friday,False,5
2022-02-05,LA PIAZZA,CHICKEN INN,1029.8713817074408,1111.0,81.12861829255917,7.877548569031473,169.0,6.57396449704142,2022,2,February,1,Saturday,True,5
2022-02-05,LA PIAZZA,PIZZA INN,2347.628561424436,2273.25,-74.37856142443616,-3.168242312544816,191.0,11.901832460732985,2022,2,February,1,Saturday,True,5
2022-02-05,LA PIAZZA,CREAMY INN,443.1860384376878,568.0,124.81396156231222,28.162882116572163,150.0,3.786666666666666,2022,2,February,1,Saturday,True,5
2022-02-05,LA PIAZZA,GALITOS,785.3787278781592,865.25,79.87127212184078,10.16977787743593,110.0,7.865909090909091,2022,2,February,1,Saturday,True,5
2022-02-05,CARREFOUR,CHICKEN INN,1562.3441356672645,1763.5,201.15586433273552,12.875259665299252,185.0,9.532432432432431,2022,2,February,1,Saturday,True,5
2022-02-05,CARREFOUR,PIZZA INN,4258.237333912332,4164.25,-93.98733391233236,-2.2071887154767813,274.0,15.197992700729928,2022,2,February,1,Saturday,True,5
2022-02-05,CARREFOUR,CREAMY INN,1204.653216215591,932.25,-272.4032162155911,-22.612583650533367,212.0,4.397405660377358,2022,2,February,1,Saturday,True,5
2022-02-05,CARREFOUR,GALITOS,1320.547760301794,1055.0,-265.54776030179414,-20.1089099754413,92.0,11.467391304347826,2022,2,February,1,Saturday,True,5
2022-02-05,ALILAC,CHICKEN INN,612.2117902166931,1147.0,534.7882097833069,87.35346465542881,101.0,11.356435643564357,2022,2,February,1,Saturday,True,5
2022-02-05,ALILAC,PIZZA INN,1822.0018890536955,1910.75,88.74811094630445,4.870912125804551,126.0,15.16468253968254,2022,2,February,1,Saturday,True,5
2022-02-05,ALILAC,CREAMY INN,269.84152099497607,150.25,-119.59152099497608,-44.319169471774,32.0,4.6953125,2022,2,February,1,Saturday,True,5
2022-02-05,JUNCTION,CHICKEN INN,3147.7777609592586,2215.5,-932.2777609592586,-29.61701339027044,264.0,8.392045454545455,2022,2,February,1,Saturday,True,5
2022-02-05,JUNCTION,PIZZA INN,7654.524109974779,6578.75,-1075.774109974779,-14.054095258161304,399.0,16.488095238095237,2022,2,February,1,Saturday,True,5
2022-02-05,JUNCTION,CREAMY INN,631.0878297100671,655.0,23.912170289932877,3.789039997953779,132.0,4.962121212121212,2022,2,February,1,Saturday,True,5
2022-02-05,JUNCTION,GALITOS,1184.8354643110065,1230.75,45.91453568899351,3.8751824259154217,133.0,9.25375939849624,2022,2,February,1,Saturday,True,5
2022-02-05,Bon Marche,CHICKEN INN,1274.8830397843822,413.5,-861.3830397843822,-67.56565213465117,49.0,8.438775510204081,2022,2,February,1,Saturday,True,5
2022-02-05,Bon Marche,PIZZA INN,2510.3492065241976,2011.25,-499.0992065241976,-19.881664480267467,133.0,15.12218045112782,2022,2,February,1,Saturday,True,5
2022-02-05,Bon Marche,CREAMY INN,445.138479327558,347.5,-97.638479327558,-21.934405552863943,102.0,3.406862745098039,2022,2,February,1,Saturday,True,5
2022-02-05,Bon Marche,GALITOS,538.7488227585827,329.0,-209.74882275858272,-38.93258117662239,32.0,10.28125,2022,2,February,1,Saturday,True,5
2022-02-05,OASIS,CHICKEN INN,742.3491746341695,895.25,152.90082536583054,20.596887635953827,76.0,11.779605263157896,2022,2,February,1,Saturday,True,5
2022-02-05,OASIS,PIZZA INN,2805.22421014006,2393.75,-411.4742101400602,-14.668139846102212,181.0,13.225138121546962,2022,2,February,1,Saturday,True,5
2022-02-05,OASIS,CREAMY INN,148.80636615923794,192.0,43.19363384076206,29.026737871241664,58.0,3.310344827586207,2022,2,February,1,Saturday,True,5
2022-02-05,TATARAFEL,CHICKEN INN,523.1451950483532,883.5,360.3548049516468,68.88236924709591,123.0,7.182926829268292,2022,2,February,1,Saturday,True,5
2022-02-05,TATARAFEL,PIZZA INN,1976.885833127368,1358.5,-618.3858331273682,-31.280806547594214,108.0,12.578703703703704,2022,2,February,1,Saturday,True,5
2022-02-05,TATARAFEL,CREAMY INN,104.8661978875028,184.5,79.63380211249721,75.93848515221833,58.0,3.181034482758621,2022,2,February,1,Saturday,True,5
2022-02-06,LA PIAZZA,CHICKEN INN,1525.6478954804672,1865.25,339.6021045195328,22.25953350871847,219.0,8.517123287671232,2022,2,February,1,Sunday,True,5
2022-02-06,LA PIAZZA,PIZZA INN,3625.097086495489,3517.0,-108.0970864954893,-2.9819087300635747,237.0,14.839662447257384,2022,2,February,1,Sunday,True,5
2022-02-06,LA PIAZZA,CREAMY INN,845.122445598599,667.75,-177.37244559859903,-20.9877807082696,124.0,5.38508064516129,2022,2,February,1,Sunday,True,5
2022-02-06,LA PIAZZA,GALITOS,1209.6674381269345,750.25,-459.4174381269343,-37.97882158738625,100.0,7.5025,2022,2,February,1,Sunday,True,5
2022-02-06,CARREFOUR,CHICKEN INN,2277.329941343309,3236.25,958.9200586566908,42.10720814969221,275.0,11.768181818181818,2022,2,February,1,Sunday,True,5
2022-02-06,CARREFOUR,PIZZA INN,7928.105315773336,5800.75,-2127.355315773336,-26.833085977564693,341.0,17.01099706744868,2022,2,February,1,Sunday,True,5
2022-02-06,CARREFOUR,CREAMY INN,1697.5964028736464,1185.0,-512.5964028736464,-30.195422304496923,202.0,5.866336633663367,2022,2,February,1,Sunday,True,5
2022-02-06,CARREFOUR,GALITOS,1660.3836387297415,1008.0,-652.3836387297417,-39.29113871712448,91.0,11.076923076923077,2022,2,February,1,Sunday,True,5
2022-02-06,ALILAC,CHICKEN INN,906.9284241920584,1550.25,643.3215758079417,70.93410666680207,154.0,10.066558441558442,2022,2,February,1,Sunday,True,5
2022-02-06,ALILAC,PIZZA INN,2813.449217703439,3185.95,372.5007822965608,13.240003763089977,196.0,16.254846938775508,2022,2,February,1,Sunday,True,5
2022-02-06,ALILAC,CREAMY INN,514.5674871691242,201.75,-312.8174871691242,-60.79231489927184,46.0,4.385869565217392,2022,2,February,1,Sunday,True,5
2022-02-06,JUNCTION,CHICKEN INN,4328.888519870608,2792.25,-1536.6385198706084,-35.49729942956672,311.0,8.978295819935692,2022,2,February,1,Sunday,True,5
2022-02-06,JUNCTION,PIZZA INN,11814.51596406796,8458.25,-3356.2659640679594,-28.40798534849441,489.0,17.297034764826176,2022,2,February,1,Sunday,True,5
2022-02-06,JUNCTION,CREAMY INN,1267.353225935531,671.5,-595.8532259355311,-47.0155607562119,154.0,4.3603896103896105,2022,2,February,1,Sunday,True,5
2022-02-06,JUNCTION,GALITOS,2560.180439103613,1848.25,-711.930439103613,-27.80782277021376,165.0,11.201515151515151,2022,2,February,1,Sunday,True,5
2022-02-06,Bon Marche,CHICKEN INN,1753.2452969038516,1345.75,-407.4952969038516,-23.242343648288635,134.0,10.042910447761194,2022,2,February,1,Sunday,True,5
2022-02-06,Bon Marche,PIZZA INN,3874.644634957351,3504.75,-369.8946349573507,-9.546543484791664,221.0,15.858597285067871,2022,2,February,1,Sunday,True,5
2022-02-06,Bon Marche,CREAMY INN,893.9289607644578,600.75,-293.17896076445777,-32.79667329647101,177.0,3.3940677966101696,2022,2,February,1,Sunday,True,5
2022-02-06,Bon Marche,GALITOS,1164.1229851426638,699.75,-464.37298514266377,-39.89037164194079,62.0,11.286290322580646,2022,2,February,1,Sunday,True,5
2022-02-06,OASIS,CHICKEN INN,1604.2399642094283,1361.5,-242.7399642094285,-15.131150552595235,158.0,8.617088607594937,2022,2,February,1,Sunday,True,5
2022-02-06,OASIS,PIZZA INN,4515.18567659604,4126.75,-388.43567659604014,-8.602872714835472,294.0,14.03656462585034,2022,2,February,1,Sunday,True,5
2022-02-06,OASIS,CREAMY INN,439.9891937671294,334.0,-105.9891937671294,-24.08904474668205,107.0,3.121495327102804,2022,2,February,1,Sunday,True,5
2022-02-06,TATARAFEL,CHICKEN INN,1130.5332553165272,1530.25,399.7167446834728,35.35647826401709,161.0,9.504658385093167,2022,2,February,1,Sunday,True,5
2022-02-06,TATARAFEL,PIZZA INN,3181.9227018423107,2592.0,-589.9227018423107,-18.53981875489149,177.0,14.64406779661017,2022,2,February,1,Sunday,True,5
2022-02-06,TATARAFEL,CREAMY INN,310.0673381982336,341.5,31.43266180176647,10.13736628450392,113.0,3.02212389380531,2022,2,February,1,Sunday,True,5
2022-02-07,LA PIAZZA,CHICKEN INN,1006.7753874183852,1016.0,9.224612581614906,0.9162532871675616,159.0,6.389937106918239,2022,2,February,1,Monday,False,6
2022-02-07,LA PIAZZA,PIZZA INN,1587.310671722059,1294.75,-292.56067172205894,-18.431216833227897,119.0,10.880252100840336,2022,2,February,1,Monday,False,6
2022-02-07,LA PIAZZA,CREAMY INN,518.7553629367426,334.5,-184.25536293674256,-35.51873890876976,94.0,3.5585106382978724,2022,2,February,1,Monday,False,6
2022-02-07,LA PIAZZA,GALITOS,627.5407870146553,616.5,-11.04078701465528,-1.7593736125389787,86.0,7.168604651162791,2022,2,February,1,Monday,False,6
2022-02-07,CARREFOUR,CHICKEN INN,1159.4207502517754,1334.25,174.82924974822458,15.079016803025072,156.0,8.552884615384615,2022,2,February,1,Monday,False,6
2022-02-07,CARREFOUR,PIZZA INN,3068.9070678007965,2526.75,-542.1570678007965,-17.666128554010292,167.0,15.130239520958083,2022,2,February,1,Monday,False,6
2022-02-07,CARREFOUR,CREAMY INN,796.7145697969386,603.0,-193.71456979693855,-24.314174378198118,152.0,3.967105263157895,2022,2,February,1,Monday,False,6
2022-02-07,CARREFOUR,GALITOS,736.3732426089667,705.25,-31.12324260896673,-4.226558056169619,66.0,10.68560606060606,2022,2,February,1,Monday,False,6
2022-02-07,ALILAC,CHICKEN INN,598.4822699467978,775.25,176.76773005320217,29.536001136494143,78.0,9.939102564102564,2022,2,February,1,Monday,False,6
2022-02-07,ALILAC,PIZZA INN,1231.9167903792647,890.5,-341.41679037926474,-27.714273646205783,68.0,13.095588235294118,2022,2,February,1,Monday,False,6
2022-02-07,ALILAC,CREAMY INN,315.853217426733,134.75,-181.103217426733,-57.33777825731431,23.0,5.858695652173913,2022,2,February,1,Monday,False,6
2022-02-07,JUNCTION,CHICKEN INN,1892.194310390888,1722.0,-170.19431039088772,-8.99454720143034,202.0,8.524752475247524,2022,2,February,1,Monday,False,6
2022-02-07,JUNCTION,PIZZA INN,4426.175693377809,3189.75,-1236.4256933778088,-27.934401592500684,234.0,13.631410256410255,2022,2,February,1,Monday,False,6
2022-02-07,JUNCTION,CREAMY INN,568.3817463569245,354.0,-214.3817463569245,-37.71791542058073,79.0,4.481012658227848,2022,2,February,1,Monday,False,6
2022-02-07,JUNCTION,GALITOS,1118.547067389046,1126.5,7.952932610953894,0.7110056288930178,132.0,8.534090909090908,2022,2,February,1,Monday,False,6
2022-02-07,Bon Marche,CHICKEN INN,766.3585607005216,284.5,-481.8585607005216,-62.87638520799702,34.0,8.367647058823529,2022,2,February,1,Monday,False,6
2022-02-07,Bon Marche,PIZZA INN,1451.5920885699952,1162.25,-289.3420885699952,-19.93274080565115,83.0,14.00301204819277,2022,2,February,1,Monday,False,6
2022-02-07,Bon Marche,CREAMY INN,400.9086760033065,204.5,-196.40867600330648,-48.99087691524207,55.0,3.718181818181818,2022,2,February,1,Monday,False,6
2022-02-07,Bon Marche,GALITOS,508.607257216377,330.5,-178.10725721637704,-35.018622854727525,30.0,11.016666666666667,2022,2,February,1,Monday,False,6
2022-02-07,OASIS,CHICKEN INN,1012.0622845012545,513.25,-498.81228450125445,-49.286718035053525,68.0,7.547794117647059,2022,2,February,1,Monday,False,6
2022-02-07,OASIS,PIZZA INN,2036.9361340936705,1342.5,-694.4361340936705,-34.0921898566377,120.0,11.1875,2022,2,February,1,Monday,False,6
2022-02-07,OASIS,CREAMY INN,149.7249239750357,87.5,-62.22492397503567,-41.55949612331125,34.0,2.573529411764706,2022,2,February,1,Monday,False,6
2022-02-07,TATARAFEL,CHICKEN INN,713.2162859713651,502.5,-210.7162859713651,-29.54451407182605,79.0,6.360759493670886,2022,2,February,1,Monday,False,6
2022-02-07,TATARAFEL,PIZZA INN,1435.4610843294963,990.75,-444.7110843294965,-30.98036506766193,74.0,13.388513513513514,2022,2,February,1,Monday,False,6
2022-02-07,TATARAFEL,CREAMY INN,105.51352009668489,128.5,22.986479903315114,21.7853407622568,41.0,3.1341463414634148,2022,2,February,1,Monday,False,6
2022-02-08,LA PIAZZA,CHICKEN INN,1043.2565602158709,1118.25,74.99343978412912,7.188398582282719,173.0,6.463872832369942,2022,2,February,1,Tuesday,False,6
2022-02-08,LA PIAZZA,PIZZA INN,4379.8120440703615,3990.5,-389.3120440703615,-8.888784270946838,267.0,14.94569288389513,2022,2,February,1,Tuesday,False,6
2022-02-08,LA PIAZZA,CREAMY INN,424.3762065754776,422.25,-2.1262065754776245,-0.5010192707633497,117.0,3.608974358974359,2022,2,February,1,Tuesday,False,6
2022-02-08,LA PIAZZA,GALITOS,866.044395844618,722.25,-143.79439584461795,-16.60358251084589,97.0,7.445876288659794,2022,2,February,1,Tuesday,False,6
2022-02-08,CARREFOUR,CHICKEN INN,1254.9263653826802,1248.75,-6.17636538268016,-0.4921695450072662,165.0,7.568181818181818,2022,2,February,1,Tuesday,False,6
2022-02-08,CARREFOUR,PIZZA INN,7344.852716647435,5638.25,-1706.602716647435,-23.235356548121707,328.0,17.189786585365855,2022,2,February,1,Tuesday,False,6
2022-02-08,CARREFOUR,CREAMY INN,670.3705144968941,686.0,15.629485503105911,2.3314697119153087,161.0,4.260869565217392,2022,2,February,1,Tuesday,False,6
2022-02-08,CARREFOUR,GALITOS,1039.6515841698024,544.25,-495.4015841698024,-47.65073142897173,61.0,8.922131147540984,2022,2,February,1,Tuesday,False,6
2022-02-08,ALILAC,CHICKEN INN,620.1686712822005,549.75,-70.41867128220053,-11.354761138870453,75.0,7.33,2022,2,February,1,Tuesday,False,6
2022-02-08,ALILAC,PIZZA INN,3399.1858631820373,2937.75,-461.4358631820373,-13.574893570252703,163.0,18.023006134969325,2022,2,February,1,Tuesday,False,6
2022-02-08,ALILAC,CREAMY INN,258.3888279966785,143.75,-114.63882799667851,-44.36678972751567,29.0,4.956896551724138,2022,2,February,1,Tuesday,False,6
2022-02-08,JUNCTION,CHICKEN INN,1765.133446116409,1222.75,-542.383446116409,-30.72761707109137,180.0,6.793055555555555,2022,2,February,1,Tuesday,False,6
2022-02-08,JUNCTION,PIZZA INN,7847.365133684548,5084.75,-2762.615133684548,-35.20436588105371,353.0,14.404390934844193,2022,2,February,1,Tuesday,False,6
2022-02-08,JUNCTION,CREAMY INN,520.0577922132185,354.0,-166.05779221321848,-31.930642074705503,98.0,3.612244897959184,2022,2,February,1,Tuesday,False,6
2022-02-08,JUNCTION,GALITOS,1397.626788884022,1286.25,-111.37678888402206,-7.968993566083136,139.0,9.25359712230216,2022,2,February,1,Tuesday,False,6
2022-02-08,Bon Marche,CHICKEN INN,714.8975767349592,226.75,-488.1475767349592,-68.28216972904005,31.0,7.314516129032258,2022,2,February,1,Tuesday,False,6
2022-02-08,Bon Marche,PIZZA INN,2573.592630138775,1662.0,-911.5926301387748,-35.421014944763016,118.0,14.084745762711863,2022,2,February,1,Tuesday,False,6
2022-02-08,Bon Marche,CREAMY INN,366.8233229827825,298.5,-68.32332298278249,-18.625675823232584,80.0,3.73125,2022,2,February,1,Tuesday,False,6
2022-02-08,Bon Marche,GALITOS,635.50578105373,190.25,-445.25578105373,-70.06321489561478,24.0,7.927083333333333,2022,2,February,1,Tuesday,False,6
2022-02-08,OASIS,CHICKEN INN,623.23297469287,595.0,-28.232974692870016,-4.530083586604714,67.0,8.880597014925373,2022,2,February,1,Tuesday,False,6
2022-02-08,OASIS,PIZZA INN,3402.857449214795,2513.25,-889.607449214795,-26.14295375259022,190.0,13.227631578947369,2022,2,February,1,Tuesday,False,6
2022-02-08,OASIS,CREAMY INN,44.09077515829272,91.5,47.409224841707285,107.52640358782722,38.0,2.4078947368421053,2022,2,February,1,Tuesday,False,6
2022-02-08,TATARAFEL,CHICKEN INN,439.2021265019126,652.5,213.29787349808743,48.5648544548107,88.0,7.414772727272727,2022,2,February,1,Tuesday,False,6
2022-02-08,TATARAFEL,PIZZA INN,2398.047421374846,1401.25,-996.7974213748462,-41.5670437744456,104.0,13.473557692307692,2022,2,February,1,Tuesday,False,6
2022-02-08,TATARAFEL,CREAMY INN,31.07146604074157,121.0,89.92853395925843,289.4248177454589,42.0,2.880952380952381,2022,2,February,1,Tuesday,False,6
2022-02-09,LA PIAZZA,CHICKEN INN,923.052408120558,960.5,37.44759187944214,4.056930197028552,140.0,6.860714285714286,2022,2,February,1,Wednesday,False,6
2022-02-09,LA PIAZZA,PIZZA INN,1277.7486716774288,1839.0,561.2513283225712,43.92501755339416,140.0,13.135714285714286,2022,2,February,1,Wednesday,False,6
2022-02-09,LA PIAZZA,CREAMY INN,379.1666106961305,428.75,49.58338930386947,13.0769397687304,114.0,3.7609649122807016,2022,2,February,1,Wednesday,False,6
2022-02-09,LA PIAZZA,GALITOS,661.5219935989509,448.25,-213.27199359895087,-32.23959228304169,68.0,6.591911764705882,2022,2,February,1,Wednesday,False,6
2022-02-09,CARREFOUR,CHICKEN INN,1317.048558811293,1498.25,181.2014411887069,13.758144297447233,152.0,9.856907894736842,2022,2,February,1,Wednesday,False,6
2022-02-09,CARREFOUR,PIZZA INN,2845.1206702793284,2161.5,-683.6206702793284,-24.027826918575364,164.0,13.179878048780488,2022,2,February,1,Wednesday,False,6
2022-02-09,CARREFOUR,CREAMY INN,851.2796116745927,478.5,-372.77961167459273,-43.7905015652002,121.0,3.954545454545455,2022,2,February,1,Wednesday,False,6
2022-02-09,CARREFOUR,GALITOS,710.2607162753154,466.5,-243.76071627531545,-34.3198927787564,44.0,10.602272727272728,2022,2,February,1,Wednesday,False,6
2022-02-09,ALILAC,CHICKEN INN,548.7127589684275,600.75,52.037241031572535,9.483512125615931,64.0,9.38671875,2022,2,February,1,Wednesday,False,6
2022-02-09,ALILAC,PIZZA INN,991.6647513095352,1193.75,202.0852486904647,20.378383765642837,82.0,14.557926829268292,2022,2,February,1,Wednesday,False,6
2022-02-09,ALILAC,CREAMY INN,230.86217991305105,127.5,-103.36217991305104,-44.77224461450552,26.0,4.903846153846154,2022,2,February,1,Wednesday,False,6
2022-02-09,JUNCTION,CHICKEN INN,1644.2786394800153,1770.0,125.72136051998471,7.645988794195047,156.0,11.346153846153848,2022,2,February,1,Wednesday,False,6
2022-02-09,JUNCTION,PIZZA INN,4183.0695503732,3477.0,-706.0695503731995,-16.87922091350851,253.0,13.743083003952568,2022,2,February,1,Wednesday,False,6
2022-02-09,JUNCTION,CREAMY INN,463.1045605438505,257.0,-206.10456054385048,-44.50497319694066,81.0,3.1728395061728394,2022,2,February,1,Wednesday,False,6
2022-02-09,JUNCTION,GALITOS,854.2290477296326,882.5,28.27095227036739,3.309528322117568,112.0,7.879464285714286,2022,2,February,1,Wednesday,False,6
2022-02-09,Bon Marche,CHICKEN INN,665.9501112664294,338.0,-327.9501112664294,-49.24544732679308,39.0,8.666666666666666,2022,2,February,1,Wednesday,False,6
2022-02-09,Bon Marche,PIZZA INN,1371.8639037181756,1105.5,-266.3639037181756,-19.41620469758312,82.0,13.481707317073171,2022,2,February,1,Wednesday,False,6
2022-02-09,Bon Marche,CREAMY INN,326.65129978002204,286.75,-39.90129978002204,-12.215258230073758,60.0,4.779166666666667,2022,2,February,1,Wednesday,False,6
2022-02-09,Bon Marche,GALITOS,388.4209307476664,170.0,-218.42093074766643,-56.23304859684848,16.0,10.625,2022,2,February,1,Wednesday,False,6
2022-02-09,OASIS,CHICKEN INN,572.6085897178177,515.0,-57.60858971781772,-10.060727476373923,68.0,7.573529411764706,2022,2,February,1,Wednesday,False,6
2022-02-09,OASIS,PIZZA INN,1916.112509517739,1185.5,-730.612509517739,-38.12993787622757,112.0,10.584821428571429,2022,2,February,1,Wednesday,False,6
2022-02-09,OASIS,CREAMY INN,112.06405352732732,135.5,23.435946472672683,20.9129919318488,36.0,3.763888888888889,2022,2,February,1,Wednesday,False,6
2022-02-09,TATARAFEL,CHICKEN INN,403.52632236967526,693.25,289.72367763032474,71.79796250439034,87.0,7.968390804597701,2022,2,February,1,Wednesday,False,6
2022-02-09,TATARAFEL,PIZZA INN,1350.314766659818,1092.5,-257.8147666598179,-19.092938404099424,80.0,13.65625,2022,2,February,1,Wednesday,False,6
2022-02-09,TATARAFEL,CREAMY INN,78.97330952021814,162.0,83.02669047978186,105.13259604313023,46.0,3.5217391304347827,2022,2,February,1,Wednesday,False,6
2022-02-10,LA PIAZZA,CHICKEN INN,954.5469457874522,1018.25,63.70305421254784,6.673642872535315,138.0,7.378623188405797,2022,2,February,1,Thursday,False,6
2022-02-10,LA PIAZZA,PIZZA INN,1878.1028491395489,3023.75,1145.6471508604511,61.00023496505148,213.0,14.196009389671362,2022,2,February,1,Thursday,False,6
2022-02-10,LA PIAZZA,CREAMY INN,481.7956933127506,334.0,-147.79569331275064,-30.67600963730725,101.0,3.3069306930693068,2022,2,February,1,Thursday,False,6
2022-02-10,LA PIAZZA,GALITOS,650.0382512616786,570.0,-80.03825126167862,-12.312852529267316,75.0,7.6,2022,2,February,1,Thursday,False,6
2022-02-10,CARREFOUR,CHICKEN INN,1254.0554935121856,1332.25,78.19450648781435,6.2353306446445975,178.0,7.484550561797753,2022,2,February,1,Thursday,False,6
2022-02-10,CARREFOUR,PIZZA INN,4276.552333197977,4281.25,4.697666802023377,0.1098470551980944,272.0,15.739889705882351,2022,2,February,1,Thursday,False,6
2022-02-10,CARREFOUR,CREAMY INN,815.2277090054284,543.0,-272.22770900542844,-33.39284300548913,146.0,3.719178082191781,2022,2,February,1,Thursday,False,6
2022-02-10,CARREFOUR,GALITOS,982.2040262357696,634.75,-347.4540262357696,-35.37493402133196,50.0,12.695,2022,2,February,1,Thursday,False,6
2022-02-10,ALILAC,CHICKEN INN,567.4348320637392,656.25,88.81516793626076,15.652047233907606,76.0,8.634868421052632,2022,2,February,1,Thursday,False,6
2022-02-10,ALILAC,PIZZA INN,1457.6015112429563,1620.5,162.89848875704365,11.175790330934374,105.0,15.433333333333334,2022,2,February,1,Thursday,False,6
2022-02-10,ALILAC,CREAMY INN,293.3496803072711,83.0,-210.34968030727111,-71.70612222482701,21.0,3.952380952380953,2022,2,February,1,Thursday,False,6
2022-02-10,JUNCTION,CHICKEN INN,1966.013732822847,1629.5,-336.51373282284703,-17.11655046985216,187.0,8.713903743315509,2022,2,February,1,Thursday,False,6
2022-02-10,JUNCTION,PIZZA INN,5553.505350015568,5243.75,-309.7553500155682,-5.577654661207805,377.0,13.909151193633951,2022,2,February,1,Thursday,False,6
2022-02-10,JUNCTION,CREAMY INN,436.6414427984876,352.5,-84.14144279848756,-19.27014583389404,97.0,3.634020618556701,2022,2,February,1,Thursday,False,6
2022-02-10,JUNCTION,GALITOS,1607.632886695611,999.75,-607.882886695611,-37.81229481720023,119.0,8.40126050420168,2022,2,February,1,Thursday,False,6
2022-02-10,Bon Marche,CHICKEN INN,796.2562017704884,408.75,-387.5062017704884,-48.66601992032994,36.0,11.354166666666666,2022,2,February,1,Thursday,False,6
2022-02-10,Bon Marche,PIZZA INN,1821.3069223561963,1256.5,-564.8069223561965,-31.01107866133373,88.0,14.278409090909092,2022,2,February,1,Thursday,False,6
2022-02-10,Bon Marche,CREAMY INN,307.9855112211636,234.0,-73.98551122116362,-24.02239992648057,63.0,3.7142857142857135,2022,2,February,1,Thursday,False,6
2022-02-10,Bon Marche,GALITOS,730.9962870151713,135.0,-595.9962870151713,-81.53205393816204,18.0,7.5,2022,2,February,1,Thursday,False,6
2022-02-10,OASIS,CHICKEN INN,517.730054744862,486.25,-31.480054744861945,-6.080399323229431,59.0,8.241525423728813,2022,2,February,1,Thursday,False,6
2022-02-10,OASIS,PIZZA INN,1980.6200378930248,1684.75,-295.8700378930246,-14.938253285964423,148.0,11.383445945945946,2022,2,February,1,Thursday,False,6
2022-02-10,OASIS,CREAMY INN,176.36310063317086,81.0,-95.36310063317086,-54.07202543548087,27.0,3.0,2022,2,February,1,Thursday,False,6
2022-02-10,TATARAFEL,CHICKEN INN,364.85255150363656,537.5,172.64744849636344,47.31978652330807,68.0,7.904411764705882,2022,2,February,1,Thursday,False,6
2022-02-10,TATARAFEL,PIZZA INN,1395.7742413478668,1329.5,-66.27424134786679,-4.748206363506701,95.0,13.994736842105263,2022,2,February,1,Thursday,False,6
2022-02-10,TATARAFEL,CREAMY INN,124.28586416296626,109.5,-14.785864162966265,-11.896657968744316,36.0,3.0416666666666665,2022,2,February,1,Thursday,False,6
2022-02-11,LA PIAZZA,CHICKEN INN,825.4193413531858,941.25,115.8306586468142,14.032946993575694,137.0,6.87043795620438,2022,2,February,1,Friday,False,6
2022-02-11,LA PIAZZA,PIZZA INN,2211.477310726074,1710.25,-501.22731072607394,-22.664818141928414,124.0,13.79233870967742,2022,2,February,1,Friday,False,6
2022-02-11,LA PIAZZA,CREAMY INN,322.4071180592859,379.5,57.09288194071411,17.708319308947633,105.0,3.6142857142857134,2022,2,February,1,Friday,False,6
2022-02-11,LA PIAZZA,GALITOS,1273.5012934862184,714.75,-558.7512934862184,-43.87520423765201,93.0,7.685483870967742,2022,2,February,1,Friday,False,6
2022-02-11,CARREFOUR,CHICKEN INN,1244.7661935602437,1409.25,164.48380643975634,13.2140322649111,166.0,8.489457831325302,2022,2,February,1,Friday,False,6
2022-02-11,CARREFOUR,PIZZA INN,2826.233327266008,2528.0,-298.2333272660076,-10.552325046513667,161.0,15.701863354037268,2022,2,February,1,Friday,False,6
2022-02-11,CARREFOUR,CREAMY INN,682.9464574820296,658.75,-24.196457482029587,-3.5429508736658564,158.0,4.169303797468355,2022,2,February,1,Friday,False,6
2022-02-11,CARREFOUR,GALITOS,1869.656885489433,1251.5,-618.1568854894331,-33.06258438577696,104.0,12.033653846153848,2022,2,February,1,Friday,False,6
2022-02-11,ALILAC,CHICKEN INN,490.6743323729612,798.0,307.3256676270388,62.63332873777485,75.0,10.64,2022,2,February,1,Friday,False,6
2022-02-11,ALILAC,PIZZA INN,1716.3344763949729,1130.95,-585.3844763949728,-34.106666529505794,87.0,12.999425287356322,2022,2,February,1,Friday,False,6
2022-02-11,ALILAC,CREAMY INN,196.30317647959168,94.5,-101.80317647959168,-51.86017786634006,21.0,4.5,2022,2,February,1,Friday,False,6
2022-02-11,JUNCTION,CHICKEN INN,2172.4468079423086,1455.75,-716.6968079423086,-32.990304081191624,182.0,7.998626373626373,2022,2,February,1,Friday,False,6
2022-02-11,JUNCTION,PIZZA INN,4913.020245038535,4058.25,-854.770245038535,-17.398060712282504,302.0,13.437913907284768,2022,2,February,1,Friday,False,6
2022-02-11,JUNCTION,CREAMY INN,465.98098638573776,308.5,-157.48098638573776,-33.79558200586653,83.0,3.716867469879518,2022,2,February,1,Friday,False,6
2022-02-11,JUNCTION,GALITOS,2479.9659083745187,2163.75,-316.2159083745187,-12.7508167473875,199.0,10.873115577889449,2022,2,February,1,Friday,False,6
2022-02-11,Bon Marche,CHICKEN INN,879.8637644086257,429.25,-450.6137644086257,-51.214038199594725,54.0,7.949074074074074,2022,2,February,1,Friday,False,6
2022-02-11,Bon Marche,PIZZA INN,1611.2558137608953,1319.25,-292.0058137608953,-18.122871071559587,88.0,14.991477272727272,2022,2,February,1,Friday,False,6
2022-02-11,Bon Marche,CREAMY INN,328.6801898407675,201.75,-126.93018984076753,-38.61814425209507,69.0,2.9239130434782608,2022,2,February,1,Friday,False,6
2022-02-11,Bon Marche,GALITOS,1127.6491579319277,522.0,-605.6491579319277,-53.70900635820708,42.0,12.428571428571429,2022,2,February,1,Friday,False,6
2022-02-11,OASIS,CHICKEN INN,512.6250747473778,517.75,5.1249252526222335,0.9997414299618104,75.0,6.903333333333333,2022,2,February,1,Friday,False,6
2022-02-11,OASIS,PIZZA INN,2046.4928049640832,1500.5,-545.9928049640832,-26.679439265053546,124.0,12.100806451612904,2022,2,February,1,Friday,False,6
2022-02-11,OASIS,CREAMY INN,112.98261134312509,98.5,-14.482611343125086,-12.8184427417258,32.0,3.078125,2022,2,February,1,Friday,False,6
2022-02-11,TATARAFEL,CHICKEN INN,361.2549914230748,604.0,242.7450085769252,67.19492168694784,80.0,7.55,2022,2,February,1,Friday,False,6
2022-02-11,TATARAFEL,PIZZA INN,1442.1958213203186,1200.0,-242.1958213203186,-16.793546184219995,89.0,13.48314606741573,2022,2,February,1,Friday,False,6
2022-02-11,TATARAFEL,CREAMY INN,79.62063172940026,141.5,61.87936827059974,77.71775597172325,41.0,3.451219512195122,2022,2,February,1,Friday,False,6
2022-02-12,LA PIAZZA,CHICKEN INN,1245.608964725666,1093.25,-152.35896472566606,-12.231684986244597,148.0,7.386824324324325,2022,2,February,1,Saturday,True,6
2022-02-12,LA PIAZZA,PIZZA INN,2469.772481804037,2438.5,-31.272481804036943,-1.2662090145726324,176.0,13.855113636363637,2022,2,February,1,Saturday,True,6
2022-02-12,LA PIAZZA,CREAMY INN,525.3553039410268,573.75,48.39469605897318,9.211803078018544,124.0,4.627016129032258,2022,2,February,1,Saturday,True,6
2022-02-12,LA PIAZZA,GALITOS,819.9950972023481,720.0,-99.99509720234812,-12.19459696082458,96.0,7.5,2022,2,February,1,Saturday,True,6
2022-02-12,CARREFOUR,CHICKEN INN,2020.4227395474104,2237.75,217.3272604525896,10.756524176780577,200.0,11.18875,2022,2,February,1,Saturday,True,6
2022-02-12,CARREFOUR,PIZZA INN,4562.438025172333,3715.5,-846.9380251723333,-18.56327736397784,263.0,14.127376425855513,2022,2,February,1,Saturday,True,6
2022-02-12,CARREFOUR,CREAMY INN,1199.131753644638,1077.5,-121.63175364463793,-10.14331855319073,197.0,5.469543147208122,2022,2,February,1,Saturday,True,6
2022-02-12,CARREFOUR,GALITOS,1194.8345978097875,1118.75,-76.08459780978751,-6.3677933288218895,100.0,11.1875,2022,2,February,1,Saturday,True,6
2022-02-12,ALILAC,CHICKEN INN,740.4579909195783,815.25,74.79200908042174,10.100776816188748,104.0,7.8389423076923075,2022,2,February,1,Saturday,True,6
2022-02-12,ALILAC,PIZZA INN,1916.7981687228375,2107.0,190.20183127716223,9.922892998374142,137.0,15.37956204379562,2022,2,February,1,Saturday,True,6
2022-02-12,ALILAC,CREAMY INN,319.8717061980655,229.25,-90.62170619806552,-28.33064145471881,37.0,6.195945945945946,2022,2,February,1,Saturday,True,6
2022-02-12,JUNCTION,CHICKEN INN,2853.806609681544,2746.0,-107.80660968154416,-3.7776424413556975,276.0,9.94927536231884,2022,2,February,1,Saturday,True,6
2022-02-12,JUNCTION,PIZZA INN,6733.629188554199,6178.25,-555.3791885541987,-8.24784336948982,380.0,16.258552631578947,2022,2,February,1,Saturday,True,6
2022-02-12,JUNCTION,CREAMY INN,715.6547494615528,811.5,95.8452505384472,13.392666032127872,128.0,6.33984375,2022,2,February,1,Saturday,True,6
2022-02-12,JUNCTION,GALITOS,1315.7411220980712,1066.0,-249.7411220980712,-18.98102277899742,116.0,9.189655172413794,2022,2,February,1,Saturday,True,6
2022-02-12,Bon Marche,CHICKEN INN,1155.821637293364,610.5,-545.3216372933639,-47.18043162527797,73.0,8.363013698630137,2022,2,February,1,Saturday,True,6
2022-02-12,Bon Marche,PIZZA INN,2208.3359393286837,1976.0,-232.33593932868325,-10.520860308930695,134.0,14.74626865671642,2022,2,February,1,Saturday,True,6
2022-02-12,Bon Marche,CREAMY INN,504.787847113475,441.25,-63.53784711347498,-12.587039778553116,113.0,3.904867256637168,2022,2,February,1,Saturday,True,6
2022-02-12,Bon Marche,GALITOS,598.2720824427703,482.75,-115.52208244277028,-19.30928850483692,43.0,11.226744186046512,2022,2,February,1,Saturday,True,6
2022-02-12,OASIS,CHICKEN INN,1220.090219398738,840.25,-379.8402193987381,-31.132141980936773,96.0,8.752604166666666,2022,2,February,1,Saturday,True,6
2022-02-12,OASIS,PIZZA INN,2927.0717637378216,2138.5,-788.5717637378216,-26.940636492315743,159.0,13.449685534591197,2022,2,February,1,Saturday,True,6
2022-02-12,OASIS,CREAMY INN,300.3684057658691,149.5,-150.8684057658691,-50.227787899726,52.0,2.875,2022,2,February,1,Saturday,True,6
2022-02-12,TATARAFEL,CHICKEN INN,859.8168592542561,889.25,29.433140745743916,3.4231872088751696,124.0,7.171370967741935,2022,2,February,1,Saturday,True,6
2022-02-12,TATARAFEL,PIZZA INN,2062.753729760349,2120.5,57.74627023965104,2.799474770376976,146.0,14.523972602739724,2022,2,February,1,Saturday,True,6
2022-02-12,TATARAFEL,CREAMY INN,211.6743624025519,211.0,-0.6743624025519068,-0.3185848276086631,59.0,3.5762711864406778,2022,2,February,1,Saturday,True,6
2022-02-13,LA PIAZZA,CHICKEN INN,1499.402447424722,1927.0,427.5975525752781,28.51786412044961,224.0,8.602678571428571,2022,2,February,1,Sunday,True,6
2022-02-13,LA PIAZZA,PIZZA INN,3179.9441289652477,3536.0,356.0558710347527,11.196922228649758,228.0,15.508771929824562,2022,2,February,1,Sunday,True,6
2022-02-13,LA PIAZZA,CREAMY INN,666.2640443824956,576.25,-90.01404438249563,-13.51026595858435,143.0,4.02972027972028,2022,2,February,1,Sunday,True,6
2022-02-13,LA PIAZZA,GALITOS,797.1292385661866,924.75,127.6207614338134,16.010046459137243,86.0,10.752906976744184,2022,2,February,1,Sunday,True,6
2022-02-13,CARREFOUR,CHICKEN INN,2304.9075505756373,3189.25,884.3424494243627,38.36780565031788,282.0,11.309397163120568,2022,2,February,1,Sunday,True,6
2022-02-13,CARREFOUR,PIZZA INN,6406.243343881819,7704.5,1298.2566561181811,20.26549080996213,423.0,18.213947990543737,2022,2,February,1,Sunday,True,6
2022-02-13,CARREFOUR,CREAMY INN,1364.7756307732311,1121.0,-243.77563077323111,-17.861956593928696,222.0,5.04954954954955,2022,2,February,1,Sunday,True,6
2022-02-13,CARREFOUR,GALITOS,1405.973025021882,1711.25,305.276974978118,21.712861452186598,130.0,13.163461538461538,2022,2,February,1,Sunday,True,6
2022-02-13,ALILAC,CHICKEN INN,891.326696612632,1418.75,527.423303387368,59.17283812902383,133.0,10.667293233082706,2022,2,February,1,Sunday,True,6
2022-02-13,ALILAC,PIZZA INN,2467.9646112945697,3003.25,535.2853887054303,21.689346202766117,173.0,17.359826589595375,2022,2,February,1,Sunday,True,6
2022-02-13,ALILAC,CREAMY INN,405.666441466014,227.0,-178.66644146601396,-44.04269695574075,38.0,5.973684210526316,2022,2,February,1,Sunday,True,6
2022-02-13,JUNCTION,CHICKEN INN,5129.469955183584,3020.75,-2108.719955183584,-41.10989972857952,275.0,10.984545454545454,2022,2,February,1,Sunday,True,6
2022-02-13,JUNCTION,PIZZA INN,13882.656910148782,8620.0,-5262.656910148782,-37.90813922874927,472.0,18.26271186440678,2022,2,February,1,Sunday,True,6
2022-02-13,JUNCTION,CREAMY INN,1141.3657740608687,553.5,-587.8657740608687,-51.50546717108042,124.0,4.463709677419355,2022,2,February,1,Sunday,True,6
2022-02-13,JUNCTION,GALITOS,2420.919101032268,1484.25,-936.669101032268,-38.69064028752042,160.0,9.2765625,2022,2,February,1,Sunday,True,6
2022-02-13,Bon Marche,CHICKEN INN,2077.489183021058,1440.25,-637.2391830210581,-30.673525919128643,122.0,11.80532786885246,2022,2,February,1,Sunday,True,6
2022-02-13,Bon Marche,PIZZA INN,4552.904433787784,3176.5,-1376.404433787784,-30.23134910483253,176.0,18.048295454545453,2022,2,February,1,Sunday,True,6
2022-02-13,Bon Marche,CREAMY INN,805.0635761038058,709.5,-95.56357610380576,-11.87031421372909,177.0,4.008474576271187,2022,2,February,1,Sunday,True,6
2022-02-13,Bon Marche,GALITOS,1100.8003684573578,788.75,-312.05036845735776,-28.347589390314216,70.0,11.267857142857142,2022,2,February,1,Sunday,True,6
2022-02-13,OASIS,CHICKEN INN,2219.390053906282,1452.5,-766.890053906282,-34.55409077626989,142.0,10.22887323943662,2022,2,February,1,Sunday,True,6
2022-02-13,OASIS,PIZZA INN,5697.482387135664,3828.25,-1869.232387135664,-32.80804151946482,257.0,14.89591439688716,2022,2,February,1,Sunday,True,6
2022-02-13,OASIS,CREAMY INN,526.3336284521192,339.0,-187.33362845211923,-35.59218304234973,78.0,4.346153846153846,2022,2,February,1,Sunday,True,6
2022-02-13,TATARAFEL,CHICKEN INN,1564.039245024217,1641.0,76.96075497578295,4.920640912344326,176.0,9.323863636363637,2022,2,February,1,Sunday,True,6
2022-02-13,TATARAFEL,PIZZA INN,4015.105878135437,3036.75,-978.3558781354368,-24.366876187827277,203.0,14.95935960591133,2022,2,February,1,Sunday,True,6
2022-02-13,TATARAFEL,CREAMY INN,370.9156258613524,169.5,-201.4156258613524,-54.30227572473348,52.0,3.2596153846153846,2022,2,February,1,Sunday,True,6
2022-02-14,LA PIAZZA,CHICKEN INN,1126.454630552583,1466.75,340.295369447417,30.2094163597592,203.0,7.225369458128079,2022,2,February,1,Monday,False,7
2022-02-14,LA PIAZZA,PIZZA INN,1851.769068140277,2700.0,848.2309318597229,45.80651801855602,217.0,12.442396313364055,2022,2,February,1,Monday,False,7
2022-02-14,LA PIAZZA,CREAMY INN,330.327047264427,558.75,228.422952735573,69.15054477895063,138.0,4.048913043478261,2022,2,February,1,Monday,False,7
2022-02-14,LA PIAZZA,GALITOS,707.8888736111674,664.5,-43.38887361116736,-6.129334028069525,102.0,6.514705882352941,2022,2,February,1,Monday,False,7
2022-02-14,CARREFOUR,CHICKEN INN,1090.9121631062023,2052.5,961.5878368937975,88.14530348216361,209.0,9.820574162679426,2022,2,February,1,Monday,False,7
2022-02-14,CARREFOUR,PIZZA INN,2610.459741932009,3808.75,1198.290258067991,45.90341842165828,243.0,15.673868312757202,2022,2,February,1,Monday,False,7
2022-02-14,CARREFOUR,CREAMY INN,693.1059486125833,930.0,236.89405138741665,34.1786204348147,214.0,4.345794392523365,2022,2,February,1,Monday,False,7
2022-02-14,CARREFOUR,GALITOS,696.0853448370475,817.0,120.9146551629525,17.37066525818877,75.0,10.893333333333333,2022,2,February,1,Monday,False,7
2022-02-14,ALILAC,CHICKEN INN,669.6261477089823,765.75,96.12385229101768,14.354853468594364,73.0,10.48972602739726,2022,2,February,1,Monday,False,7
2022-02-14,ALILAC,PIZZA INN,1437.163781222545,1495.25,58.08621877745509,4.041725761279843,104.0,14.377403846153848,2022,2,February,1,Monday,False,7
2022-02-14,ALILAC,CREAMY INN,201.12536300519065,113.25,-87.87536300519065,-43.69183562538692,23.0,4.923913043478261,2022,2,February,1,Monday,False,7
2022-02-14,JUNCTION,CHICKEN INN,1596.5899860505192,1890.0,293.4100139494808,18.3772926369962,252.0,7.5,2022,2,February,1,Monday,False,7
2022-02-14,JUNCTION,PIZZA INN,4012.0416916404383,5903.25,1891.2083083595617,47.13830148625118,406.0,14.540024630541872,2022,2,February,1,Monday,False,7
2022-02-14,JUNCTION,CREAMY INN,422.54695617324,528.5,105.95304382676004,25.074856718011805,117.0,4.517094017094017,2022,2,February,1,Monday,False,7
2022-02-14,JUNCTION,GALITOS,1047.5237849726598,1573.75,526.2262150273402,50.235252180080536,203.0,7.752463054187192,2022,2,February,1,Monday,False,7
2022-02-14,Bon Marche,CHICKEN INN,646.6357059734419,536.5,-110.13570597344189,-17.03211019064346,68.0,7.889705882352941,2022,2,February,1,Monday,False,7
2022-02-14,Bon Marche,PIZZA INN,1315.7742444140997,2646.75,1330.9757555859003,101.15532822110906,182.0,14.542582417582418,2022,2,February,1,Monday,False,7
2022-02-14,Bon Marche,CREAMY INN,298.04394992351075,295.75,-2.293949923510752,-0.7696683405583188,90.0,3.286111111111111,2022,2,February,1,Monday,False,7
2022-02-14,Bon Marche,GALITOS,476.312722706871,607.5,131.187277293129,27.542257646950013,63.0,9.642857142857142,2022,2,February,1,Monday,False,7
2022-02-14,OASIS,CHICKEN INN,608.768864699998,656.75,47.98113530000205,7.881667096040994,32.0,20.5234375,2022,2,February,1,Monday,False,7
2022-02-14,OASIS,PIZZA INN,1768.325420700286,2618.0,849.674579299714,48.04967283472229,102.0,25.666666666666668,2022,2,February,1,Monday,False,7
2022-02-14,OASIS,CREAMY INN,62.46193147424801,165.5,103.03806852575198,164.96138703016703,51.0,3.2450980392156863,2022,2,February,1,Monday,False,7
2022-02-14,TATARAFEL,CHICKEN INN,429.0090396069876,778.5,349.4909603930124,81.46470776307623,107.0,7.275700934579439,2022,2,February,1,Monday,False,7
2022-02-14,TATARAFEL,PIZZA INN,1246.1668696231773,2214.75,968.5831303768229,77.72499445998818,185.0,11.971621621621622,2022,2,February,1,Monday,False,7
2022-02-14,TATARAFEL,CREAMY INN,44.01791022438388,276.5,232.4820897756161,528.1534007192187,77.0,3.590909090909091,2022,2,February,1,Monday,False,7
2022-02-15,LA PIAZZA,CHICKEN INN,915.7036826649492,1012.5,96.79631733505084,10.570703074311876,158.0,6.408227848101266,2022,2,February,1,Tuesday,False,7
2022-02-15,LA PIAZZA,PIZZA INN,4623.259445010437,3957.5,-665.759445010437,-14.400218134609446,240.0,16.489583333333332,2022,2,February,1,Tuesday,False,7
2022-02-15,LA PIAZZA,CREAMY INN,692.9938054498468,431.25,-261.74380544984683,-37.770006512531474,113.0,3.816371681415929,2022,2,February,1,Tuesday,False,7
2022-02-15,LA PIAZZA,GALITOS,640.2440418125228,714.5,74.25595818747718,11.598070944519764,98.0,7.290816326530612,2022,2,February,1,Tuesday,False,7
2022-02-15,CARREFOUR,CHICKEN INN,1165.5168533452377,1458.5,292.9831466547625,25.13761562639353,189.0,7.716931216931217,2022,2,February,1,Tuesday,False,7
2022-02-15,CARREFOUR,PIZZA INN,7682.856028464003,6465.75,-1217.1060284640034,-15.841843501359138,392.0,16.494260204081634,2022,2,February,1,Tuesday,False,7
2022-02-15,CARREFOUR,CREAMY INN,968.2047014124232,827.0,-141.2047014124231,-14.58417844970519,211.0,3.919431279620853,2022,2,February,1,Tuesday,False,7
2022-02-15,CARREFOUR,GALITOS,1105.6789721848922,861.5,-244.17897218489225,-22.084074883180516,83.0,10.379518072289155,2022,2,February,1,Tuesday,False,7
2022-02-15,ALILAC,CHICKEN INN,544.3442752461881,627.25,82.90572475381191,15.230384248335582,81.0,7.743827160493828,2022,2,February,1,Tuesday,False,7
2022-02-15,ALILAC,PIZZA INN,3588.1261545409466,2435.75,-1152.3761545409466,-32.116377878257126,165.0,14.762121212121212,2022,2,February,1,Tuesday,False,7
2022-02-15,ALILAC,CREAMY INN,421.94132098991054,97.75,-324.19132098991054,-76.83327156234186,27.0,3.62037037037037,2022,2,February,1,Tuesday,False,7
2022-02-15,JUNCTION,CHICKEN INN,2372.020556198624,1420.25,-951.7705561986236,-40.12488651126706,220.0,6.4556818181818185,2022,2,February,1,Tuesday,False,7
2022-02-15,JUNCTION,PIZZA INN,6628.0408247524565,5756.5,-871.5408247524565,-13.14929777586285,405.0,14.21358024691358,2022,2,February,1,Tuesday,False,7
2022-02-15,JUNCTION,CREAMY INN,536.1657769277872,426.5,-109.6657769277872,-20.45370697775016,87.0,4.902298850574713,2022,2,February,1,Tuesday,False,7
2022-02-15,JUNCTION,GALITOS,1123.003430207329,1185.25,62.246569792670925,5.542865508538915,155.0,7.646774193548387,2022,2,February,1,Tuesday,False,7
2022-02-15,Bon Marche,CHICKEN INN,960.693227655306,429.75,-530.9432276553059,-55.26667747529983,59.0,7.283898305084746,2022,2,February,1,Tuesday,False,7
2022-02-15,Bon Marche,PIZZA INN,2173.707572956112,2119.25,-54.45757295611156,-2.505285146614848,150.0,14.128333333333334,2022,2,February,1,Tuesday,False,7
2022-02-15,Bon Marche,CREAMY INN,378.1851073229572,204.25,-173.9351073229572,-45.99205625895325,58.0,3.521551724137931,2022,2,February,1,Tuesday,False,7
2022-02-15,Bon Marche,GALITOS,510.6335809503069,167.25,-343.38358095030685,-67.24657244657864,21.0,7.964285714285714,2022,2,February,1,Tuesday,False,7
2022-02-15,OASIS,CHICKEN INN,761.067434624945,671.25,-89.81743462494501,-11.801508058114084,61.0,11.004098360655735,2022,2,February,1,Tuesday,False,7
2022-02-15,OASIS,PIZZA INN,2816.146119706246,2190.0,-626.1461197062458,-22.234148836409084,161.0,13.602484472049689,2022,2,February,1,Tuesday,False,7
2022-02-15,OASIS,CREAMY INN,74.40318307961897,120.5,46.09681692038103,61.95543659879813,40.0,3.0125,2022,2,February,1,Tuesday,False,7
2022-02-15,TATARAFEL,CHICKEN INN,536.3362486770795,531.25,-5.0862486770795385,-0.9483320751907444,79.0,6.724683544303797,2022,2,February,1,Tuesday,False,7
2022-02-15,TATARAFEL,PIZZA INN,1984.5826754025927,1839.25,-145.33267540259317,-7.323084959063795,136.0,13.523897058823527,2022,2,February,1,Tuesday,False,7
2022-02-15,TATARAFEL,CREAMY INN,52.4330989437514,134.5,82.06690105624861,156.51735775580886,42.0,3.202380952380953,2022,2,February,1,Tuesday,False,7
2022-02-16,LA PIAZZA,CHICKEN INN,1089.1860943134247,891.75,-197.43609431342475,-18.126938577734947,138.0,6.461956521739131,2022,2,February,1,Wednesday,False,7
2022-02-16,LA PIAZZA,PIZZA INN,1691.24506268727,1615.0,-76.24506268726986,-4.508220858668572,122.0,13.237704918032788,2022,2,February,1,Wednesday,False,7
2022-02-16,LA PIAZZA,CREAMY INN,447.4760000904725,299.0,-148.4760000904725,-33.18077395445857,81.0,3.691358024691358,2022,2,February,1,Wednesday,False,7
2022-02-16,LA PIAZZA,GALITOS,806.6566796645873,581.25,-225.40667966458727,-27.943322772497552,73.0,7.962328767123288,2022,2,February,1,Wednesday,False,7
2022-02-16,CARREFOUR,CHICKEN INN,1047.0782789579753,1575.0,527.9217210420247,50.41855338336294,166.0,9.487951807228916,2022,2,February,1,Wednesday,False,7
2022-02-16,CARREFOUR,PIZZA INN,2657.964271329149,2291.0,-366.96427132914914,-13.806215353889762,149.0,15.375838926174495,2022,2,February,1,Wednesday,False,7
2022-02-16,CARREFOUR,CREAMY INN,760.3378752118358,707.0,-53.33787521183581,-7.015022787990863,157.0,4.503184713375796,2022,2,February,1,Wednesday,False,7
2022-02-16,CARREFOUR,GALITOS,774.0498877475206,520.5,-253.54988774752064,-32.756272142270944,54.0,9.63888888888889,2022,2,February,1,Wednesday,False,7
2022-02-16,ALILAC,CHICKEN INN,647.4716945461968,533.25,-114.22169454619676,-17.64118733039798,61.0,8.741803278688524,2022,2,February,1,Wednesday,False,7
2022-02-16,ALILAC,PIZZA INN,1312.5805971619525,1398.5,85.91940283804774,6.545838253576333,99.0,14.126262626262626,2022,2,February,1,Wednesday,False,7
2022-02-16,ALILAC,CREAMY INN,272.4535386963422,172.0,-100.4535386963422,-36.86997026245298,39.0,4.410256410256411,2022,2,February,1,Wednesday,False,7
2022-02-16,JUNCTION,CHICKEN INN,1865.4102721633624,1116.75,-748.6602721633626,-40.13381309920218,156.0,7.158653846153846,2022,2,February,1,Wednesday,False,7
2022-02-16,JUNCTION,PIZZA INN,4166.94677625976,3264.0,-902.9467762597596,-21.66926588561427,253.0,12.901185770750988,2022,2,February,1,Wednesday,False,7
2022-02-16,JUNCTION,CREAMY INN,355.5262340572666,277.75,-77.7762340572666,-21.876369900944848,59.0,4.707627118644068,2022,2,February,1,Wednesday,False,7
2022-02-16,JUNCTION,GALITOS,795.4607630635248,877.75,82.28923693647516,10.344851783708108,115.0,7.632608695652173,2022,2,February,1,Wednesday,False,7
2022-02-16,Bon Marche,CHICKEN INN,755.5107440291176,317.5,-438.0107440291176,-57.97544872667444,45.0,7.055555555555555,2022,2,February,1,Wednesday,False,7
2022-02-16,Bon Marche,PIZZA INN,1366.5763387930224,1460.25,93.6736612069776,6.854623378721117,103.0,14.177184466019416,2022,2,February,1,Wednesday,False,7
2022-02-16,Bon Marche,CREAMY INN,250.77081150814112,262.0,11.229188491858878,4.477869024838375,82.0,3.1951219512195124,2022,2,February,1,Wednesday,False,7
2022-02-16,Bon Marche,GALITOS,361.69878650646734,334.25,-27.448786506467343,-7.588852252335811,28.0,11.9375,2022,2,February,1,Wednesday,False,7
2022-02-16,OASIS,CHICKEN INN,687.0452246614233,581.5,-105.54522466142328,-15.362194637687216,60.0,9.691666666666666,2022,2,February,1,Wednesday,False,7
2022-02-16,OASIS,PIZZA INN,1789.486620484771,1454.25,-335.23662048477104,-18.733675717226408,127.0,11.450787401574804,2022,2,February,1,Wednesday,False,7
2022-02-16,OASIS,CREAMY INN,61.54337365845025,148.0,86.45662634154975,140.48080435330306,42.0,3.523809523809524,2022,2,February,1,Wednesday,False,7
2022-02-16,TATARAFEL,CHICKEN INN,484.1716275089343,526.25,42.07837249106569,8.690796837385774,67.0,7.854477611940299,2022,2,February,1,Wednesday,False,7
2022-02-16,TATARAFEL,PIZZA INN,1261.079501531426,1092.5,-168.57950153142588,-13.3678726302907,78.0,14.006410256410255,2022,2,February,1,Wednesday,False,7
2022-02-16,TATARAFEL,CREAMY INN,43.37058801520177,96.0,52.62941198479823,121.34816333675523,38.0,2.526315789473684,2022,2,February,1,Wednesday,False,7
2022-02-17,LA PIAZZA,CHICKEN INN,950.0852196179754,1075.75,125.66478038202456,13.226685121209837,157.0,6.851910828025478,2022,2,February,1,Thursday,False,7
2022-02-17,LA PIAZZA,PIZZA INN,2062.9996093472014,3342.0,1279.0003906527986,61.99712229017411,226.0,14.787610619469026,2022,2,February,1,Thursday,False,7
2022-02-17,LA PIAZZA,CREAMY INN,552.7450591088063,400.5,-152.24505910880634,-27.54345002274137,113.0,3.5442477876106198,2022,2,February,1,Thursday,False,7
2022-02-17,LA PIAZZA,GALITOS,785.6963092481059,471.0,-314.6963092481059,-40.05317392279255,69.0,6.826086956521739,2022,2,February,1,Thursday,False,7
2022-02-17,CARREFOUR,CHICKEN INN,1230.8322436323303,1388.75,157.91775636766965,12.830160826924375,158.0,8.789556962025317,2022,2,February,1,Thursday,False,7
2022-02-17,CARREFOUR,PIZZA INN,3554.5407207342123,3899.75,345.2092792657877,9.711782938710648,224.0,17.409598214285715,2022,2,February,1,Thursday,False,7
2022-02-17,CARREFOUR,CREAMY INN,721.3628452992257,681.0,-40.36284529922568,-5.595359611636628,148.0,4.601351351351352,2022,2,February,1,Thursday,False,7
2022-02-17,CARREFOUR,GALITOS,722.5709072611795,728.25,5.679092738820486,0.7859564620926164,77.0,9.457792207792208,2022,2,February,1,Thursday,False,7
2022-02-17,ALILAC,CHICKEN INN,564.7825383752368,461.5,-103.28253837523675,-18.287133782917472,59.0,7.822033898305085,2022,2,February,1,Thursday,False,7
2022-02-17,ALILAC,PIZZA INN,1601.1004667054194,1833.5,232.39953329458055,14.514987543085825,139.0,13.190647482014388,2022,2,February,1,Thursday,False,7
2022-02-17,ALILAC,CREAMY INN,336.5484345990953,122.75,-213.7984345990953,-63.52679514132259,23.0,5.336956521739131,2022,2,February,1,Thursday,False,7
2022-02-17,JUNCTION,CHICKEN INN,1983.9786365120408,1263.5,-720.4786365120406,-36.31483843892026,159.0,7.946540880503145,2022,2,February,1,Thursday,False,7
2022-02-17,JUNCTION,PIZZA INN,6131.080022667612,5358.48,-772.6000226676124,-12.601369086868594,367.0,14.60076294277929,2022,2,February,1,Thursday,False,7
2022-02-17,JUNCTION,CREAMY INN,388.3174886547814,290.5,-97.8174886547814,-25.190080671783043,77.0,3.772727272727273,2022,2,February,1,Thursday,False,7
2022-02-17,JUNCTION,GALITOS,1068.134463007219,881.5,-186.63446300721895,-17.472937113345218,121.0,7.285123966942149,2022,2,February,1,Thursday,False,7
2022-02-17,Bon Marche,CHICKEN INN,803.5321763671617,427.5,-376.0321763671617,-46.79740120267935,53.0,8.066037735849056,2022,2,February,1,Thursday,False,7
2022-02-17,Bon Marche,PIZZA INN,2010.726159969037,1730.5,-280.2261599690371,-13.93656508519053,123.0,14.06910569105691,2022,2,February,1,Thursday,False,7
2022-02-17,Bon Marche,CREAMY INN,273.9001582006396,256.25,-17.650158200639567,-6.4440116853493485,79.0,3.2436708860759493,2022,2,February,1,Thursday,False,7
2022-02-17,Bon Marche,GALITOS,485.6844699762962,227.75,-257.93446997629627,-53.1074156002733,23.0,9.902173913043478,2022,2,February,1,Thursday,False,7
2022-02-17,OASIS,CHICKEN INN,885.2886145637286,499.75,-385.53861456372863,-43.54948298456572,65.0,7.688461538461539,2022,2,February,1,Thursday,False,7
2022-02-17,OASIS,PIZZA INN,2124.652720297101,2090.25,-34.40272029710104,-1.6192161649970886,151.0,13.84271523178808,2022,2,February,1,Thursday,False,7
2022-02-17,OASIS,CREAMY INN,124.00530513269828,109.5,-14.505305132698268,-11.697326269368975,37.0,2.95945945945946,2022,2,February,1,Thursday,False,7
2022-02-17,TATARAFEL,CHICKEN INN,623.8768773040819,600.75,-23.12687730408186,-3.706961765279476,73.0,8.229452054794521,2022,2,February,1,Thursday,False,7
2022-02-17,TATARAFEL,PIZZA INN,1497.2763488523988,1613.25,115.97365114760125,7.745641025886123,121.0,13.332644628099173,2022,2,February,1,Thursday,False,7
2022-02-17,TATARAFEL,CREAMY INN,87.38849823958566,160.0,72.61150176041434,83.09045609336543,44.0,3.636363636363636,2022,2,February,1,Thursday,False,7
2022-02-18,LA PIAZZA,CHICKEN INN,942.7364941623669,850.25,-92.48649416236684,-9.810428973001862,125.0,6.802,2022,2,February,1,Friday,False,7
2022-02-18,LA PIAZZA,PIZZA INN,1570.7820219459202,1597.25,26.467978054079826,1.6850191614295846,150.0,10.648333333333332,2022,2,February,1,Friday,False,7
2022-02-18,LA PIAZZA,CREAMY INN,482.78568446339335,304.5,-178.28568446339335,-36.92853582880245,85.0,3.5823529411764707,2022,2,February,1,Friday,False,7
2022-02-18,LA PIAZZA,GALITOS,1365.5998907707578,961.0,-404.5998907707578,-29.62799671449869,95.0,10.115789473684211,2022,2,February,1,Friday,False,7
2022-02-18,CARREFOUR,CHICKEN INN,1039.2404321235242,1722.75,683.5095678764758,65.77010927873847,172.0,10.015988372093023,2022,2,February,1,Friday,False,7
2022-02-18,CARREFOUR,PIZZA INN,3351.072525545256,2873.0,-478.07252554525576,-14.266254218639096,200.0,14.365,2022,2,February,1,Friday,False,7
2022-02-18,CARREFOUR,CREAMY INN,737.9272330120849,723.25,-14.677233012084912,-1.9889810750275625,154.0,4.696428571428571,2022,2,February,1,Friday,False,7
2022-02-18,CARREFOUR,GALITOS,1743.943722997426,1284.75,-459.193722997426,-26.33076497492596,91.0,14.118131868131869,2022,2,February,1,Friday,False,7
2022-02-18,ALILAC,CHICKEN INN,560.4140546529974,965.0,404.5859453470026,72.19411111977163,108.0,8.935185185185185,2022,2,February,1,Friday,False,7
2022-02-18,ALILAC,PIZZA INN,1219.0888534515595,1703.25,484.16114654844046,39.71500068905179,124.0,13.735887096774194,2022,2,February,1,Friday,False,7
2022-02-18,ALILAC,CREAMY INN,293.952453622971,181.25,-112.702453622971,-38.3403683942456,36.0,5.034722222222222,2022,2,February,1,Friday,False,7
2022-02-18,JUNCTION,CHICKEN INN,2103.20027008578,1375.5,-727.7002700857802,-34.59966606299934,172.0,7.997093023255814,2022,2,February,1,Friday,False,7
2022-02-18,JUNCTION,PIZZA INN,5249.701704466244,3569.0,-1680.7017044662443,-32.015184844433506,262.0,13.622137404580153,2022,2,February,1,Friday,False,7
2022-02-18,JUNCTION,CREAMY INN,491.8688189627232,321.0,-170.8688189627232,-34.738697062167844,72.0,4.458333333333333,2022,2,February,1,Friday,False,7
2022-02-18,JUNCTION,GALITOS,2127.6347230540146,2062.0,-65.63472305401456,-3.084868015304913,212.0,9.726415094339623,2022,2,February,1,Friday,False,7
2022-02-18,Bon Marche,CHICKEN INN,851.8181895996303,436.5,-415.3181895996303,-48.75667069223272,61.0,7.155737704918033,2022,2,February,1,Friday,False,7
2022-02-18,Bon Marche,PIZZA INN,1721.6726107273294,1110.5,-611.1726107273294,-35.498770609421285,87.0,12.764367816091951,2022,2,February,1,Friday,False,7
2022-02-18,Bon Marche,CREAMY INN,346.9402003874768,218.25,-128.6902003874768,-37.09290541821051,58.0,3.7629310344827593,2022,2,February,1,Friday,False,7
2022-02-18,Bon Marche,GALITOS,967.4429377181036,396.75,-570.6929377181036,-58.98982931894572,38.0,10.44078947368421,2022,2,February,1,Friday,False,7
2022-02-18,OASIS,CHICKEN INN,1005.6810595043992,609.25,-396.4310595043992,-39.419163337903655,77.0,7.912337662337662,2022,2,February,1,Friday,False,7
2022-02-18,OASIS,PIZZA INN,2078.5759143147543,1595.75,-482.8259143147543,-23.228688016137617,148.0,10.782094594594597,2022,2,February,1,Friday,False,7
2022-02-18,OASIS,CREAMY INN,92.77433939557426,104.0,11.22566060442574,12.09996285347978,41.0,2.5365853658536586,2022,2,February,1,Friday,False,7
2022-02-18,TATARAFEL,CHICKEN INN,708.7193358706629,637.25,-71.46933587066292,-10.084293210776126,84.0,7.586309523809524,2022,2,February,1,Friday,False,7
2022-02-18,TATARAFEL,PIZZA INN,1464.8052955037924,1052.25,-412.5552955037924,-28.164514203363915,88.0,11.957386363636363,2022,2,February,1,Friday,False,7
2022-02-18,TATARAFEL,CREAMY INN,65.37954312739372,168.0,102.62045687260628,156.96111040826287,58.0,2.896551724137931,2022,2,February,1,Friday,False,7
2022-02-19,LA PIAZZA,CHICKEN INN,1128.8167208776,1372.25,243.4332791224001,21.565350213198705,160.0,8.5765625,2022,2,February,1,Saturday,True,7
2022-02-19,LA PIAZZA,PIZZA INN,2205.538202670919,2502.0,296.46179732908104,13.441698582688986,183.0,13.672131147540984,2022,2,February,1,Saturday,True,7
2022-02-19,LA PIAZZA,CREAMY INN,509.1854484805304,545.0,35.8145515194696,7.033695017472407,119.0,4.579831932773109,2022,2,February,1,Saturday,True,7
2022-02-19,LA PIAZZA,GALITOS,573.5519541237184,947.25,373.6980458762816,65.15504710418489,114.0,8.30921052631579,2022,2,February,1,Saturday,True,7
2022-02-19,CARREFOUR,CHICKEN INN,1729.8418254257208,2173.75,443.9081745742792,25.661778322710617,193.0,11.262953367875648,2022,2,February,1,Saturday,True,7
2022-02-19,CARREFOUR,PIZZA INN,4230.7648349838655,3689.75,-541.0148349838655,-12.787636658749168,246.0,14.998983739837398,2022,2,February,1,Saturday,True,7
2022-02-19,CARREFOUR,CREAMY INN,927.9305038360592,807.5,-120.4305038360593,-12.978396909919471,184.0,4.388586956521739,2022,2,February,1,Saturday,True,7
2022-02-19,CARREFOUR,GALITOS,1258.996805372473,1021.75,-237.2468053724733,-18.844114962014064,93.0,10.986559139784946,2022,2,February,1,Saturday,True,7
2022-02-19,ALILAC,CHICKEN INN,671.0303031911307,981.0,309.96969680886934,46.19309967594417,113.0,8.68141592920354,2022,2,February,1,Saturday,True,7
2022-02-19,ALILAC,PIZZA INN,1711.7251160073906,2114.25,402.5248839926094,23.515743283098,139.0,15.21043165467626,2022,2,February,1,Saturday,True,7
2022-02-19,ALILAC,CREAMY INN,310.0264087083009,129.0,-181.02640870830092,-58.39064144971788,29.0,4.448275862068965,2022,2,February,1,Saturday,True,7
2022-02-19,JUNCTION,CHICKEN INN,3247.4013177811503,2260.0,-987.4013177811504,-30.405891393054286,245.0,9.224489795918368,2022,2,February,1,Saturday,True,7
2022-02-19,JUNCTION,PIZZA INN,7175.582878957896,6747.5,-428.0828789578964,-5.96582725304772,443.0,15.2313769751693,2022,2,February,1,Saturday,True,7
2022-02-19,JUNCTION,CREAMY INN,751.322429900955,555.0,-196.32242990095492,-26.13025008807945,117.0,4.743589743589744,2022,2,February,1,Saturday,True,7
2022-02-19,JUNCTION,GALITOS,1390.663721980455,1241.75,-148.91372198045497,-10.708104312118373,111.0,11.186936936936936,2022,2,February,1,Saturday,True,7
2022-02-19,Bon Marche,CHICKEN INN,1315.231626184116,635.5,-679.7316261841161,-51.68151469686162,77.0,8.253246753246753,2022,2,February,1,Saturday,True,7
2022-02-19,Bon Marche,PIZZA INN,2353.2774249240592,2176.0,-177.27742492405923,-7.533214020857741,155.0,14.038709677419355,2022,2,February,1,Saturday,True,7
2022-02-19,Bon Marche,CREAMY INN,529.9460838667189,247.5,-282.44608386671894,-53.29713577763769,69.0,3.5869565217391304,2022,2,February,1,Saturday,True,7
2022-02-19,Bon Marche,GALITOS,632.3396502194647,341.75,-290.5896502194647,-45.95467801498932,45.0,7.594444444444444,2022,2,February,1,Saturday,True,7
2022-02-19,OASIS,CHICKEN INN,1166.9133444249435,743.25,-423.6633444249435,-36.306324411237696,82.0,9.064024390243905,2022,2,February,1,Saturday,True,7
2022-02-19,OASIS,PIZZA INN,2329.506786597876,2132.25,-197.25678659787536,-8.467748955819046,194.0,10.9909793814433,2022,2,February,1,Saturday,True,7
2022-02-19,OASIS,CREAMY INN,179.11877408056418,204.0,24.88122591943582,13.890909005576782,64.0,3.1875,2022,2,February,1,Saturday,True,7
2022-02-19,TATARAFEL,CHICKEN INN,822.3422750817379,1011.0,188.65772491826212,22.941508740932758,120.0,8.425,2022,2,February,1,Saturday,True,7
2022-02-19,TATARAFEL,PIZZA INN,1641.640246777091,1718.25,76.60975322290892,4.666659054766177,136.0,12.634191176470589,2022,2,February,1,Saturday,True,7
2022-02-19,TATARAFEL,CREAMY INN,126.2278307905126,170.0,43.77216920948739,34.67711433790823,48.0,3.5416666666666665,2022,2,February,1,Saturday,True,7
2022-02-20,LA PIAZZA,CHICKEN INN,1531.1594395721736,1858.0,326.8405604278264,21.345952092301378,209.0,8.889952153110048,2022,2,February,1,Sunday,True,7
2022-02-20,LA PIAZZA,PIZZA INN,3421.710650267072,3197.25,-224.4606502670717,-6.559895713261205,235.0,13.60531914893617,2022,2,February,1,Sunday,True,7
2022-02-20,LA PIAZZA,CREAMY INN,493.6755871204623,638.25,144.5744128795377,29.285307325569647,113.0,5.648230088495575,2022,2,February,1,Sunday,True,7
2022-02-20,LA PIAZZA,GALITOS,761.5601251321576,947.75,186.1898748678424,24.44847999828403,103.0,9.201456310679612,2022,2,February,1,Sunday,True,7
2022-02-20,CARREFOUR,CHICKEN INN,2529.011911916241,3583.75,1054.738088083759,41.70554053597084,267.0,13.422284644194756,2022,2,February,1,Sunday,True,7
2022-02-20,CARREFOUR,PIZZA INN,6443.159514316946,6559.25,116.09048568305388,1.8017633340459196,397.0,16.522040302267,2022,2,February,1,Sunday,True,7
2022-02-20,CARREFOUR,CREAMY INN,1546.3343117828065,1054.25,-492.0843117828065,-31.82263421520218,199.0,5.297738693467337,2022,2,February,1,Sunday,True,7
2022-02-20,CARREFOUR,GALITOS,1946.502320128464,1394.75,-551.7523201284639,-28.34583418796284,116.0,12.023706896551724,2022,2,February,1,Sunday,True,7
2022-02-20,ALILAC,CHICKEN INN,910.2047869837378,1518.0,607.7952130162622,66.77565551268863,139.0,10.920863309352518,2022,2,February,1,Sunday,True,7
2022-02-20,ALILAC,PIZZA INN,2655.60036669473,3020.5,364.8996333052701,13.740758507253831,209.0,14.452153110047847,2022,2,February,1,Sunday,True,7
2022-02-20,ALILAC,CREAMY INN,300.5829600956696,255.0,-45.58296009566959,-15.16485168725514,59.0,4.322033898305085,2022,2,February,1,Sunday,True,7
2022-02-20,JUNCTION,CHICKEN INN,4783.5639005134735,3127.75,-1655.8139005134735,-34.6146499754239,313.0,9.992811501597444,2022,2,February,1,Sunday,True,7
2022-02-20,JUNCTION,PIZZA INN,10729.86423890695,8068.75,-2661.11423890695,-24.801005675893222,483.0,16.705486542443065,2022,2,February,1,Sunday,True,7
2022-02-20,JUNCTION,CREAMY INN,888.8155851431663,776.0,-112.81558514316636,-12.692800062118009,163.0,4.7607361963190185,2022,2,February,1,Sunday,True,7
2022-02-20,JUNCTION,GALITOS,2014.5545165400824,1712.5,-302.0545165400822,-14.993613429675207,191.0,8.965968586387435,2022,2,February,1,Sunday,True,7
2022-02-20,Bon Marche,CHICKEN INN,1937.3935994232932,1463.5,-473.8935994232934,-24.46036776235649,148.0,9.888513513513514,2022,2,February,1,Sunday,True,7
2022-02-20,Bon Marche,PIZZA INN,3518.9262965612606,3206.75,-312.17629656126064,-8.871350811363207,207.0,15.491545893719806,2022,2,February,1,Sunday,True,7
2022-02-20,Bon Marche,CREAMY INN,626.9270287703528,622.75,-4.177028770352763,-0.6662703279112941,163.0,3.820552147239264,2022,2,February,1,Sunday,True,7
2022-02-20,Bon Marche,GALITOS,916.0249729696352,667.5,-248.5249729696352,-27.13080759839431,73.0,9.143835616438356,2022,2,February,1,Sunday,True,7
2022-02-20,OASIS,CHICKEN INN,1643.8035591899315,1190.0,-453.8035591899316,-27.60692156023597,151.0,7.880794701986755,2022,2,February,1,Sunday,True,7
2022-02-20,OASIS,PIZZA INN,4266.029614617424,3373.0,-893.0296146174242,-20.93350715516565,305.0,11.059016393442622,2022,2,February,1,Sunday,True,7
2022-02-20,OASIS,CREAMY INN,292.10138542368924,373.5,81.39861457631076,27.866562309604635,103.0,3.6262135922330097,2022,2,February,1,Sunday,True,7
2022-02-20,TATARAFEL,CHICKEN INN,1158.4143459408806,1690.75,532.3356540591194,45.95382092119628,169.0,10.004437869822484,2022,2,February,1,Sunday,True,7
2022-02-20,TATARAFEL,PIZZA INN,3006.338487438736,2325.0,-681.3384874387361,-22.66339902461235,180.0,12.916666666666666,2022,2,February,1,Sunday,True,7
2022-02-20,TATARAFEL,CREAMY INN,205.84846251991289,291.5,85.65153748008714,41.60902463471234,81.0,3.598765432098765,2022,2,February,1,Sunday,True,7
2022-02-21,LA PIAZZA,CHICKEN INN,1426.1776473491927,948.75,-477.4276473491928,-33.47602931770651,0.0,0.0,2022,2,February,1,Monday,False,8
2022-02-21,LA PIAZZA,PIZZA INN,1598.236389370693,1646.75,48.513610629307095,3.035446505407712,140.0,11.7625,2022,2,February,1,Monday,False,8
2022-02-21,LA PIAZZA,CREAMY INN,465.9558349024685,451.75,-14.205834902468496,-3.0487513704902933,114.0,3.962719298245614,2022,2,February,1,Monday,False,8
2022-02-21,LA PIAZZA,GALITOS,575.1398609734518,625.25,50.11013902654816,8.71268754381488,76.0,8.226973684210526,2022,2,February,1,Monday,False,8
2022-02-21,CARREFOUR,CHICKEN INN,924.2853452182404,1470.0,545.7146547817595,59.04179457188151,157.0,9.363057324840764,2022,2,February,1,Monday,False,8
2022-02-21,CARREFOUR,PIZZA INN,2827.171970979397,2647.5,-179.67197097939697,-6.355183654326996,176.0,15.042613636363637,2022,2,February,1,Monday,False,8
2022-02-21,CARREFOUR,CREAMY INN,751.2437015655601,700.5,-50.74370156556006,-6.754625890348542,152.0,4.608552631578948,2022,2,February,1,Monday,False,8
2022-02-21,CARREFOUR,GALITOS,862.8324772819351,745.0,-117.8324772819351,-13.656472187176693,76.0,9.802631578947368,2022,2,February,1,Monday,False,8
2022-02-21,ALILAC,CHICKEN INN,847.7978766660322,687.0,-160.79787666603215,-18.96653448795724,85.0,8.08235294117647,2022,2,February,1,Monday,False,8
2022-02-21,ALILAC,PIZZA INN,1240.3962741111377,1324.25,83.85372588886253,6.760236840355856,84.0,15.764880952380953,2022,2,February,1,Monday,False,8
2022-02-21,ALILAC,CREAMY INN,283.7053072560732,152.25,-131.45530725607318,-46.33515972171126,34.0,4.477941176470588,2022,2,February,1,Monday,False,8
2022-02-21,JUNCTION,CHICKEN INN,1702.4196005104966,1178.25,-524.1696005104966,-30.78968312825559,136.0,8.663602941176471,2022,2,February,1,Monday,False,8
2022-02-21,JUNCTION,PIZZA INN,4175.166229729357,2649.5,-1525.666229729357,-36.54144878989055,196.0,13.517857142857142,2022,2,February,1,Monday,False,8
2022-02-21,JUNCTION,CREAMY INN,539.0422027696744,258.5,-280.5422027696744,-52.04457115383717,76.0,3.401315789473684,2022,2,February,1,Monday,False,8
2022-02-21,JUNCTION,GALITOS,1104.6209335819117,977.75,-126.87093358191169,-11.485472502364429,101.0,9.680693069306932,2022,2,February,1,Monday,False,8
2022-02-21,Bon Marche,CHICKEN INN,689.4978108702086,254.75,-434.7478108702086,-63.05281960525988,42.0,6.065476190476191,2022,2,February,1,Monday,False,8
2022-02-21,Bon Marche,PIZZA INN,1369.2719601274143,1109.0,-260.2719601274144,-19.00805447759226,86.0,12.895348837209305,2022,2,February,1,Monday,False,8
2022-02-21,Bon Marche,CREAMY INN,380.2139973837026,98.5,-281.71399738370263,-74.09353661943271,30.0,3.283333333333333,2022,2,February,1,Monday,False,8
2022-02-21,Bon Marche,GALITOS,502.27499554784646,259.75,-242.5249955478465,-48.28530141806425,22.0,11.806818181818182,2022,2,February,1,Monday,False,8
2022-02-21,OASIS,CHICKEN INN,902.3052145553428,522.0,-380.3052145553429,-42.14817873381767,75.0,6.96,2022,2,February,1,Monday,False,8
2022-02-21,OASIS,PIZZA INN,2212.027996826588,1109.25,-1102.7779968265882,-49.85370883228656,109.0,10.176605504587156,2022,2,February,1,Monday,False,8
2022-02-21,OASIS,CREAMY INN,167.17752247519323,126.5,-40.67752247519323,-24.33193282980324,46.0,2.75,2022,2,February,1,Monday,False,8
2022-02-21,TATARAFEL,CHICKEN INN,635.8687442392877,411.25,-224.6187442392877,-35.32470282180752,61.0,6.741803278688525,2022,2,February,1,Monday,False,8
2022-02-21,TATARAFEL,PIZZA INN,1558.8510870542002,905.75,-653.1010870542002,-41.8963102042275,77.0,11.762987012987011,2022,2,February,1,Monday,False,8
2022-02-21,TATARAFEL,CREAMY INN,117.8126420711451,110.5,-7.312642071145106,-6.207009657528198,39.0,2.833333333333333,2022,2,February,1,Monday,False,8
2022-02-22,LA PIAZZA,CHICKEN INN,663.2224723686805,1127.25,464.02752763131946,69.96559178310984,166.0,6.7906626506024095,2022,2,February,1,Tuesday,False,8
2022-02-22,LA PIAZZA,PIZZA INN,3436.782537690059,4188.25,751.4674623099409,21.86543530377164,256.0,16.3603515625,2022,2,February,1,Tuesday,False,8
2022-02-22,LA PIAZZA,CREAMY INN,438.2360826844746,411.5,-26.73608268447458,-6.100840104424784,110.0,3.7409090909090903,2022,2,February,1,Tuesday,False,8
2022-02-22,LA PIAZZA,GALITOS,503.684052735447,551.0,47.31594726455302,9.393973664162257,81.0,6.802469135802469,2022,2,February,1,Tuesday,False,8
2022-02-22,CARREFOUR,CHICKEN INN,1378.0095897459134,1523.0,144.99041025408656,10.52172723129023,163.0,9.343558282208589,2022,2,February,1,Tuesday,False,8
2022-02-22,CARREFOUR,PIZZA INN,6362.791008076628,6420.0,57.2089919233722,0.8991178847577075,387.0,16.589147286821706,2022,2,February,1,Tuesday,False,8
2022-02-22,CARREFOUR,CREAMY INN,695.0547001082139,660.75,-34.304700108213865,-4.935539620532445,160.0,4.1296875,2022,2,February,1,Tuesday,False,8
2022-02-22,CARREFOUR,GALITOS,1378.3683543263078,598.25,-780.1183543263078,-56.59723337943281,66.0,9.06439393939394,2022,2,February,1,Tuesday,False,8
2022-02-22,ALILAC,CHICKEN INN,394.25565593210587,744.5,350.24434406789413,88.83685973758337,93.0,8.005376344086022,2022,2,February,1,Tuesday,False,8
2022-02-22,ALILAC,PIZZA INN,2667.297705791518,2581.5,-85.79770579151818,-3.2166527795238284,170.0,15.18529411764706,2022,2,February,1,Tuesday,False,8
2022-02-22,ALILAC,CREAMY INN,266.8276544164767,137.75,-129.07765441647672,-48.37491627273628,36.0,3.826388888888889,2022,2,February,1,Tuesday,False,8
2022-02-22,JUNCTION,CHICKEN INN,1837.3196954857144,1631.25,-206.0696954857142,-11.215777852489497,147.0,11.096938775510203,2022,2,February,1,Tuesday,False,8
2022-02-22,JUNCTION,PIZZA INN,6040.349901676294,4628.0,-1412.3499016762944,-23.38192198575027,321.0,14.417445482866045,2022,2,February,1,Tuesday,False,8
2022-02-22,JUNCTION,CREAMY INN,301.7370708139746,264.0,-37.73707081397458,-12.506607395695193,58.0,4.551724137931035,2022,2,February,1,Tuesday,False,8
2022-02-22,JUNCTION,GALITOS,1175.0871706460125,987.25,-187.83717064601228,-15.984956294157096,93.0,10.615591397849462,2022,2,February,1,Tuesday,False,8
2022-02-22,Bon Marche,CHICKEN INN,744.1337655688648,425.75,-318.3837655688648,-42.78582431015898,50.0,8.515,2022,2,February,1,Tuesday,False,8
2022-02-22,Bon Marche,PIZZA INN,1980.9706475470964,1922.75,-58.220647547096405,-2.938995972463658,138.0,13.932971014492754,2022,2,February,1,Tuesday,False,8
2022-02-22,Bon Marche,CREAMY INN,212.83056737220068,120.75,-92.08056737220068,-43.26472860976265,34.0,3.551470588235294,2022,2,February,1,Tuesday,False,8
2022-02-22,Bon Marche,GALITOS,534.3162395906112,255.75,-278.5662395906112,-52.13508760355972,35.0,7.307142857142857,2022,2,February,1,Tuesday,False,8
2022-02-22,OASIS,CHICKEN INN,747.879569631444,570.75,-177.12956963144404,-23.684236984670367,77.0,7.412337662337662,2022,2,February,1,Tuesday,False,8
2022-02-22,OASIS,PIZZA INN,2807.954687531607,1943.75,-864.2046875316069,-30.77701685746591,143.0,13.592657342657343,2022,2,February,1,Tuesday,False,8
2022-02-22,OASIS,CREAMY INN,134.10944110647367,113.5,-20.609441106473668,-15.367628808557326,34.0,3.338235294117647,2022,2,February,1,Tuesday,False,8
2022-02-22,TATARAFEL,CHICKEN INN,747.879569631444,496.0,-251.87956963144404,-33.679161707221205,73.0,6.794520547945205,2022,2,February,1,Tuesday,False,8
2022-02-22,TATARAFEL,PIZZA INN,2807.954687531607,1997.75,-810.2046875316069,-28.853908901351776,160.0,12.4859375,2022,2,February,1,Tuesday,False,8
2022-02-22,TATARAFEL,CREAMY INN,134.10944110647367,136.5,2.3905588935263324,1.7825433271535247,43.0,3.1744186046511627,2022,2,February,1,Tuesday,False,8
2022-02-23,LA PIAZZA,CHICKEN INN,754.5566316026739,761.25,6.69336839732614,0.8870597801399563,129.0,5.901162790697675,2022,2,February,1,Wednesday,False,8
2022-02-23,LA PIAZZA,PIZZA INN,1293.7170282408167,1513.5,219.78297175918328,16.988488746881682,135.0,11.21111111111111,2022,2,February,1,Wednesday,False,8
2022-02-23,LA PIAZZA,CREAMY INN,367.616713938633,326.75,-40.86671393863304,-11.116663739466157,89.0,3.6713483146067416,2022,2,February,1,Wednesday,False,8
2022-02-23,LA PIAZZA,GALITOS,390.94266640437286,567.75,176.80733359562714,45.22589852414469,88.0,6.451704545454546,2022,2,February,1,Wednesday,False,8
2022-02-23,CARREFOUR,CHICKEN INN,1079.5908287897728,1382.5,302.9091712102272,28.057775513875946,170.0,8.132352941176471,2022,2,February,1,Wednesday,False,8
2022-02-23,CARREFOUR,PIZZA INN,2289.374910705555,2096.25,-193.12491070555507,-8.43570486434817,149.0,14.068791946308725,2022,2,February,1,Wednesday,False,8
2022-02-23,CARREFOUR,CREAMY INN,901.6223586450476,765.5,-136.12235864504748,-15.097491465230666,170.0,4.502941176470588,2022,2,February,1,Wednesday,False,8
2022-02-23,CARREFOUR,GALITOS,912.8193134063532,751.5,-161.31931340635322,-17.672644633729377,82.0,9.164634146341465,2022,2,February,1,Wednesday,False,8
2022-02-23,ALILAC,CHICKEN INN,448.5496679085098,757.0,308.45033209149017,68.76614880348198,86.0,8.80232558139535,2022,2,February,1,Wednesday,False,8
2022-02-23,ALILAC,PIZZA INN,1004.0578429176568,1277.0,272.9421570823431,27.18390768097682,92.0,13.880434782608695,2022,2,February,1,Wednesday,False,8
2022-02-23,ALILAC,CREAMY INN,223.8298245632192,150.25,-73.57982456321918,-32.873110054391816,35.0,4.292857142857143,2022,2,February,1,Wednesday,False,8
2022-02-23,JUNCTION,CHICKEN INN,2181.9192117057014,1067.75,-1114.1692117057014,-51.0637243454448,116.0,9.204741379310343,2022,2,February,1,Wednesday,False,8
2022-02-23,JUNCTION,PIZZA INN,3135.405365825377,3412.5,277.09463417462257,8.837601580798438,231.0,14.772727272727272,2022,2,February,1,Wednesday,False,8
2022-02-23,JUNCTION,CREAMY INN,487.2665376157035,232.0,-255.2665376157035,-52.38745489578984,62.0,3.741935483870968,2022,2,February,1,Wednesday,False,8
2022-02-23,JUNCTION,GALITOS,943.0777814191508,900.0,-43.07778141915082,-4.5677866945743375,88.0,10.227272727272728,2022,2,February,1,Wednesday,False,8
2022-02-23,Bon Marche,CHICKEN INN,883.7001873777807,379.25,-504.4501873777807,-57.08386108581064,58.0,6.538793103448276,2022,2,February,1,Wednesday,False,8
2022-02-23,Bon Marche,PIZZA INN,1028.275861326849,1266.75,238.47413867315092,23.191649988304963,93.0,13.620967741935484,2022,2,February,1,Wednesday,False,8
2022-02-23,Bon Marche,CREAMY INN,343.693976290284,125.75,-217.943976290284,-63.41221881241482,37.0,3.3986486486486487,2022,2,February,1,Wednesday,False,8
2022-02-23,Bon Marche,GALITOS,428.8207601928916,301.75,-127.0707601928916,-29.63260457253348,35.0,8.621428571428572,2022,2,February,1,Wednesday,False,8
2022-02-23,OASIS,CHICKEN INN,655.5645146769369,492.5,-163.06451467693694,-24.873908063387987,72.0,6.840277777777778,2022,2,February,1,Wednesday,False,8
2022-02-23,OASIS,PIZZA INN,1813.378297660803,1593.5,-219.8782976608029,-12.125340749055976,138.0,11.547101449275363,2022,2,February,1,Wednesday,False,8
2022-02-23,OASIS,CREAMY INN,101.9599175535519,90.5,-11.459917553551904,-11.239630070839228,38.0,2.381578947368421,2022,2,February,1,Wednesday,False,8
2022-02-23,TATARAFEL,CHICKEN INN,461.9866736788035,663.75,201.76332632119647,43.67297539440987,79.0,8.401898734177216,2022,2,February,1,Wednesday,False,8
2022-02-23,TATARAFEL,PIZZA INN,1277.916344008481,982.5,-295.416344008481,-23.11703308229388,84.0,11.696428571428571,2022,2,February,1,Wednesday,False,8
2022-02-23,TATARAFEL,CREAMY INN,71.85276521921487,209.5,137.64723478078514,191.5684585844937,66.0,3.1742424242424243,2022,2,February,1,Wednesday,False,8
2022-02-24,LA PIAZZA,CHICKEN INN,846.9406087588969,931.0,84.05939124110307,9.925063265567504,134.0,6.947761194029851,2022,2,February,1,Thursday,False,8
2022-02-24,LA PIAZZA,PIZZA INN,2171.696492620791,3361.5,1189.803507379209,54.7868227177252,213.0,15.78169014084507,2022,2,February,1,Thursday,False,8
2022-02-24,LA PIAZZA,CREAMY INN,430.3161534793335,421.5,-8.81615347933348,-2.04876191796432,107.0,3.939252336448598,2022,2,February,1,Thursday,False,8
2022-02-24,LA PIAZZA,GALITOS,545.2872121984632,543.0,-2.2872121984631804,-0.4194509145449618,70.0,7.757142857142857,2022,2,February,1,Thursday,False,8
2022-02-24,CARREFOUR,CHICKEN INN,1502.8345578501353,1394.0,-108.8345578501353,-7.241952035347621,158.0,8.822784810126583,2022,2,February,1,Thursday,False,8
2022-02-24,CARREFOUR,PIZZA INN,3325.8894015274946,4472.25,1146.3605984725054,34.46779071925879,264.0,16.94034090909091,2022,2,February,1,Thursday,False,8
2022-02-24,CARREFOUR,CREAMY INN,1135.1477462047696,686.0,-449.1477462047697,-39.56733805854271,160.0,4.2875,2022,2,February,1,Thursday,False,8
2022-02-24,CARREFOUR,GALITOS,1023.9840683696116,621.25,-402.7340683696117,-39.33011077123936,63.0,9.86111111111111,2022,2,February,1,Thursday,False,8
2022-02-24,ALILAC,CHICKEN INN,503.4677489880909,659.0,155.53225101190912,30.892197429628823,78.0,8.448717948717949,2022,2,February,1,Thursday,False,8
2022-02-24,ALILAC,PIZZA INN,1685.4604587045642,2153.5,468.0395412954358,27.7692388971954,140.0,15.382142857142858,2022,2,February,1,Thursday,False,8
2022-02-24,ALILAC,CREAMY INN,262.0054678908777,138.75,-123.25546789087775,-47.04308993360865,34.0,4.080882352941177,2022,2,February,1,Thursday,False,8
2022-02-24,JUNCTION,CHICKEN INN,1668.1229661947632,1396.75,-271.3729661947632,-16.268163180667987,175.0,7.981428571428571,2022,2,February,1,Thursday,False,8
2022-02-24,JUNCTION,PIZZA INN,5245.275844905693,5500.25,254.9741550943072,4.861024713160562,386.0,14.249352331606218,2022,2,February,1,Thursday,False,8
2022-02-24,JUNCTION,CREAMY INN,345.1711010264724,338.0,-7.1711010264724,-2.077549657299504,82.0,4.121951219512195,2022,2,February,1,Thursday,False,8
2022-02-24,JUNCTION,GALITOS,912.4402870434548,1218.5,306.0597129565451,33.54298547560396,123.0,9.90650406504065,2022,2,February,1,Thursday,False,8
2022-02-24,Bon Marche,CHICKEN INN,675.607313912923,622.25,-53.35731391292302,-7.897681510268565,72.0,8.64236111111111,2022,2,February,1,Thursday,False,8
2022-02-24,Bon Marche,PIZZA INN,1720.2211223165032,2270.5,550.2788776834968,31.988845535303867,158.0,14.370253164556962,2022,2,February,1,Thursday,False,8
2022-02-24,Bon Marche,CREAMY INN,243.46680728945745,232.5,-10.96680728945742,-4.504436317850505,51.0,4.5588235294117645,2022,2,February,1,Thursday,False,8
2022-02-24,Bon Marche,GALITOS,414.8897845221243,356.5,-58.38978452212427,-14.073565245617804,35.0,10.185714285714283,2022,2,February,1,Thursday,False,8
2022-02-24,OASIS,CHICKEN INN,534.3212397366859,479.75,-54.571239736685925,-10.21318930978276,60.0,7.995833333333334,2022,2,February,1,Thursday,False,8
2022-02-24,OASIS,PIZZA INN,2439.3402396728325,2466.5,27.159760327167533,1.1134059892690589,208.0,11.858173076923077,2022,2,February,1,Thursday,False,8
2022-02-24,OASIS,CREAMY INN,147.88780834344016,148.0,0.1121916565598439,0.0758626811882295,51.0,2.9019607843137254,2022,2,February,1,Thursday,False,8
2022-02-24,TATARAFEL,CHICKEN INN,376.54462176546224,580.25,203.70537823453776,54.09860251872603,37.0,15.682432432432432,2022,2,February,1,Thursday,False,8
2022-02-24,TATARAFEL,PIZZA INN,1719.0416169073246,339.25,-1379.7916169073246,-80.26516655191081,9.0,37.69444444444444,2022,2,February,1,Thursday,False,8
2022-02-24,TATARAFEL,CREAMY INN,104.21887567832066,67.0,-37.21887567832066,-35.712221453241824,8.0,8.375,2022,2,February,1,Thursday,False,8
2022-02-25,LA PIAZZA,CHICKEN INN,670.8336523048467,1371.5,700.6663476951533,104.44710775731174,205.0,6.690243902439025,2022,2,February,1,Friday,False,8
2022-02-25,LA PIAZZA,PIZZA INN,1604.399614710948,2531.25,926.850385289052,57.76929742382387,193.0,13.115284974093264,2022,2,February,1,Friday,False,8
2022-02-25,LA PIAZZA,CREAMY INN,409.5263393158381,374.75,-34.77633931583807,-8.491844352169396,101.0,3.71039603960396,2022,2,February,1,Friday,False,8
2022-02-25,LA PIAZZA,GALITOS,1000.0637339621202,1047.25,47.18626603787982,4.71832588618468,120.0,8.727083333333333,2022,2,February,1,Friday,False,8
2022-02-25,CARREFOUR,CHICKEN INN,1630.2721415658414,1680.75,50.47785843415864,3.096284181466521,159.0,10.570754716981131,2022,2,February,1,Friday,False,8
2022-02-25,CARREFOUR,PIZZA INN,3053.453787153534,3282.5,229.046212846466,7.501217598579922,223.0,14.719730941704036,2022,2,February,1,Friday,False,8
2022-02-25,CARREFOUR,CREAMY INN,822.3731311560736,788.0,-34.373131156073555,-4.179748809126653,177.0,4.451977401129944,2022,2,February,1,Friday,False,8
2022-02-25,CARREFOUR,GALITOS,1758.8651666166554,1254.0,-504.8651666166554,-28.704028949974123,98.0,12.79591836734694,2022,2,February,1,Friday,False,8
2022-02-25,ALILAC,CHICKEN INN,398.7801569301395,943.75,544.9698430698604,136.65921776677848,104.0,9.07451923076923,2022,2,February,1,Friday,False,8
2022-02-25,ALILAC,PIZZA INN,1245.179572626553,1938.25,693.070427373447,55.66027925687058,121.0,16.018595041322314,2022,2,February,1,Friday,False,8
2022-02-25,ALILAC,CREAMY INN,249.34722826118045,322.75,73.40277173881955,29.43797380491967,47.0,6.867021276595745,2022,2,February,1,Friday,False,8
2022-02-25,JUNCTION,CHICKEN INN,2147.622577389968,1665.75,-481.8725773899682,-22.43748889879868,204.0,8.165441176470589,2022,2,February,1,Friday,False,8
2022-02-25,JUNCTION,PIZZA INN,4690.146602882164,5527.25,837.1033971178358,17.8481285980149,355.0,15.569718309859155,2022,2,February,1,Friday,False,8
2022-02-25,JUNCTION,CREAMY INN,553.4243319791108,511.0,-42.424331979110775,-7.665787268043736,109.0,4.6880733944954125,2022,2,February,1,Friday,False,8
2022-02-25,JUNCTION,GALITOS,2656.5492850489845,2487.0,-169.54928504898453,-6.382312799661015,193.0,12.8860103626943,2022,2,February,1,Friday,False,8
2022-02-25,Bon Marche,CHICKEN INN,869.8096904204953,575.5,-294.30969042049526,-33.836101581969736,76.0,7.572368421052632,2022,2,February,1,Friday,False,8
2022-02-25,Bon Marche,PIZZA INN,1538.163004501425,1547.5,9.336995498575106,0.6070224983470831,113.0,13.694690265486726,2022,2,February,1,Friday,False,8
2022-02-25,Bon Marche,CREAMY INN,390.3584476874301,197.75,-192.60844768743004,-49.34143191430471,55.0,3.595454545454545,2022,2,February,1,Friday,False,8
2022-02-25,Bon Marche,GALITOS,1207.9422358888955,631.25,-576.6922358888955,-47.74170641235354,57.0,11.074561403508772,2022,2,February,1,Friday,False,8
2022-02-25,OASIS,CHICKEN INN,794.675219608383,787.25,-7.425219608383031,-0.9343716055525412,88.0,8.946022727272727,2022,2,February,1,Friday,False,8
2022-02-25,OASIS,PIZZA INN,2242.404557807543,1994.25,-248.1545578075429,-11.06644904656143,173.0,11.527456647398845,2022,2,February,1,Friday,False,8
2022-02-25,OASIS,CREAMY INN,96.44857065876532,229.0,132.55142934123467,137.43223817199026,70.0,3.271428571428572,2022,2,February,1,Friday,False,8
2022-02-25,TATARAFEL,CHICKEN INN,560.020185874111,780.75,220.729814125889,39.414617489432366,89.0,8.77247191011236,2022,2,February,1,Friday,False,8
2022-02-25,TATARAFEL,PIZZA INN,1580.2579296321703,1636.5,56.24207036782968,3.559043705031172,114.0,14.355263157894736,2022,2,February,1,Friday,False,8
2022-02-25,TATARAFEL,CREAMY INN,67.96883196412217,333.0,265.03116803587784,389.9304436712645,76.0,4.381578947368421,2022,2,February,1,Friday,False,8
2022-02-26,LA PIAZZA,CHICKEN INN,1388.1217476683623,1601.5,213.37825233163767,15.371724612055864,209.0,7.662679425837321,2022,2,February,1,Saturday,True,8
2022-02-26,LA PIAZZA,PIZZA INN,2834.243216698212,2682.5,-151.7432166982121,-5.353923608397564,215.0,12.476744186046512,2022,2,February,1,Saturday,True,8
2022-02-26,LA PIAZZA,CREAMY INN,621.3844455533628,701.25,79.86555444663725,12.852840945433451,136.0,5.15625,2022,2,February,1,Saturday,True,8
2022-02-26,LA PIAZZA,GALITOS,764.1007760917312,729.75,-34.35077609173118,-4.495581887435137,83.0,8.792168674698795,2022,2,February,1,Saturday,True,8
2022-02-26,CARREFOUR,CHICKEN INN,1587.8897105351057,2454.5,866.6102894648945,54.57622678169847,220.0,11.15681818181818,2022,2,February,1,Saturday,True,8
2022-02-26,CARREFOUR,PIZZA INN,3988.7435662986272,4423.75,435.0064337013728,10.905851089972147,277.0,15.970216606498196,2022,2,February,1,Saturday,True,8
2022-02-26,CARREFOUR,CREAMY INN,1040.9580905826288,1031.75,-9.208090582628756,-0.8845784153975833,208.0,4.960336538461538,2022,2,February,1,Saturday,True,8
2022-02-26,CARREFOUR,GALITOS,1203.787463981325,1217.75,13.96253601867511,1.1598838197314638,113.0,10.776548672566372,2022,2,February,1,Saturday,True,8
2022-02-26,ALILAC,CHICKEN INN,825.1753716758639,1075.75,250.5746283241361,30.36622721970477,107.0,10.05373831775701,2022,2,February,1,Saturday,True,8
2022-02-26,ALILAC,PIZZA INN,2199.6650491117225,2299.0,99.33495088827748,4.515912589891417,147.0,15.639455782312924,2022,2,February,1,Saturday,True,8
2022-02-26,ALILAC,CREAMY INN,378.3407178209531,206.75,-171.5907178209531,-45.35348952373589,31.0,6.669354838709677,2022,2,February,1,Saturday,True,8
2022-02-26,JUNCTION,CHICKEN INN,3890.218235241752,2377.5,-1512.7182352417522,-38.885176711628525,270.0,8.805555555555555,2022,2,February,1,Saturday,True,8
2022-02-26,JUNCTION,PIZZA INN,6956.818963536324,7237.0,280.1810364636758,4.027430323143738,391.0,18.50895140664961,2022,2,February,1,Saturday,True,8
2022-02-26,JUNCTION,CREAMY INN,897.4448626688283,586.0,-311.44486266882825,-34.70350944376139,120.0,4.883333333333334,2022,2,February,1,Saturday,True,8
2022-02-26,JUNCTION,GALITOS,1255.5802240512498,1228.0,-27.580224051249843,-2.196611855056112,123.0,9.983739837398376,2022,2,February,1,Saturday,True,8
2022-02-26,Bon Marche,CHICKEN INN,1575.5792262978096,859.5,-716.0792262978096,-45.44863338801468,106.0,8.108490566037736,2022,2,February,1,Saturday,True,8
2022-02-26,Bon Marche,PIZZA INN,2281.532426331785,2393.25,111.7175736682152,4.896602493081071,150.0,15.955,2022,2,February,1,Saturday,True,8
2022-02-26,Bon Marche,CREAMY INN,633.0136989525893,455.25,-177.76369895258927,-28.082125117785672,114.0,3.9934210526315783,2022,2,February,1,Saturday,True,8
2022-02-26,Bon Marche,GALITOS,570.916712034718,679.75,108.833287965282,19.062901062644624,61.0,11.14344262295082,2022,2,February,1,Saturday,True,8
2022-02-26,OASIS,CHICKEN INN,1139.686784438361,1049.75,-89.93678443836097,-7.891359772385352,134.0,7.833955223880597,2022,2,February,1,Saturday,True,8
2022-02-26,OASIS,PIZZA INN,3118.205181146075,2443.25,-674.9551811460751,-21.645630801562582,188.0,12.996010638297872,2022,2,February,1,Saturday,True,8
2022-02-26,OASIS,CREAMY INN,221.3724336072613,179.0,-42.37243360726134,-19.140790439352816,44.0,4.068181818181818,2022,2,February,1,Saturday,True,8
2022-02-26,TATARAFEL,CHICKEN INN,803.1552879854087,1231.0,427.8447120145913,53.27048435275498,130.0,9.46923076923077,2022,2,February,1,Saturday,True,8
2022-02-26,TATARAFEL,PIZZA INN,2197.4484695767896,2344.75,147.30153042321035,6.703298505633645,172.0,13.632267441860463,2022,2,February,1,Saturday,True,8
2022-02-26,TATARAFEL,CREAMY INN,156.00465241288993,295.5,139.49534758711007,89.41742789690306,82.0,3.6036585365853657,2022,2,February,1,Saturday,True,8
2022-02-27,LA PIAZZA,CHICKEN INN,1611.7329651033112,2121.25,509.5170348966888,31.61299333875876,228.0,9.303728070175438,2022,2,February,1,Sunday,True,8
2022-02-27,LA PIAZZA,PIZZA INN,3236.5897727743195,3470.75,234.1602272256805,7.234782399530494,231.0,15.024891774891774,2022,2,February,1,Sunday,True,8
2022-02-27,LA PIAZZA,CREAMY INN,731.933457375124,577.0,-154.93345737512402,-21.16769711972859,108.0,5.342592592592593,2022,2,February,1,Sunday,True,8
2022-02-27,LA PIAZZA,GALITOS,1019.1186161589216,867.5,-151.61861615892155,-14.87742582216535,99.0,8.762626262626263,2022,2,February,1,Sunday,True,8
2022-02-27,CARREFOUR,CHICKEN INN,3037.310793661574,3523.5,486.1892063384262,16.00722610781328,262.0,13.448473282442748,2022,2,February,1,Sunday,True,8
2022-02-27,CARREFOUR,PIZZA INN,6017.621952789551,7506.0,1488.378047210449,24.733658227241925,441.0,17.020408163265305,2022,2,February,1,Sunday,True,8
2022-02-27,CARREFOUR,CREAMY INN,1781.483658922221,1303.75,-477.7336589222209,-26.81661751594426,241.0,5.409751037344399,2022,2,February,1,Sunday,True,8
2022-02-27,CARREFOUR,GALITOS,1626.0643184055143,1750.75,124.68568159448546,7.667942785728776,149.0,11.75,2022,2,February,1,Sunday,True,8
2022-02-27,ALILAC,CHICKEN INN,958.102090652577,1988.75,1030.6479093474231,107.57182552909724,177.0,11.235875706214689,2022,2,February,1,Sunday,True,8
2022-02-27,ALILAC,PIZZA INN,2511.927473104434,3603.75,1091.8225268955662,43.46552751167643,232.0,15.533405172413794,2022,2,February,1,Sunday,True,8
2022-02-27,ALILAC,CREAMY INN,445.65040474077216,277.0,-168.65040474077216,-37.8436556876625,54.0,5.12962962962963,2022,2,February,1,Sunday,True,8
2022-02-27,JUNCTION,CHICKEN INN,4474.567557059342,3593.75,-880.8175570593421,-19.68497616422647,340.0,10.569852941176473,2022,2,February,1,Sunday,True,8
2022-02-27,JUNCTION,PIZZA INN,12103.145233981104,9924.5,-2178.645233981104,-18.00065348190884,303.0,32.754125412541256,2022,2,February,1,Sunday,True,8
2022-02-27,JUNCTION,CREAMY INN,1064.8528466666671,836.0,-228.85284666666732,-21.491499730037862,201.0,4.159203980099503,2022,2,February,1,Sunday,True,8
2022-02-27,JUNCTION,GALITOS,1919.0212386231392,1974.5,55.4787613768608,2.8909925674749566,188.0,10.502659574468083,2022,2,February,1,Sunday,True,8
2022-02-27,Bon Marche,CHICKEN INN,1812.246836360512,1272.75,-539.4968363605117,-29.76950079515488,131.0,9.715648854961833,2022,2,February,1,Sunday,True,8
2022-02-27,Bon Marche,PIZZA INN,3969.302414891956,3514.25,-455.0524148919558,-11.464291891308118,213.0,16.498826291079812,2022,2,February,1,Sunday,True,8
2022-02-27,Bon Marche,CREAMY INN,751.0951004879761,513.0,-238.09510048797608,-31.699727548920105,141.0,3.638297872340425,2022,2,February,1,Sunday,True,8
2022-02-27,Bon Marche,GALITOS,872.5856579235153,1006.0,133.41434207648467,15.289541016978166,94.0,10.702127659574469,2022,2,February,1,Sunday,True,8
2022-02-27,OASIS,CHICKEN INN,1771.428059127038,1654.0,-117.42805912703808,-6.629005254941416,171.0,9.67251461988304,2022,2,February,1,Sunday,True,8
2022-02-27,OASIS,PIZZA INN,5081.418425667991,3650.25,-1431.168425667991,-28.16474271118212,270.0,13.519444444444444,2022,2,February,1,Sunday,True,8
2022-02-27,OASIS,CREAMY INN,375.6901466612858,355.5,-20.19014666128584,-5.3741485744870605,102.0,3.485294117647059,2022,2,February,1,Sunday,True,8
2022-02-27,TATARAFEL,CHICKEN INN,1248.3533479549242,1759.5,511.1466520450758,40.94567078162972,169.0,10.411242603550296,2022,2,February,1,Sunday,True,8
2022-02-27,TATARAFEL,PIZZA INN,3580.9558685485163,2981.75,-599.2058685485163,-16.73312630885325,228.0,13.077850877192985,2022,2,February,1,Sunday,True,8
2022-02-27,TATARAFEL,CREAMY INN,264.7547835554854,410.0,145.2452164445146,54.86028032958096,95.0,4.315789473684211,2022,2,February,1,Sunday,True,8
2022-02-28,LA PIAZZA,CHICKEN INN,828.5687951198753,1211.5,382.9312048801247,46.215981960160974,176.0,6.883522727272728,2022,2,February,1,Monday,False,9
2022-02-28,LA PIAZZA,PIZZA INN,1622.6091441253382,2030.25,407.6408558746618,25.122553841787894,160.0,12.6890625,2022,2,February,1,Monday,False,9
2022-02-28,LA PIAZZA,CREAMY INN,495.9855664719618,480.0,-15.985566471961818,-3.22299025467014,132.0,3.636363636363636,2022,2,February,1,Monday,False,9
2022-02-28,LA PIAZZA,GALITOS,713.9229196401544,662.25,-51.67291964015442,-7.237884961894714,92.0,7.198369565217392,2022,2,February,1,Monday,False,9
2022-02-28,CARREFOUR,CHICKEN INN,1205.867250011486,1440.5,234.632749988514,19.457593693358792,156.0,9.23397435897436,2022,2,February,1,Monday,False,9
2022-02-28,CARREFOUR,PIZZA INN,1765.680399881659,3040.67,1274.989600118341,72.20953464759504,211.0,14.410758293838862,2022,2,February,1,Monday,False,9
2022-02-28,CARREFOUR,CREAMY INN,596.9675414948117,719.25,122.28245850518827,20.483937568697957,166.0,4.332831325301205,2022,2,February,1,Monday,False,9
2022-02-28,CARREFOUR,GALITOS,816.5760020623242,954.5,137.92399793767584,16.890527959349576,78.0,12.237179487179487,2022,2,February,1,Monday,False,9
2022-02-28,ALILAC,CHICKEN INN,492.5465396824924,840.0,347.4534603175076,70.54225993374853,94.0,8.936170212765957,2022,2,February,1,Monday,False,9
2022-02-28,ALILAC,PIZZA INN,1259.3120455130077,1426.5,167.18795448699234,13.276133987814337,101.0,14.123762376237623,2022,2,February,1,Monday,False,9
2022-02-28,ALILAC,CREAMY INN,301.98943116563595,159.25,-142.73943116563595,-47.26636644689259,29.0,5.491379310344827,2022,2,February,1,Monday,False,9
2022-02-28,JUNCTION,CHICKEN INN,1438.825468198146,1217.75,-221.07546819814596,-15.364995483086682,176.0,6.919034090909091,2022,2,February,1,Monday,False,9
2022-02-28,JUNCTION,PIZZA INN,3236.251737240814,3081.0,-155.25173724081378,-4.79727010894336,215.0,14.330232558139535,2022,2,February,1,Monday,False,9
2022-02-28,JUNCTION,CREAMY INN,328.48783114352625,353.0,24.51216885647375,7.462123869594318,83.0,4.253012048192771,2022,2,February,1,Monday,False,9
2022-02-28,JUNCTION,GALITOS,775.6856530573937,931.5,155.8143469426063,20.08730551202776,97.0,9.603092783505154,2022,2,February,1,Monday,False,9
2022-02-28,Bon Marche,CHICKEN INN,582.7394199699287,464.75,-117.98941996992868,-20.24737231197048,61.0,7.618852459016393,2022,2,February,1,Monday,False,9
2022-02-28,Bon Marche,PIZZA INN,1061.349061544964,1562.0,500.6509384550359,47.17118586097,110.0,14.2,2022,2,February,1,Monday,False,9
2022-02-28,Bon Marche,CREAMY INN,231.69924493713364,189.5,-42.19924493713364,-18.21294020555978,51.0,3.715686274509804,2022,2,February,1,Monday,False,9
2022-02-28,Bon Marche,GALITOS,352.70697493715386,525.0,172.29302506284614,48.84877173000214,54.0,9.72222222222222,2022,2,February,1,Monday,False,9
2022-02-28,OASIS,CHICKEN INN,987.3882145134138,421.75,-565.6382145134138,-57.28630402907544,64.0,6.58984375,2022,2,February,1,Monday,False,9
2022-02-28,OASIS,PIZZA INN,1844.0961683157009,1495.0,-349.0961683157009,-18.930475227577027,132.0,11.325757575757576,2022,2,February,1,Monday,False,9
2022-02-28,OASIS,CREAMY INN,155.23627086982228,111.0,-44.23627086982228,-28.49609219672498,33.0,3.363636363636364,2022,2,February,1,Monday,False,9
2022-02-28,TATARAFEL,CHICKEN INN,695.8280789153167,640.25,-55.57807891531672,-7.987329140547756,90.0,7.113888888888889,2022,2,February,1,Monday,False,9
2022-02-28,TATARAFEL,PIZZA INN,1299.563712907552,1159.25,-140.31371290755192,-10.796986058776906,83.0,13.966867469879515,2022,2,February,1,Monday,False,9
2022-02-28,TATARAFEL,CREAMY INN,109.3974533517776,104.0,-5.3974533517776,-4.933801643829487,40.0,2.6,2022,2,February,1,Monday,False,9
2022-03-01,LA PIAZZA,CHICKEN INN,965.12818664002,1192.25,227.1218133599799,23.532813205951197,197.0,6.052030456852792,2022,3,March,1,Tuesday,False,9
2022-03-01,LA PIAZZA,PIZZA INN,3728.041266264275,5397.75,1669.7087337357252,44.78782863390553,343.0,15.736880466472304,2022,3,March,1,Tuesday,False,9
2022-03-01,LA PIAZZA,CREAMY INN,495.0465609525808,472.25,-22.79656095258082,-4.604932697384083,121.0,3.902892561983471,2022,3,March,1,Tuesday,False,9
2022-03-01,LA PIAZZA,GALITOS,413.7669140200626,611.5,197.73308597993736,47.78852036737518,82.0,7.4573170731707314,2022,3,March,1,Tuesday,False,9
2022-03-01,CARREFOUR,CHICKEN INN,1293.189073137207,2092.75,799.5609268627929,61.82861759905697,246.0,8.507113821138212,2022,3,March,1,Tuesday,False,9
2022-03-01,CARREFOUR,PIZZA INN,6145.992363176346,7183.75,1037.757636823654,16.88511106914758,414.0,17.35205314009662,2022,3,March,1,Tuesday,False,9
2022-03-01,CARREFOUR,CREAMY INN,1052.1734351733323,921.0,-131.17343517333234,-12.466902393494012,220.0,4.1863636363636365,2022,3,March,1,Tuesday,False,9
2022-03-01,CARREFOUR,GALITOS,885.7342491715822,997.75,112.01575082841782,12.646654561815234,96.0,10.393229166666666,2022,3,March,1,Tuesday,False,9
2022-03-01,ALILAC,CHICKEN INN,573.7248994645099,647.25,73.52510053549008,12.815392987844042,77.0,8.405844155844155,2022,3,March,1,Tuesday,False,9
2022-03-01,ALILAC,PIZZA INN,2893.344518471123,2824.75,-68.59451847112314,-2.3707691231796097,192.0,14.712239583333334,2022,3,March,1,Tuesday,False,9
2022-03-01,ALILAC,CREAMY INN,301.4177013375356,107.0,-194.4177013375356,-64.50108950961095,26.0,4.115384615384615,2022,3,March,1,Tuesday,False,9
2022-03-01,JUNCTION,CHICKEN INN,1582.3758978072783,1006.75,-575.6258978072783,-36.37731708407159,124.0,8.118951612903226,2022,3,March,1,Tuesday,False,9
2022-03-01,JUNCTION,PIZZA INN,6192.498543671712,5384.5,-807.9985436717116,-13.048021537242477,375.0,14.358666666666666,2022,3,March,1,Tuesday,False,9
2022-03-01,JUNCTION,CREAMY INN,351.7001623801941,259.0,-92.70016238019412,-26.35772521480488,69.0,3.753623188405797,2022,3,March,1,Tuesday,False,9
2022-03-01,JUNCTION,GALITOS,1079.7784703797554,1146.0,66.22152962024461,6.132881089669686,103.0,11.12621359223301,2022,3,March,1,Tuesday,False,9
2022-03-01,Bon Marche,CHICKEN INN,640.8788510098997,360.75,-280.1288510098997,-43.71011004162041,48.0,7.515625,2022,3,March,1,Tuesday,False,9
2022-03-01,Bon Marche,PIZZA INN,2030.868749273526,1914.75,-116.11874927352596,-5.717688517047863,140.0,13.676785714285714,2022,3,March,1,Tuesday,False,9
2022-03-01,Bon Marche,CREAMY INN,248.07208773634423,154.25,-93.82208773634426,-37.82049346722964,48.0,3.2135416666666665,2022,3,March,1,Tuesday,False,9
2022-03-01,Bon Marche,GALITOS,490.9790407864248,402.0,-88.97904078642478,-18.12277783668785,38.0,10.578947368421051,2022,3,March,1,Tuesday,False,9
2022-03-01,OASIS,CHICKEN INN,839.0589589071169,585.0,-254.0589589071169,-30.279035365766354,72.0,8.125,2022,3,March,1,Tuesday,False,9
2022-03-01,OASIS,PIZZA INN,2693.292438105601,2594.25,-99.04243810560092,-3.677374083271294,195.0,13.303846153846154,2022,3,March,1,Tuesday,False,9
2022-03-01,OASIS,CREAMY INN,77.63678140464785,108.0,30.36321859535215,39.10932169778796,26.0,4.153846153846154,2022,3,March,1,Tuesday,False,9
2022-03-01,TATARAFEL,CHICKEN INN,629.2942191803378,661.0,31.70578081966221,5.038307973170215,95.0,6.957894736842105,2022,3,March,1,Tuesday,False,9
2022-03-01,TATARAFEL,PIZZA INN,2019.9693285792007,2214.25,194.2806714207993,9.61800105932558,159.0,13.926100628930818,2022,3,March,1,Tuesday,False,9
2022-03-01,TATARAFEL,CREAMY INN,58.22758605348589,203.5,145.27241394651412,249.490703277776,64.0,3.1796875,2022,3,March,1,Tuesday,False,9
2022-03-02,LA PIAZZA,CHICKEN INN,767.5613836961328,1228.75,461.1886163038672,60.08491647704434,181.0,6.788674033149171,2022,3,March,1,Wednesday,False,9
2022-03-02,LA PIAZZA,PIZZA INN,1733.1018819194844,1865.0,131.8981180805156,7.610523042905751,157.0,11.878980891719744,2022,3,March,1,Wednesday,False,9
2022-03-02,LA PIAZZA,CREAMY INN,446.9396069007213,517.25,70.31039309927866,15.73151987733696,138.0,3.7481884057971016,2022,3,March,1,Wednesday,False,9
2022-03-02,LA PIAZZA,GALITOS,576.2705326714905,481.25,-95.02053267149051,-16.488875846382733,70.0,6.875,2022,3,March,1,Wednesday,False,9
2022-03-02,CARREFOUR,CHICKEN INN,1277.284933326447,1809.0,531.7150666735531,41.62853978781397,205.0,8.824390243902439,2022,3,March,1,Wednesday,False,9
2022-03-02,CARREFOUR,PIZZA INN,2921.804655776196,2941.5,19.695344223804117,0.6740814853884173,200.0,14.7075,2022,3,March,1,Wednesday,False,9
2022-03-02,CARREFOUR,CREAMY INN,863.4323618399068,812.0,-51.432361839906775,-5.95673316324494,200.0,4.06,2022,3,March,1,Wednesday,False,9
2022-03-02,CARREFOUR,GALITOS,1013.9536111330428,690.5,-323.4536111330427,-31.90023760274392,77.0,8.967532467532468,2022,3,March,1,Wednesday,False,9
2022-03-02,ALILAC,CHICKEN INN,456.2804027379999,722.0,265.7195972620001,58.23603110444753,85.0,8.494117647058824,2022,3,March,1,Wednesday,False,9
2022-03-02,ALILAC,PIZZA INN,1345.065805837639,1196.5,-148.56580583763866,-11.045244417994809,94.0,12.72872340425532,2022,3,March,1,Wednesday,False,9
2022-03-02,ALILAC,CREAMY INN,272.1269463815571,147.75,-124.3769463815571,-45.70548710275996,37.0,3.993243243243243,2022,3,March,1,Wednesday,False,9
2022-03-02,JUNCTION,CHICKEN INN,1613.795994113966,1272.0,-341.7959941139659,-21.179628364465277,145.0,8.772413793103448,2022,3,March,1,Wednesday,False,9
2022-03-02,JUNCTION,PIZZA INN,4002.320100237688,3911.25,-91.07010023768773,-2.27543269795635,251.0,15.582669322709163,2022,3,March,1,Wednesday,False,9
2022-03-02,JUNCTION,CREAMY INN,323.8820704405178,398.5,74.6179295594822,23.03861076903486,78.0,5.108974358974359,2022,3,March,1,Wednesday,False,9
2022-03-02,JUNCTION,GALITOS,816.3599863970019,970.0,153.64001360299812,18.82013035463522,95.0,10.210526315789474,2022,3,March,1,Wednesday,False,9
2022-03-02,Bon Marche,CHICKEN INN,653.6043198745062,405.25,-248.35431987450625,-37.99765581754278,49.0,8.270408163265307,2022,3,March,1,Wednesday,False,9
2022-03-02,Bon Marche,PIZZA INN,1312.5859875200824,1051.5,-261.0859875200824,-19.890962573306297,82.0,12.823170731707316,2022,3,March,1,Wednesday,False,9
2022-03-02,Bon Marche,CREAMY INN,228.45056667245265,134.0,-94.45056667245264,-41.34398441124192,48.0,2.7916666666666665,2022,3,March,1,Wednesday,False,9
2022-03-02,Bon Marche,GALITOS,371.2017363308354,422.75,51.54826366916456,13.886859522451669,43.0,9.831395348837209,2022,3,March,1,Wednesday,False,9
2022-03-02,OASIS,CHICKEN INN,664.37811050788,429.25,-235.12811050788,-35.39070700690872,68.0,6.3125,2022,3,March,1,Wednesday,False,9
2022-03-02,OASIS,PIZZA INN,1952.862856714567,1707.75,-245.112856714567,-12.55146288802568,143.0,11.942307692307692,2022,3,March,1,Wednesday,False,9
2022-03-02,OASIS,CREAMY INN,48.59706927619178,180.5,131.90293072380825,271.4215747747341,40.0,4.5125,2022,3,March,1,Wednesday,False,9
2022-03-02,TATARAFEL,CHICKEN INN,498.2835828809101,599.75,101.46641711908995,20.36318686890001,81.0,7.404320987654321,2022,3,March,1,Wednesday,False,9
2022-03-02,TATARAFEL,PIZZA INN,1464.6471425359252,826.25,-638.3971425359252,-43.58709507537693,69.0,11.97463768115942,2022,3,March,1,Wednesday,False,9
2022-03-02,TATARAFEL,CREAMY INN,36.44780195714384,121.0,84.55219804285616,231.9816106943145,37.0,3.27027027027027,2022,3,March,1,Wednesday,False,9
2022-03-03,LA PIAZZA,CHICKEN INN,1087.791855574798,1057.75,-30.04185557479809,-2.7617283049911907,136.0,7.777573529411764,2022,3,March,1,Thursday,False,9
2022-03-03,LA PIAZZA,PIZZA INN,2156.1635032703016,3736.5,1580.3364967296984,73.29390810728252,254.0,14.710629921259844,2022,3,March,1,Thursday,False,9
2022-03-03,LA PIAZZA,CREAMY INN,408.90910944080537,481.25,72.34089055919463,17.691190753398185,142.0,3.389084507042253,2022,3,March,1,Thursday,False,9
2022-03-03,LA PIAZZA,GALITOS,530.2222793369996,637.75,107.52772066300042,20.27974395897796,85.0,7.502941176470588,2022,3,March,1,Thursday,False,9
2022-03-03,CARREFOUR,CHICKEN INN,1269.7239488262496,1681.5,411.7760511737504,32.430360280626495,181.0,9.290055248618785,2022,3,March,1,Thursday,False,9
2022-03-03,CARREFOUR,PIZZA INN,3548.9880288663016,4186.32,637.3319711336981,17.958132457755546,260.0,16.101230769230767,2022,3,March,1,Thursday,False,9
2022-03-03,CARREFOUR,CREAMY INN,701.2012824973552,878.5,177.29871750264476,25.28499618129456,202.0,4.349009900990099,2022,3,March,1,Thursday,False,9
2022-03-03,CARREFOUR,GALITOS,529.463036955285,847.5,318.036963044715,60.06783115089757,78.0,10.865384615384617,2022,3,March,1,Thursday,False,9
2022-03-03,ALILAC,CHICKEN INN,646.6428829010484,678.25,31.60711709895156,4.887878291824978,82.0,8.271341463414634,2022,3,March,1,Thursday,False,9
2022-03-03,ALILAC,PIZZA INN,1673.4052569557532,1882.0,208.5947430442468,12.465285511515653,128.0,14.703125,2022,3,March,1,Thursday,False,9
2022-03-03,ALILAC,CREAMY INN,248.9714171258173,164.0,-84.97141712581731,-34.12898480747175,41.0,4.0,2022,3,March,1,Thursday,False,9
2022-03-03,JUNCTION,CHICKEN INN,1711.946390195809,1552.75,-159.19639019580904,-9.299145762245535,187.0,8.303475935828876,2022,3,March,1,Thursday,False,9
2022-03-03,JUNCTION,PIZZA INN,5842.55697652668,5541.75,-300.80697652668005,-5.148550159377405,414.0,13.38586956521739,2022,3,March,1,Thursday,False,9
2022-03-03,JUNCTION,CREAMY INN,447.0764776019417,431.0,-16.07647760194169,-3.595912200117028,104.0,4.144230769230769,2022,3,March,1,Thursday,False,9
2022-03-03,JUNCTION,GALITOS,1317.0924199137671,1138.25,-178.84241991376734,-13.578577874244884,133.0,8.558270676691729,2022,3,March,1,Thursday,False,9
2022-03-03,Bon Marche,CHICKEN INN,693.3562607087057,489.25,-204.1062607087057,-29.43742954020217,58.0,8.435344827586206,2022,3,March,1,Thursday,False,9
2022-03-03,Bon Marche,PIZZA INN,1916.1032167869796,1709.75,-206.35321678697937,-10.76942071695924,126.0,13.569444444444445,2022,3,March,1,Thursday,False,9
2022-03-03,Bon Marche,CREAMY INN,315.34587424111555,180.0,-135.34587424111555,-42.91981766586525,51.0,3.5294117647058822,2022,3,March,1,Thursday,False,9
2022-03-03,Bon Marche,GALITOS,598.8865222779467,353.75,-245.1365222779467,-40.93204858668992,40.0,8.84375,2022,3,March,1,Thursday,False,9
2022-03-03,OASIS,CHICKEN INN,523.6732410784736,594.25,70.57675892152645,13.477251344020914,71.0,8.369718309859154,2022,3,March,1,Thursday,False,9
2022-03-03,OASIS,PIZZA INN,1879.3038394783332,2367.5,488.19616052166657,25.977500299109828,209.0,11.32775119617225,2022,3,March,1,Thursday,False,9
2022-03-03,OASIS,CREAMY INN,158.82944592706582,174.5,15.67055407293418,9.8662776171429,38.0,4.592105263157895,2022,3,March,1,Thursday,False,9
2022-03-03,TATARAFEL,CHICKEN INN,392.7549308088552,719.75,326.9950691911448,83.25676994499295,108.0,6.664351851851852,2022,3,March,1,Thursday,False,9
2022-03-03,TATARAFEL,PIZZA INN,1409.47787960875,2057.75,648.2721203912499,45.99377753776459,157.0,13.106687898089172,2022,3,March,1,Thursday,False,9
2022-03-03,TATARAFEL,CREAMY INN,119.12208444529938,260.5,141.37791555470062,118.68321160852511,76.0,3.4276315789473686,2022,3,March,1,Thursday,False,9
2022-03-04,LA PIAZZA,CHICKEN INN,929.112045548532,1155.75,226.637954451468,24.39296267197405,176.0,6.566761363636363,2022,3,March,1,Friday,False,9
2022-03-04,LA PIAZZA,PIZZA INN,1398.0154748491032,2002.5,604.4845251508968,43.23875779816692,178.0,11.25,2022,3,March,1,Friday,False,9
2022-03-04,LA PIAZZA,CREAMY INN,378.3546926781379,423.25,44.895307321862106,11.865931146268098,117.0,3.617521367521368,2022,3,March,1,Friday,False,9
2022-03-04,LA PIAZZA,GALITOS,1140.1947945214145,839.75,-300.44479452141445,-26.350303997618514,95.0,8.839473684210526,2022,3,March,1,Friday,False,9
2022-03-04,CARREFOUR,CHICKEN INN,1196.4606162553714,1486.75,290.2893837446286,24.2623434320106,170.0,8.745588235294118,2022,3,March,1,Friday,False,9
2022-03-04,CARREFOUR,PIZZA INN,2963.581261592663,2948.0,-15.58126159266294,-0.5257578658156783,195.0,15.117948717948718,2022,3,March,1,Friday,False,9
2022-03-04,CARREFOUR,CREAMY INN,693.266859871458,734.5,41.233140128542,5.9476577513293,185.0,3.9702702702702704,2022,3,March,1,Friday,False,9
2022-03-04,CARREFOUR,GALITOS,1877.6800593709413,1488.0,-389.6800593709416,-20.753272498483675,116.0,12.827586206896552,2022,3,March,1,Friday,False,9
2022-03-04,ALILAC,CHICKEN INN,552.3149383703773,731.75,179.43506162962274,32.48781612879267,98.0,7.466836734693878,2022,3,March,1,Friday,False,9
2022-03-04,ALILAC,PIZZA INN,1085.0041944266711,1625.0,539.9958055733289,49.76900627178395,115.0,14.130434782608695,2022,3,March,1,Friday,False,9
2022-03-04,ALILAC,CREAMY INN,230.36782951864177,173.0,-57.36782951864177,-24.902708697873745,38.0,4.552631578947368,2022,3,March,1,Friday,False,9
2022-03-04,JUNCTION,CHICKEN INN,1729.9007309424878,1774.0,44.099269057512174,2.5492369746260484,186.0,9.53763440860215,2022,3,March,1,Friday,False,9
2022-03-04,JUNCTION,PIZZA INN,4465.891221745602,5164.25,698.3587782543982,15.63761282079387,328.0,15.74466463414634,2022,3,March,1,Friday,False,9
2022-03-04,JUNCTION,CREAMY INN,815.6661958026536,355.0,-460.6661958026537,-56.477294041754,82.0,4.329268292682927,2022,3,March,1,Friday,False,9
2022-03-04,JUNCTION,GALITOS,2550.333910992184,2234.5,-315.833910992184,-12.38402193653582,201.0,11.116915422885572,2022,3,March,1,Friday,False,9
2022-03-04,Bon Marche,CHICKEN INN,700.6279572027667,480.25,-220.37795720276665,-31.454348193957056,53.0,9.06132075471698,2022,3,March,1,Friday,False,9
2022-03-04,Bon Marche,PIZZA INN,1464.617045274339,1310.0,-154.61704527433903,-10.556824104513788,90.0,14.555555555555555,2022,3,March,1,Friday,False,9
2022-03-04,Bon Marche,CREAMY INN,575.3310283376799,171.25,-404.0810283376799,-70.23452733032713,52.0,3.293269230769231,2022,3,March,1,Friday,False,9
2022-03-04,Bon Marche,GALITOS,1159.645734428889,679.0,-480.645734428889,-41.44763526988706,54.0,12.574074074074074,2022,3,March,1,Friday,False,9
2022-03-04,OASIS,CHICKEN INN,681.3660999927953,725.0,43.63390000720472,6.403884784943966,82.0,8.841463414634147,2022,3,March,1,Friday,False,9
2022-03-04,OASIS,PIZZA INN,1639.9144061919949,1503.0,-136.91440619199466,-8.348875140984966,125.0,12.024,2022,3,March,1,Friday,False,9
2022-03-04,OASIS,CREAMY INN,89.48972513054828,122.5,33.01027486945172,36.88722344525708,34.0,3.602941176470588,2022,3,March,1,Friday,False,9
2022-03-04,TATARAFEL,CHICKEN INN,511.0245749945965,633.25,122.22542500540352,23.91771961391405,87.0,7.278735632183908,2022,3,March,1,Friday,False,9
2022-03-04,TATARAFEL,PIZZA INN,1229.935804643996,1417.5,187.5641953560041,15.249917487384185,107.0,13.24766355140187,2022,3,March,1,Friday,False,9
2022-03-04,TATARAFEL,CREAMY INN,67.11729384791121,147.5,80.38270615208879,119.76452199374606,44.0,3.352272727272727,2022,3,March,1,Friday,False,9
2022-03-05,LA PIAZZA,CHICKEN INN,1529.9030367992964,1788.75,258.8469632007036,16.919174416585005,204.0,8.768382352941176,2022,3,March,1,Saturday,True,9
2022-03-05,LA PIAZZA,PIZZA INN,2556.332108751449,2929.25,372.91789124855086,14.588006385081536,237.0,12.359704641350213,2022,3,March,1,Saturday,True,9
2022-03-05,LA PIAZZA,CREAMY INN,737.2065661460624,677.75,-59.456566146062414,-8.065116193536767,152.0,4.458881578947368,2022,3,March,1,Saturday,True,9
2022-03-05,LA PIAZZA,GALITOS,967.3470030194852,1012.75,45.4029969805149,4.693558447877918,100.0,10.1275,2022,3,March,1,Saturday,True,9
2022-03-05,CARREFOUR,CHICKEN INN,1957.252091137301,2533.0,575.747908862699,29.416134562827263,264.0,9.594696969696969,2022,3,March,1,Saturday,True,9
2022-03-05,CARREFOUR,PIZZA INN,4321.747242523938,4659.5,337.7527574760616,7.815189980402717,294.0,15.848639455782314,2022,3,March,1,Saturday,True,9
2022-03-05,CARREFOUR,CREAMY INN,1095.6270039021174,1182.75,87.1229960978826,7.951884700503979,226.0,5.2334070796460175,2022,3,March,1,Saturday,True,9
2022-03-05,CARREFOUR,GALITOS,1050.9522329925687,1265.5,214.54776700743128,20.414606893836662,104.0,12.16826923076923,2022,3,March,1,Saturday,True,9
2022-03-05,ALILAC,CHICKEN INN,909.4579125638068,881.0,-28.45791256380676,-3.1291071495087106,98.0,8.989795918367347,2022,3,March,1,Saturday,True,9
2022-03-05,ALILAC,PIZZA INN,1983.9773666613207,1723.75,-260.2273666613208,-13.116448354410256,120.0,14.364583333333334,2022,3,March,1,Saturday,True,9
2022-03-05,ALILAC,CREAMY INN,448.8610286497247,189.5,-259.3610286497247,-57.78203321191443,39.0,4.858974358974359,2022,3,March,1,Saturday,True,9
2022-03-05,JUNCTION,CHICKEN INN,2834.092686863225,2657.25,-176.84268686322457,-6.239834275108136,303.0,8.76980198019802,2022,3,March,1,Saturday,True,9
2022-03-05,JUNCTION,PIZZA INN,7526.397131014011,7119.0,-407.3971310140114,-5.41291037294924,440.0,16.179545454545455,2022,3,March,1,Saturday,True,9
2022-03-05,JUNCTION,CREAMY INN,760.0300119233009,680.5,-79.53001192330089,-10.464062033819625,136.0,5.003676470588236,2022,3,March,1,Saturday,True,9
2022-03-05,JUNCTION,GALITOS,1094.017307351796,1460.5,366.482692648204,33.49880209256658,147.0,9.935374149659864,2022,3,March,1,Saturday,True,9
2022-03-05,Bon Marche,CHICKEN INN,1147.8372915875111,658.5,-489.33729158751134,-42.6312418296443,63.0,10.452380952380953,2022,3,March,1,Saturday,True,9
2022-03-05,Bon Marche,PIZZA INN,2468.32915990244,2214.75,-253.5791599024401,-10.273312166861196,142.0,15.596830985915492,2022,3,March,1,Saturday,True,9
2022-03-05,Bon Marche,CREAMY INN,536.0879862098965,303.5,-232.58798620989648,-43.38615902480427,106.0,2.8632075471698117,2022,3,March,1,Saturday,True,9
2022-03-05,Bon Marche,GALITOS,497.4534896759161,414.5,-82.9534896759161,-16.675627249083956,44.0,9.420454545454543,2022,3,March,1,Saturday,True,9
2022-03-05,OASIS,CHICKEN INN,977.917307740337,1156.0,178.08269225966296,18.21040397282228,122.0,9.475409836065571,2022,3,March,1,Saturday,True,9
2022-03-05,OASIS,PIZZA INN,3182.718004541418,2437.75,-744.9680045414179,-23.40666070567432,202.0,12.068069306930694,2022,3,March,1,Saturday,True,9
2022-03-05,OASIS,CREAMY INN,160.01474029965587,237.0,76.98525970034413,48.11135496403371,74.0,3.202702702702702,2022,3,March,1,Saturday,True,9
2022-03-05,TATARAFEL,CHICKEN INN,733.4379808052529,1393.0,659.5620191947471,89.92744259993242,154.0,9.045454545454543,2022,3,March,1,Saturday,True,9
2022-03-05,TATARAFEL,PIZZA INN,2387.0385034060632,1869.75,-517.2885034060632,-21.67072305988968,126.0,14.839285714285714,2022,3,March,1,Saturday,True,9
2022-03-05,TATARAFEL,CREAMY INN,120.01105522474192,348.0,227.9889447752581,189.9732856679816,95.0,3.663157894736842,2022,3,March,1,Saturday,True,9
2022-03-06,LA PIAZZA,CHICKEN INN,1451.0851048454604,1659.75,208.66489515453964,14.379921236719076,205.0,8.096341463414634,2022,3,March,1,Sunday,True,9
2022-03-06,LA PIAZZA,PIZZA INN,2927.4963345276133,3536.25,608.7536654723867,20.794344241958427,253.0,13.977272727272728,2022,3,March,1,Sunday,True,9
2022-03-06,LA PIAZZA,CREAMY INN,537.6277162282131,707.25,169.6222837717869,31.550137511843857,155.0,4.562903225806451,2022,3,March,1,Sunday,True,9
2022-03-06,LA PIAZZA,GALITOS,880.2557412781655,817.5,-62.75574127816549,-7.12926236493973,94.0,8.696808510638299,2022,3,March,1,Sunday,True,9
2022-03-06,CARREFOUR,CHICKEN INN,2678.1528546906025,3432.0,753.8471453093975,28.14802538208697,275.0,12.48,2022,3,March,1,Sunday,True,9
2022-03-06,CARREFOUR,PIZZA INN,6951.081554233176,7416.69,465.6084457668248,6.698359703221602,453.0,16.372384105960265,2022,3,March,1,Sunday,True,9
2022-03-06,CARREFOUR,CREAMY INN,1247.9732256254492,1607.5,359.5267743745508,28.808853186282583,265.0,6.066037735849057,2022,3,March,1,Sunday,True,9
2022-03-06,CARREFOUR,GALITOS,1789.0109483627673,1984.0,194.9890516372327,10.899265419011495,124.0,16.0,2022,3,March,1,Sunday,True,9
2022-03-06,ALILAC,CHICKEN INN,862.6042295896905,1269.25,406.6457704103095,47.14163882592323,146.0,8.693493150684931,2022,3,March,1,Sunday,True,9
2022-03-06,ALILAC,PIZZA INN,2272.039086315557,2779.75,507.71091368444286,22.346046630199933,190.0,14.630263157894737,2022,3,March,1,Sunday,True,9
2022-03-06,ALILAC,CREAMY INN,327.34397768370576,298.75,-28.59397768370576,-8.735147011421278,73.0,4.092465753424658,2022,3,March,1,Sunday,True,9
2022-03-06,JUNCTION,CHICKEN INN,4197.425627561023,3534.75,-662.6756275610232,-15.78766811756664,381.0,9.277559055118113,2022,3,March,1,Sunday,True,9
2022-03-06,JUNCTION,PIZZA INN,10243.204855245242,9352.5,-890.7048552452416,-8.695568114008166,560.0,16.700892857142858,2022,3,March,1,Sunday,True,9
2022-03-06,JUNCTION,CREAMY INN,1090.2042698263645,863.0,-227.20426982636445,-20.84052283729828,179.0,4.82122905027933,2022,3,March,1,Sunday,True,9
2022-03-06,JUNCTION,GALITOS,2020.0690748667407,2253.75,233.6809251332588,11.56796705818954,194.0,11.617268041237113,2022,3,March,1,Sunday,True,9
2022-03-06,Bon Marche,CHICKEN INN,1700.0014453698682,1261.0,-439.0014453698682,-25.823592477849623,148.0,8.52027027027027,2022,3,March,1,Sunday,True,9
2022-03-06,Bon Marche,PIZZA INN,3359.323298377386,3600.75,241.426701622614,7.186765910242325,222.0,16.219594594594593,2022,3,March,1,Sunday,True,9
2022-03-06,Bon Marche,CREAMY INN,768.9767540753722,697.75,-71.22675407537224,-9.262536701908008,193.0,3.615284974093264,2022,3,March,1,Sunday,True,9
2022-03-06,Bon Marche,GALITOS,918.532461896166,935.5,16.96753810383393,1.8472442518587868,88.0,10.630681818181818,2022,3,March,1,Sunday,True,9
2022-03-06,OASIS,CHICKEN INN,1553.662429631268,1222.25,-331.412429631268,-21.33104484671888,178.0,6.866573033707865,2022,3,March,1,Sunday,True,9
2022-03-06,OASIS,PIZZA INN,4429.027143065848,3582.5,-846.5271430658477,-19.113162230021175,266.0,13.468045112781954,2022,3,March,1,Sunday,True,9
2022-03-06,OASIS,CREAMY INN,352.0324286592429,411.0,58.96757134075705,16.75060776796672,115.0,3.5739130434782607,2022,3,March,1,Sunday,True,9
2022-03-06,TATARAFEL,CHICKEN INN,1165.246822223451,2122.75,957.5031777765488,82.17170469939586,210.0,10.108333333333333,2022,3,March,1,Sunday,True,9
2022-03-06,TATARAFEL,PIZZA INN,3321.770357299385,3370.5,48.72964270061448,1.4669780707005855,237.0,14.221518987341772,2022,3,March,1,Sunday,True,9
2022-03-06,TATARAFEL,CREAMY INN,264.02432149443223,503.5,239.47567850556777,90.70212817898212,122.0,4.127049180327869,2022,3,March,1,Sunday,True,9
2022-03-07,LA PIAZZA,CHICKEN INN,846.9012887092659,1386.25,539.3487112907341,63.68495578897247,201.0,6.896766169154229,2022,3,March,1,Monday,False,10
2022-03-07,LA PIAZZA,PIZZA INN,1325.313203820782,1812.25,486.93679617921794,36.74126197305017,164.0,11.05030487804878,2022,3,March,1,Monday,False,10
2022-03-07,LA PIAZZA,CREAMY INN,411.8345323223374,497.25,85.4154676776626,20.740239337387344,131.0,3.795801526717557,2022,3,March,1,Monday,False,10
2022-03-07,LA PIAZZA,GALITOS,801.1728714211052,580.25,-220.92287142110524,-27.57493161609884,86.0,6.747093023255814,2022,3,March,1,Monday,False,10
2022-03-07,CARREFOUR,CHICKEN INN,1388.353188398312,1997.75,609.3968116016881,43.893500349484206,181.0,11.03729281767956,2022,3,March,1,Monday,False,10
2022-03-07,CARREFOUR,PIZZA INN,2076.121108428045,3002.0,925.8788915719553,44.59657424672076,211.0,14.227488151658768,2022,3,March,1,Monday,False,10
2022-03-07,CARREFOUR,CREAMY INN,717.4814439722313,722.25,4.768556027768682,0.6646243004374116,179.0,4.034916201117318,2022,3,March,1,Monday,False,10
2022-03-07,CARREFOUR,GALITOS,690.8535771356309,910.25,219.39642286436916,31.7572970779156,89.0,10.22752808988764,2022,3,March,1,Monday,False,10
2022-03-07,ALILAC,CHICKEN INN,503.4443750033355,622.25,118.8056249966645,23.59856041610901,79.0,7.876582278481012,2022,3,March,1,Monday,False,10
2022-03-07,ALILAC,PIZZA INN,1028.5797338758414,1173.75,145.17026612415862,14.113661910986275,82.0,14.314024390243905,2022,3,March,1,Monday,False,10
2022-03-07,ALILAC,CREAMY INN,250.7526116839512,138.5,-112.25261168395116,-44.76627817756669,37.0,3.743243243243243,2022,3,March,1,Monday,False,10
2022-03-07,JUNCTION,CHICKEN INN,1752.0444178633916,1465.0,-287.0444178633916,-16.38339844222903,189.0,7.751322751322752,2022,3,March,1,Monday,False,10
2022-03-07,JUNCTION,PIZZA INN,3608.362689232309,3813.0,204.6373107676909,5.671195730361244,277.0,13.765342960288809,2022,3,March,1,Monday,False,10
2022-03-07,JUNCTION,CREAMY INN,300.7003271574541,367.5,66.79967284254587,22.21469909062251,75.0,4.9,2022,3,March,1,Monday,False,10
2022-03-07,JUNCTION,GALITOS,945.3005656438152,1087.25,141.94943435618484,15.016328088147016,137.0,7.936131386861314,2022,3,March,1,Monday,False,10
2022-03-07,Bon Marche,CHICKEN INN,709.5963828787751,398.75,-310.8463828787751,-43.806083342434256,62.0,6.431451612903226,2022,3,March,1,Monday,False,10
2022-03-07,Bon Marche,PIZZA INN,1183.3851828831318,1118.25,-65.13518288313185,-5.504140479808968,89.0,12.564606741573034,2022,3,March,1,Monday,False,10
2022-03-07,Bon Marche,CREAMY INN,212.0992991192096,206.5,-5.599299119209604,-2.6399423017718413,58.0,3.560344827586207,2022,3,March,1,Monday,False,10
2022-03-07,Bon Marche,GALITOS,429.83146794122905,283.25,-146.58146794122905,-34.102079273840225,33.0,8.583333333333334,2022,3,March,1,Monday,False,10
2022-03-07,OASIS,CHICKEN INN,542.138447040338,506.5,-35.63844704033795,-6.573680069158841,62.0,8.169354838709678,2022,3,March,1,Monday,False,10
2022-03-07,OASIS,PIZZA INN,2240.6463802879016,1460.25,-780.3963802879016,-34.82907375092486,134.0,10.897388059701491,2022,3,March,1,Monday,False,10
2022-03-07,OASIS,CREAMY INN,55.70883551173204,138.5,82.79116448826795,148.61406404883925,34.0,4.073529411764706,2022,3,March,1,Monday,False,10
2022-03-07,TATARAFEL,CHICKEN INN,406.6038352802535,607.25,200.64616471974648,49.34684508852461,91.0,6.673076923076923,2022,3,March,1,Monday,False,10
2022-03-07,TATARAFEL,PIZZA INN,1680.484785215926,1216.0,-464.484785215926,-27.639928031615245,89.0,13.662921348314606,2022,3,March,1,Monday,False,10
2022-03-07,TATARAFEL,CREAMY INN,41.78162663379904,167.0,125.21837336620096,299.6972196982541,52.0,3.2115384615384617,2022,3,March,1,Monday,False,10
2022-03-08,LA PIAZZA,CHICKEN INN,858.9066690730953,2093.0,1234.0933309269049,143.68188947219366,248.0,8.439516129032258,2022,3,March,1,Tuesday,False,10
2022-03-08,LA PIAZZA,PIZZA INN,4017.7570831440494,6750.25,2732.4929168559497,68.0104063115152,389.0,17.352827763496144,2022,3,March,1,Tuesday,False,10
2022-03-08,LA PIAZZA,CREAMY INN,601.66197263508,739.5,137.83802736491998,22.90954616281217,166.0,4.454819277108434,2022,3,March,1,Tuesday,False,10
2022-03-08,LA PIAZZA,GALITOS,668.7007223356496,1457.5,788.7992776643504,117.9599858826559,148.0,9.847972972972974,2022,3,March,1,Tuesday,False,10
2022-03-08,CARREFOUR,CHICKEN INN,1335.165573293475,2824.75,1489.584426706525,111.56552089881576,293.0,9.640784982935154,2022,3,March,1,Tuesday,False,10
2022-03-08,CARREFOUR,PIZZA INN,6438.962889734712,10296.5,3857.537110265288,59.90929247961887,562.0,18.3211743772242,2022,3,March,1,Tuesday,False,10
2022-03-08,CARREFOUR,CREAMY INN,990.1442950795704,1151.25,161.10570492042973,16.270931996581663,251.0,4.586653386454183,2022,3,March,1,Tuesday,False,10
2022-03-08,CARREFOUR,GALITOS,825.4520118314925,1517.25,691.7979881685075,83.80838355867148,139.0,10.91546762589928,2022,3,March,1,Tuesday,False,10
2022-03-08,ALILAC,CHICKEN INN,510.5810287013797,1419.5,908.9189712986204,178.01659681919244,148.0,9.591216216216216,2022,3,March,1,Tuesday,False,10
2022-03-08,ALILAC,PIZZA INN,3118.1938725458585,3887.5,769.3061274541415,24.671529702739083,234.0,16.613247863247864,2022,3,March,1,Tuesday,False,10
2022-03-08,ALILAC,CREAMY INN,366.3323474561906,227.25,-139.08234745619063,-37.96616608442512,43.0,5.284883720930233,2022,3,March,1,Tuesday,False,10
2022-03-08,JUNCTION,CHICKEN INN,1943.557385827964,3069.0,1125.4426141720362,57.90632282733411,422.0,7.272511848341232,2022,3,March,1,Tuesday,False,10
2022-03-08,JUNCTION,PIZZA INN,6049.837262507323,11302.0,5252.162737492677,86.81494244550878,723.0,15.632088520055325,2022,3,March,1,Tuesday,False,10
2022-03-08,JUNCTION,CREAMY INN,508.0113456602804,866.5,358.4886543397196,70.5670567010229,213.0,4.068075117370892,2022,3,March,1,Tuesday,False,10
2022-03-08,JUNCTION,GALITOS,1269.3659478408165,1372.75,103.38405215918374,8.144542740810039,199.0,6.898241206030151,2022,3,March,1,Tuesday,False,10
2022-03-08,Bon Marche,CHICKEN INN,787.1611454820912,1303.0,515.8388545179088,65.5315442687389,149.0,8.74496644295302,2022,3,March,1,Tuesday,False,10
2022-03-08,Bon Marche,PIZZA INN,1984.0820870555492,4305.25,2321.1679129444506,116.98951006554113,285.0,15.106140350877194,2022,3,March,1,Tuesday,False,10
2022-03-08,Bon Marche,CREAMY INN,358.3263489524973,804.5,446.1736510475027,124.51600401472322,244.0,3.297131147540984,2022,3,March,1,Tuesday,False,10
2022-03-08,Bon Marche,GALITOS,577.1851287779851,718.25,141.06487122201486,24.44014306478704,77.0,9.32792207792208,2022,3,March,1,Tuesday,False,10
2022-03-08,OASIS,CHICKEN INN,718.296511916524,1262.75,544.453488083476,75.79787442247097,157.0,8.042993630573248,2022,3,March,1,Tuesday,False,10
2022-03-08,OASIS,PIZZA INN,2744.912801078397,4389.0,1644.087198921603,59.895789705075096,348.0,12.612068965517242,2022,3,March,1,Tuesday,False,10
2022-03-08,OASIS,CREAMY INN,167.12650653519614,479.0,311.87349346480386,186.6092338854248,132.0,3.628787878787879,2022,3,March,1,Tuesday,False,10
2022-03-08,TATARAFEL,CHICKEN INN,538.722383937393,1839.75,1301.027616062607,241.50242404143432,216.0,8.51736111111111,2022,3,March,1,Tuesday,False,10
2022-03-08,TATARAFEL,PIZZA INN,2058.6846008087973,3409.0,1350.3153991912027,65.5911740273718,223.0,15.286995515695068,2022,3,March,1,Tuesday,False,10
2022-03-08,TATARAFEL,CREAMY INN,125.34487990139712,396.0,270.6551200986029,215.9283413183805,118.0,3.3559322033898304,2022,3,March,1,Tuesday,False,10
2022-03-09,LA PIAZZA,CHICKEN INN,1158.519205109532,1189.5,30.980794890468133,2.674171887166865,178.0,6.682584269662922,2022,3,March,1,Wednesday,False,10
2022-03-09,LA PIAZZA,PIZZA INN,1335.6992425391136,1820.0,484.3007574608864,36.25821906885633,159.0,11.446540880503145,2022,3,March,1,Wednesday,False,10
2022-03-09,LA PIAZZA,CREAMY INN,374.1290818492584,478.0,103.87091815074166,27.76339054887817,116.0,4.120689655172414,2022,3,March,1,Wednesday,False,10
2022-03-09,LA PIAZZA,GALITOS,488.1782219446384,635.0,146.82177805536162,30.075446108698365,87.0,7.2988505747126435,2022,3,March,1,Wednesday,False,10
2022-03-09,CARREFOUR,CHICKEN INN,1155.0055633060135,1681.75,526.7444366939865,45.60535926651878,202.0,8.325495049504951,2022,3,March,1,Wednesday,False,10
2022-03-09,CARREFOUR,PIZZA INN,2707.772020589135,2321.25,-386.5220205891351,-14.274540753436057,184.0,12.615489130434783,2022,3,March,1,Wednesday,False,10
2022-03-09,CARREFOUR,CREAMY INN,821.6373262687088,761.0,-60.63732626870876,-7.3800598305435186,174.0,4.373563218390805,2022,3,March,1,Wednesday,False,10
2022-03-09,CARREFOUR,GALITOS,703.2927689677128,831.75,128.45723103228715,18.265114714720525,94.0,8.84840425531915,2022,3,March,1,Wednesday,False,10
2022-03-09,ALILAC,CHICKEN INN,688.6870818612654,722.25,33.56291813873463,4.87346416430907,89.0,8.115168539325843,2022,3,March,1,Wednesday,False,10
2022-03-09,ALILAC,PIZZA INN,1036.6403710973884,1242.25,205.6096289026116,19.834229365865134,99.0,12.547979797979798,2022,3,March,1,Wednesday,False,10
2022-03-09,ALILAC,CREAMY INN,227.7949929346707,191.5,-36.29499293467069,-15.933182932198925,37.0,5.175675675675675,2022,3,March,1,Wednesday,False,10
2022-03-09,JUNCTION,CHICKEN INN,1977.9698722590977,1250.25,-727.7198722590977,-36.79125159919384,169.0,7.39792899408284,2022,3,March,1,Wednesday,False,10
2022-03-09,JUNCTION,PIZZA INN,3602.1193071244584,3657.75,55.63069287554163,1.5443878487176246,256.0,14.2880859375,2022,3,March,1,Wednesday,False,10
2022-03-09,JUNCTION,CREAMY INN,401.3753265581876,363.0,-38.37532655818762,-9.560958040758972,85.0,4.270588235294118,2022,3,March,1,Wednesday,False,10
2022-03-09,JUNCTION,GALITOS,772.0613824839861,1157.25,385.1886175160139,49.89093176461308,132.0,8.767045454545455,2022,3,March,1,Wednesday,False,10
2022-03-09,Bon Marche,CHICKEN INN,801.0985637623745,488.5,-312.5985637623745,-39.02123632505961,52.0,9.39423076923077,2022,3,March,1,Wednesday,False,10
2022-03-09,Bon Marche,PIZZA INN,1181.3376265497411,894.75,-286.5876265497411,-24.259586769174504,75.0,11.93,2022,3,March,1,Wednesday,False,10
2022-03-09,Bon Marche,CREAMY INN,283.11051820757933,149.5,-133.61051820757933,-47.19376696192362,45.0,3.3222222222222224,2022,3,March,1,Wednesday,False,10
2022-03-09,Bon Marche,GALITOS,351.059006452418,333.5,-17.559006452417975,-5.001725103098273,35.0,9.528571428571428,2022,3,March,1,Wednesday,False,10
2022-03-09,OASIS,CHICKEN INN,855.3083401535577,432.0,-423.3083401535577,-49.49189903579791,58.0,7.448275862068965,2022,3,March,1,Wednesday,False,10
2022-03-09,OASIS,PIZZA INN,1984.480329035404,1424.25,-560.2303290354041,-28.23058111680629,104.0,13.694711538461538,2022,3,March,1,Wednesday,False,10
2022-03-09,OASIS,CREAMY INN,87.1191363853682,119.0,31.880863614631807,36.59455882758986,43.0,2.7674418604651163,2022,3,March,1,Wednesday,False,10
2022-03-09,TATARAFEL,CHICKEN INN,641.4812551151683,752.0,110.51874488483168,17.22867878111102,94.0,8.0,2022,3,March,1,Wednesday,False,10
2022-03-09,TATARAFEL,PIZZA INN,1488.360246776553,1299.75,-188.6102467765529,-12.67235181704426,100.0,12.9975,2022,3,March,1,Wednesday,False,10
2022-03-09,TATARAFEL,CREAMY INN,65.33935228902615,144.5,79.16064771097385,121.15309524466927,54.0,2.675925925925926,2022,3,March,1,Wednesday,False,10
2022-03-10,LA PIAZZA,CHICKEN INN,841.6815581162965,936.5,94.81844188370349,11.265358135671812,140.0,6.689285714285714,2022,3,March,1,Thursday,False,10
2022-03-10,LA PIAZZA,PIZZA INN,1615.3023375089344,2958.23,1342.9276624910656,83.13785173877008,215.0,13.759209302325582,2022,3,March,1,Thursday,False,10
2022-03-10,LA PIAZZA,CREAMY INN,449.2149358085795,470.25,21.035064191420474,4.682627961503039,124.0,3.79233870967742,2022,3,March,1,Thursday,False,10
2022-03-10,LA PIAZZA,GALITOS,506.8644696745767,742.75,235.8855303254233,46.5381861302824,96.0,7.736979166666667,2022,3,March,1,Thursday,False,10
2022-03-10,CARREFOUR,CHICKEN INN,998.3106776295092,1662.0,663.6893223704909,66.48124048381638,178.0,9.337078651685394,2022,3,March,1,Thursday,False,10
2022-03-10,CARREFOUR,PIZZA INN,3286.7105188261557,3854.5,567.7894811738447,17.27531152870226,234.0,16.47222222222222,2022,3,March,1,Thursday,False,10
2022-03-10,CARREFOUR,CREAMY INN,848.1738567901043,766.0,-82.17385679010431,-9.688327001858973,193.0,3.9689119170984455,2022,3,March,1,Thursday,False,10
2022-03-10,CARREFOUR,GALITOS,865.0022627847788,725.25,-139.75226278477885,-16.15628869395809,70.0,10.360714285714286,2022,3,March,1,Thursday,False,10
2022-03-10,ALILAC,CHICKEN INN,500.3414820911423,762.0,261.6585179088577,52.29598729557144,90.0,8.466666666666667,2022,3,March,1,Thursday,False,10
2022-03-10,ALILAC,PIZZA INN,1253.6412099827228,1860.45,606.8087900172773,48.40370475900677,129.0,14.422093023255814,2022,3,March,1,Thursday,False,10
2022-03-10,ALILAC,CREAMY INN,273.51231992677225,167.75,-105.76231992677224,-38.6682106148228,37.0,4.533783783783784,2022,3,March,1,Thursday,False,10
2022-03-10,JUNCTION,CHICKEN INN,1963.6063996617547,1284.75,-678.8563996617547,-34.571918271334454,173.0,7.426300578034682,2022,3,March,1,Thursday,False,10
2022-03-10,JUNCTION,PIZZA INN,5590.01217026412,5172.25,-417.76217026412,-7.473367812799974,376.0,13.755984042553193,2022,3,March,1,Thursday,False,10
2022-03-10,JUNCTION,CREAMY INN,379.5182543198705,294.5,-85.0182543198705,-22.40162452059929,91.0,3.2362637362637363,2022,3,March,1,Thursday,False,10
2022-03-10,JUNCTION,GALITOS,927.6338605118386,1290.75,363.11613948816137,39.14433861737275,135.0,9.561111111111112,2022,3,March,1,Thursday,False,10
2022-03-10,Bon Marche,CHICKEN INN,795.2812065671259,309.0,-486.2812065671259,-61.1458189319203,38.0,8.131578947368421,2022,3,March,1,Thursday,False,10
2022-03-10,Bon Marche,PIZZA INN,1833.2795631013275,1684.25,-149.0295631013273,-8.129123680908577,116.0,14.51939655172414,2022,3,March,1,Thursday,False,10
2022-03-10,Bon Marche,CREAMY INN,267.6936088002359,184.75,-82.94360880023589,-30.984530849270996,56.0,3.299107142857143,2022,3,March,1,Thursday,False,10
2022-03-10,Bon Marche,GALITOS,421.7983554301935,337.75,-84.04835543019351,-19.926193250438903,30.0,11.258333333333333,2022,3,March,1,Thursday,False,10
2022-03-10,OASIS,CHICKEN INN,543.6156635172871,533.75,-9.86566351728709,-1.8148232619815523,75.0,7.116666666666666,2022,3,March,1,Thursday,False,10
2022-03-10,OASIS,PIZZA INN,2471.647504591161,2134.25,-337.3975045911611,-13.65071289350261,165.0,12.934848484848484,2022,3,March,1,Thursday,False,10
2022-03-10,OASIS,CREAMY INN,143.42061908339525,113.5,-29.92061908339525,-20.862146094905093,39.0,2.91025641025641,2022,3,March,1,Thursday,False,10
2022-03-10,TATARAFEL,CHICKEN INN,407.71174763796535,562.5,154.78825236203463,37.96511953819922,85.0,6.617647058823529,2022,3,March,1,Thursday,False,10
2022-03-10,TATARAFEL,PIZZA INN,1853.7356284433704,1546.25,-307.4856284433706,-16.58735063001266,113.0,13.68362831858407,2022,3,March,1,Thursday,False,10
2022-03-10,TATARAFEL,CREAMY INN,107.56546431254644,113.5,5.934535687453547,5.5171385401265285,40.0,2.8375,2022,3,March,1,Thursday,False,10
2022-03-11,LA PIAZZA,CHICKEN INN,863.6044266067676,1799.25,935.6455733932324,108.34191495167822,147.0,12.239795918367347,2022,3,March,1,Friday,False,10
2022-03-11,LA PIAZZA,PIZZA INN,1801.1577672053938,1928.75,127.59223279460616,7.083900984008375,175.0,11.021428571428572,2022,3,March,1,Friday,False,10
2022-03-11,LA PIAZZA,CREAMY INN,480.094399558084,457.25,-22.84439955808398,-4.758314110539871,96.0,4.763020833333333,2022,3,March,1,Friday,False,10
2022-03-11,LA PIAZZA,GALITOS,929.640824564431,853.0,-76.640824564431,-8.244132845643895,93.0,9.172043010752688,2022,3,March,1,Friday,False,10
2022-03-11,CARREFOUR,CHICKEN INN,1338.554980138391,1476.25,137.6950198616089,10.28684080256254,174.0,8.48419540229885,2022,3,March,1,Friday,False,10
2022-03-11,CARREFOUR,PIZZA INN,3273.069178151391,3350.5,77.43082184860896,2.3656946319827377,200.0,16.7525,2022,3,March,1,Friday,False,10
2022-03-11,CARREFOUR,CREAMY INN,787.8032498539295,690.0,-97.80324985392951,-12.414679664251665,176.0,3.9204545454545454,2022,3,March,1,Friday,False,10
2022-03-11,CARREFOUR,GALITOS,1636.870063647303,1307.0,-329.8700636473029,-20.1524892520962,108.0,12.101851851851851,2022,3,March,1,Friday,False,10
2022-03-11,ALILAC,CHICKEN INN,513.3736323223535,740.75,227.3763676776465,44.29062058545191,84.0,8.818452380952381,2022,3,March,1,Friday,False,10
2022-03-11,ALILAC,PIZZA INN,1397.8841918419869,1845.5,447.6158081580131,32.020950717540586,123.0,15.004065040650406,2022,3,March,1,Friday,False,10
2022-03-11,ALILAC,CREAMY INN,292.3138180404072,211.0,-81.31381804040717,-27.81730216707271,46.0,4.586956521739131,2022,3,March,1,Friday,False,10
2022-03-11,JUNCTION,CHICKEN INN,2211.675540978365,1384.25,-827.425540978365,-37.41170554394891,209.0,6.623205741626794,2022,3,March,1,Friday,False,10
2022-03-11,JUNCTION,PIZZA INN,4759.018011709192,4315.75,-443.26801170919225,-9.314274722612224,309.0,13.966828478964402,2022,3,March,1,Friday,False,10
2022-03-11,JUNCTION,CREAMY INN,457.6738459599137,425.5,-32.17384595991365,-7.029863350052926,110.0,3.868181818181818,2022,3,March,1,Friday,False,10
2022-03-11,JUNCTION,GALITOS,2382.368371155333,2625.0,242.6316288446669,10.184471544465744,215.0,12.209302325581396,2022,3,March,1,Friday,False,10
2022-03-11,Bon Marche,CHICKEN INN,895.7518131267339,516.0,-379.75181312673385,-42.39475796327585,62.0,8.32258064516129,2022,3,March,1,Friday,False,10
2022-03-11,Bon Marche,PIZZA INN,1560.7498151270304,1485.75,-74.99981512703039,-4.805370751937338,106.0,14.016509433962264,2022,3,March,1,Friday,False,10
2022-03-11,Bon Marche,CREAMY INN,322.8207394083124,166.5,-156.32073940831236,-48.42338806819772,54.0,3.083333333333333,2022,3,March,1,Friday,False,10
2022-03-11,Bon Marche,GALITOS,1083.2712169732229,522.25,-561.0212169732229,-51.78954339253811,57.0,9.162280701754383,2022,3,March,1,Friday,False,10
2022-03-11,OASIS,CHICKEN INN,662.5315899116936,601.5,-61.03158991169357,-9.21187620952961,82.0,7.335365853658536,2022,3,March,1,Friday,False,10
2022-03-11,OASIS,PIZZA INN,1757.995986492264,1664.5,-93.49598649226414,-5.318327641851846,134.0,12.421641791044776,2022,3,March,1,Friday,False,10
2022-03-11,OASIS,CREAMY INN,168.9044480940812,178.5,9.595551905918796,5.681053408714253,50.0,3.57,2022,3,March,1,Friday,False,10
2022-03-11,TATARAFEL,CHICKEN INN,496.89869243377024,692.25,195.35130756622976,39.31411181812828,83.0,8.340361445783133,2022,3,March,1,Friday,False,10
2022-03-11,TATARAFEL,PIZZA INN,1318.4969898691982,1535.75,217.25301013080184,16.477323179353974,122.0,12.58811475409836,2022,3,March,1,Friday,False,10
2022-03-11,TATARAFEL,CREAMY INN,126.6783360705609,199.0,72.3216639294391,57.09079087457805,52.0,3.826923076923077,2022,3,March,1,Friday,False,10
2022-03-12,LA PIAZZA,CHICKEN INN,1377.2259169549448,1520.0,142.77408304505525,10.36678741572985,192.0,7.916666666666667,2022,3,March,1,Saturday,True,10
2022-03-12,LA PIAZZA,PIZZA INN,2863.266884558984,2746.25,-117.0168845589842,-4.086831206340996,230.0,11.940217391304348,2022,3,March,1,Saturday,True,10
2022-03-12,LA PIAZZA,CREAMY INN,372.178799928237,743.25,371.071200071763,99.70240114249182,156.0,4.764423076923077,2022,3,March,1,Saturday,True,10
2022-03-12,LA PIAZZA,GALITOS,909.9535278489604,1020.5,110.54647215103968,12.148584380167254,132.0,7.731060606060606,2022,3,March,1,Saturday,True,10
2022-03-12,CARREFOUR,CHICKEN INN,1721.0365064069963,1958.75,237.71349359300348,13.812228427930172,203.0,9.649014778325125,2022,3,March,1,Saturday,True,10
2022-03-12,CARREFOUR,PIZZA INN,4569.644505936103,4411.25,-158.3945059361031,-3.4662325642693634,293.0,15.055460750853245,2022,3,March,1,Saturday,True,10
2022-03-12,CARREFOUR,CREAMY INN,1098.2806569542572,951.5,-146.7806569542572,-13.3645854568092,186.0,5.115591397849462,2022,3,March,1,Saturday,True,10
2022-03-12,CARREFOUR,GALITOS,1072.9600339262522,932.0,-140.9600339262522,-13.137491562518052,86.0,10.83720930232558,2022,3,March,1,Saturday,True,10
2022-03-12,ALILAC,CHICKEN INN,818.6982948821575,844.75,26.05170511784252,3.182088600977527,104.0,8.122596153846153,2022,3,March,1,Saturday,True,10
2022-03-12,ALILAC,PIZZA INN,2222.1904087612525,2278.0,55.80959123874754,2.5114675600574787,141.0,16.156028368794328,2022,3,March,1,Saturday,True,10
2022-03-12,ALILAC,CREAMY INN,226.6075298959148,160.5,-66.10752989591481,-29.17269780323684,32.0,5.015625,2022,3,March,1,Saturday,True,10
2022-03-12,JUNCTION,CHICKEN INN,3141.7103916563187,2380.75,-760.9603916563187,-24.22121382280364,291.0,8.18127147766323,2022,3,March,1,Saturday,True,10
2022-03-12,JUNCTION,PIZZA INN,7905.994763171335,6465.25,-1440.7447631713349,-18.22344697068087,427.0,15.141100702576113,2022,3,March,1,Saturday,True,10
2022-03-12,JUNCTION,CREAMY INN,990.8539414703774,620.0,-370.85394147037744,-37.42771017492738,134.0,4.626865671641791,2022,3,March,1,Saturday,True,10
2022-03-12,JUNCTION,GALITOS,1246.4255993858617,1252.0,5.574400614138312,0.4472309150971329,117.0,10.7008547008547,2022,3,March,1,Saturday,True,10
2022-03-12,Bon Marche,CHICKEN INN,1272.425691519088,835.5,-436.9256915190879,-34.33801238306209,98.0,8.525510204081632,2022,3,March,1,Saturday,True,10
2022-03-12,Bon Marche,PIZZA INN,2592.8205849725928,1758.75,-834.0705849725928,-32.16846509961696,125.0,14.07,2022,3,March,1,Saturday,True,10
2022-03-12,Bon Marche,CREAMY INN,698.8998931329021,359.5,-339.3998931329021,-48.562018175664846,114.0,3.1535087719298245,2022,3,March,1,Saturday,True,10
2022-03-12,Bon Marche,GALITOS,566.7540722338047,626.25,59.49592776619534,10.497662157361846,55.0,11.386363636363637,2022,3,March,1,Saturday,True,10
2022-03-12,OASIS,CHICKEN INN,1370.4875864895737,1004.0,-366.4875864895735,-26.741401388998405,137.0,7.328467153284672,2022,3,March,1,Saturday,True,10
2022-03-12,OASIS,PIZZA INN,2415.832987126826,2443.25,27.41701287317392,1.1348885878812855,206.0,11.860436893203884,2022,3,March,1,Saturday,True,10
2022-03-12,OASIS,CREAMY INN,285.6559437942005,237.0,-48.65594379420048,-17.03305842263672,67.0,3.537313432835821,2022,3,March,1,Saturday,True,10
2022-03-12,TATARAFEL,CHICKEN INN,1027.8656898671802,1221.25,193.3843101328198,18.814161425877412,158.0,7.7294303797468356,2022,3,March,1,Saturday,True,10
2022-03-12,TATARAFEL,PIZZA INN,1811.8747403451196,2124.25,312.37525965488067,17.24044453511066,154.0,13.793831168831169,2022,3,March,1,Saturday,True,10
2022-03-12,TATARAFEL,CREAMY INN,214.24195784565035,312.5,98.25804215434964,45.8631181036626,88.0,3.551136363636364,2022,3,March,1,Saturday,True,10
2022-03-13,LA PIAZZA,CHICKEN INN,1482.403488403276,2211.5,729.096511596724,49.18340501087509,236.0,9.370762711864408,2022,3,March,1,Sunday,True,10
2022-03-13,LA PIAZZA,PIZZA INN,3230.604675017869,3777.5,546.8953249821311,16.928574678642974,251.0,15.049800796812749,2022,3,March,1,Sunday,True,10
2022-03-13,LA PIAZZA,CREAMY INN,493.4213260183964,664.5,171.07867398160363,34.67192538314107,144.0,4.614583333333333,2022,3,March,1,Sunday,True,10
2022-03-13,LA PIAZZA,GALITOS,846.2200757700637,1067.25,221.02992422993637,26.119673895564134,116.0,9.200431034482758,2022,3,March,1,Sunday,True,10
2022-03-13,CARREFOUR,CHICKEN INN,2232.3154927824125,3615.25,1382.9345072175877,61.95067461068704,284.0,12.72975352112676,2022,3,March,1,Sunday,True,10
2022-03-13,CARREFOUR,PIZZA INN,6782.6678358193085,7415.5,632.8321641806915,9.330136452189228,419.0,17.698090692124104,2022,3,March,1,Sunday,True,10
2022-03-13,CARREFOUR,CREAMY INN,1242.2413350328277,1289.25,47.00866496717231,3.784181353611941,246.0,5.240853658536586,2022,3,March,1,Sunday,True,10
2022-03-13,CARREFOUR,GALITOS,1693.643810983472,1493.5,-200.1438109834719,-11.817349650824845,125.0,11.948,2022,3,March,1,Sunday,True,10
2022-03-13,ALILAC,CHICKEN INN,881.2215870628492,1536.75,655.5284129371508,74.38860129630463,152.0,10.110197368421051,2022,3,March,1,Sunday,True,10
2022-03-13,ALILAC,PIZZA INN,2507.2824199654456,3517.86,1010.577580034554,40.30569400508466,205.0,17.160292682926826,2022,3,March,1,Sunday,True,10
2022-03-13,ALILAC,CREAMY INN,300.428148805239,246.5,-53.928148805239005,-17.950431415865577,50.0,4.93,2022,3,March,1,Sunday,True,10
2022-03-13,JUNCTION,CHICKEN INN,4539.156579772807,3860.25,-678.9065797728072,-14.956668002996883,384.0,10.052734375,2022,3,March,1,Sunday,True,10
2022-03-13,JUNCTION,PIZZA INN,11097.611696704613,9860.25,-1237.361696704611,-11.149801691764369,555.0,17.766216216216215,2022,3,March,1,Sunday,True,10
2022-03-13,JUNCTION,CREAMY INN,1253.138808330183,937.0,-316.13880833018334,-25.227756592379468,209.0,4.483253588516747,2022,3,March,1,Sunday,True,10
2022-03-13,JUNCTION,GALITOS,2053.0293456353543,1821.75,-231.27934563535428,-11.265272273240686,182.0,10.009615384615383,2022,3,March,1,Sunday,True,10
2022-03-13,Bon Marche,CHICKEN INN,1838.4060686401604,1855.5,17.093931359839644,0.929823484127408,180.0,10.308333333333334,2022,3,March,1,Sunday,True,10
2022-03-13,Bon Marche,PIZZA INN,3639.531382601898,3892.0,252.4686173981017,6.93684408396589,249.0,15.630522088353414,2022,3,March,1,Sunday,True,10
2022-03-13,Bon Marche,CREAMY INN,883.9028060210234,709.0,-174.90280602102337,-19.787560898054597,185.0,3.832432432432432,2022,3,March,1,Sunday,True,10
2022-03-13,Bon Marche,GALITOS,933.519612103322,1012.0,78.48038789667805,8.406935095862972,105.0,9.638095238095238,2022,3,March,1,Sunday,True,10
2022-03-13,OASIS,CHICKEN INN,1846.5205961864367,1364.5,-482.0205961864372,-26.10426318460458,176.0,7.752840909090909,2022,3,March,1,Sunday,True,10
2022-03-13,OASIS,PIZZA INN,4674.546494455206,4062.75,-611.7964944552059,-13.08782563572528,270.0,15.047222222222222,2022,3,March,1,Sunday,True,10
2022-03-13,OASIS,CREAMY INN,516.7883464492589,533.5,16.71165355074106,3.233752011933555,130.0,4.1038461538461535,2022,3,March,1,Sunday,True,10
2022-03-13,TATARAFEL,CHICKEN INN,1384.890447139828,1463.25,78.35955286017202,5.658177007575264,168.0,8.709821428571429,2022,3,March,1,Sunday,True,10
2022-03-13,TATARAFEL,PIZZA INN,3505.9098708414044,3001.5,-504.4098708414044,-14.38741694521508,218.0,13.76834862385321,2022,3,March,1,Sunday,True,10
2022-03-13,TATARAFEL,CREAMY INN,387.5912598369443,477.0,89.40874016305571,23.067790589671468,127.0,3.755905511811024,2022,3,March,1,Sunday,True,10
2022-03-14,LA PIAZZA,CHICKEN INN,846.9012887092659,1136.0,289.09871129073406,34.136057548258044,160.0,7.1,2022,3,March,1,Monday,False,11
2022-03-14,LA PIAZZA,PIZZA INN,1325.313203820782,1639.0,313.68679617921794,23.66888032767512,138.0,11.876811594202898,2022,3,March,1,Monday,False,11
2022-03-14,LA PIAZZA,CREAMY INN,411.8345323223374,528.25,116.4154676776626,28.267534298591983,151.0,3.498344370860927,2022,3,March,1,Monday,False,11
2022-03-14,LA PIAZZA,GALITOS,801.1728714211052,697.0,-104.17287142110524,-13.002546034331564,83.0,8.397590361445783,2022,3,March,1,Monday,False,11
2022-03-14,CARREFOUR,CHICKEN INN,1388.353188398312,1517.5,129.1468116016881,9.302158318279204,151.0,10.049668874172186,2022,3,March,1,Monday,False,11
2022-03-14,CARREFOUR,PIZZA INN,2076.121108428045,1948.5,-127.62110842804486,-6.147093631000863,141.0,13.819148936170214,2022,3,March,1,Monday,False,11
2022-03-14,CARREFOUR,CREAMY INN,717.4814439722313,648.75,-68.73144397223132,-9.579543073854246,146.0,4.443493150684931,2022,3,March,1,Monday,False,11
2022-03-14,CARREFOUR,GALITOS,690.8535771356309,761.75,70.89642286436913,10.262148914146897,64.0,11.90234375,2022,3,March,1,Monday,False,11
2022-03-14,ALILAC,CHICKEN INN,503.4443750033355,626.5,123.0556249966645,24.4427450392805,75.0,8.353333333333333,2022,3,March,1,Monday,False,11
2022-03-14,ALILAC,PIZZA INN,1028.5797338758414,1166.0,137.42026612415862,13.360195772702872,79.0,14.759493670886076,2022,3,March,1,Monday,False,11
2022-03-14,ALILAC,CREAMY INN,250.7526116839512,127.75,-123.00261168395116,-49.05337210963281,28.0,4.5625,2022,3,March,1,Monday,False,11
2022-03-14,JUNCTION,CHICKEN INN,1752.0444178633916,1206.5,-545.5444178633916,-31.137590594231625,176.0,6.855113636363637,2022,3,March,1,Monday,False,11
2022-03-14,JUNCTION,PIZZA INN,3608.362689232309,3230.0,-378.3626892323091,-10.4857167036279,243.0,13.292181069958849,2022,3,March,1,Monday,False,11
2022-03-14,JUNCTION,CREAMY INN,300.7003271574541,274.0,-26.70032715745413,-8.879380814066483,67.0,4.08955223880597,2022,3,March,1,Monday,False,11
2022-03-14,JUNCTION,GALITOS,945.3005656438152,1024.0,78.69943435618484,8.325334524959802,117.0,8.752136752136753,2022,3,March,1,Monday,False,11
2022-03-14,Bon Marche,CHICKEN INN,709.5963828787751,308.25,-401.3463828787751,-56.55981238948053,41.0,7.518292682926829,2022,3,March,1,Monday,False,11
2022-03-14,Bon Marche,PIZZA INN,1183.3851828831318,1250.25,66.86481711686815,5.6503003488654935,96.0,13.0234375,2022,3,March,1,Monday,False,11
2022-03-14,Bon Marche,CREAMY INN,212.0992991192096,183.5,-28.599299119209604,-13.483919672518804,50.0,3.67,2022,3,March,1,Monday,False,11
2022-03-14,Bon Marche,GALITOS,429.83146794122905,361.25,-68.58146794122905,-15.955432083582629,57.0,6.337719298245614,2022,3,March,1,Monday,False,11
2022-03-14,OASIS,CHICKEN INN,542.138447040338,518.75,-23.38844704033795,-4.31410964634975,71.0,7.306338028169014,2022,3,March,1,Monday,False,11
2022-03-14,OASIS,PIZZA INN,2240.6463802879016,1390.5,-850.1463802879016,-37.94201475819964,115.0,12.091304347826089,2022,3,March,1,Monday,False,11
2022-03-14,OASIS,CREAMY INN,55.70883551173204,104.5,48.79116448826796,87.58245265778845,33.0,3.1666666666666665,2022,3,March,1,Monday,False,11
2022-03-14,TATARAFEL,CHICKEN INN,406.6038352802535,571.0,164.39616471974648,40.43153321621664,77.0,7.415584415584416,2022,3,March,1,Monday,False,11
2022-03-14,TATARAFEL,PIZZA INN,1680.484785215926,1037.25,-643.234785215926,-38.27673959769154,92.0,11.27445652173913,2022,3,March,1,Monday,False,11
2022-03-14,TATARAFEL,CREAMY INN,41.78162663379904,189.0,147.21837336620098,352.3519432513176,49.0,3.857142857142857,2022,3,March,1,Monday,False,11
2022-03-15,LA PIAZZA,CHICKEN INN,1813.5953945271767,1025.0,-788.5953945271767,-43.48243257051123,160.0,6.40625,2022,3,March,1,Tuesday,False,11
2022-03-15,LA PIAZZA,PIZZA INN,4216.458402834235,3903.25,-313.2084028342352,-7.428234146071536,250.0,15.613,2022,3,March,1,Tuesday,False,11
2022-03-15,LA PIAZZA,CREAMY INN,783.3632382769006,526.0,-257.3632382769006,-32.85362724487828,147.0,3.578231292517007,2022,3,March,1,Tuesday,False,11
2022-03-15,LA PIAZZA,GALITOS,1212.937687470103,838.0,-374.9376874701029,-30.911537446918068,95.0,8.821052631578947,2022,3,March,1,Tuesday,False,11
2022-03-15,CARREFOUR,CHICKEN INN,2239.094306472244,1516.25,-722.8443064722442,-32.28288796871203,176.0,8.615056818181818,2022,3,March,1,Tuesday,False,11
2022-03-15,CARREFOUR,PIZZA INN,5220.938948668855,6774.75,1553.8110513311449,29.761141944157547,417.0,16.246402877697843,2022,3,March,1,Tuesday,False,11
2022-03-15,CARREFOUR,CREAMY INN,1048.5246622266404,622.0,-426.5246622266404,-40.67855317021112,159.0,3.911949685534591,2022,3,March,1,Tuesday,False,11
2022-03-15,CARREFOUR,GALITOS,1710.867307366355,673.5,-1037.367307366355,-60.63400141552995,68.0,9.904411764705882,2022,3,March,1,Tuesday,False,11
2022-03-15,ALILAC,CHICKEN INN,1078.1001423415032,685.75,-392.3501423415032,-36.3927363453794,81.0,8.466049382716049,2022,3,March,1,Tuesday,False,11
2022-03-15,ALILAC,PIZZA INN,2297.9179742373663,2292.5,-5.417974237366252,-0.2357775298382602,142.0,16.1443661971831,2022,3,March,1,Tuesday,False,11
2022-03-15,ALILAC,CREAMY INN,476.96432056694726,78.5,-398.46432056694726,-83.54174586755454,22.0,3.5681818181818183,2022,3,March,1,Tuesday,False,11
2022-03-15,JUNCTION,CHICKEN INN,3989.454513911996,1451.75,-2537.7045139119955,-63.61031326620047,202.0,7.186881188118812,2022,3,March,1,Tuesday,False,11
2022-03-15,JUNCTION,PIZZA INN,8442.613455341101,5596.0,-2846.613455341101,-33.7172070046655,417.0,13.419664268585132,2022,3,March,1,Tuesday,False,11
2022-03-15,JUNCTION,CREAMY INN,802.0883175940021,446.0,-356.0883175940021,-44.39515073129957,117.0,3.811965811965812,2022,3,March,1,Tuesday,False,11
2022-03-15,JUNCTION,GALITOS,1387.7592404416737,1032.0,-355.75924044167346,-25.63551587870877,124.0,8.32258064516129,2022,3,March,1,Tuesday,False,11
2022-03-15,Bon Marche,CHICKEN INN,1615.7709609803296,399.0,-1216.7709609803296,-75.30590599561732,51.0,7.823529411764706,2022,3,March,1,Tuesday,False,11
2022-03-15,Bon Marche,PIZZA INN,2768.80805182752,1788.0,-980.8080518275196,-35.42347585922934,119.0,15.025210084033612,2022,3,March,1,Tuesday,False,11
2022-03-15,Bon Marche,CREAMY INN,565.7538573422089,189.5,-376.2538573422089,-66.50486823187903,61.0,3.1065573770491803,2022,3,March,1,Tuesday,False,11
2022-03-15,Bon Marche,GALITOS,631.0189723220889,405.5,-225.51897232208887,-35.73885765941408,49.0,8.275510204081632,2022,3,March,1,Tuesday,False,11
2022-03-15,OASIS,CHICKEN INN,1646.7270676790645,463.0,-1183.7270676790645,-71.88362242368657,66.0,7.015151515151516,2022,3,March,1,Tuesday,False,11
2022-03-15,OASIS,PIZZA INN,3197.2362316275166,1952.75,-1244.4862316275166,-38.92381236384354,173.0,11.28757225433526,2022,3,March,1,Tuesday,False,11
2022-03-15,OASIS,CREAMY INN,315.28830310895154,110.5,-204.78830310895157,-64.95271187976313,39.0,2.833333333333333,2022,3,March,1,Tuesday,False,11
2022-03-15,TATARAFEL,CHICKEN INN,1235.0453007592985,1087.5,-147.54530075929847,-11.946549707009815,134.0,8.115671641791044,2022,3,March,1,Tuesday,False,11
2022-03-15,TATARAFEL,PIZZA INN,2459.3876683851217,1747.0,-712.3876683851217,-28.96605840318328,116.0,15.060344827586206,2022,3,March,1,Tuesday,False,11
2022-03-15,TATARAFEL,CREAMY INN,236.4662273317137,198.5,-37.9662273317137,-16.055665859824817,61.0,3.2540983606557377,2022,3,March,1,Tuesday,False,11
2022-03-16,LA PIAZZA,CHICKEN INN,770.6932220519144,1202.5,431.8067779480856,56.02836064892741,178.0,6.75561797752809,2022,3,March,1,Wednesday,False,11
2022-03-16,LA PIAZZA,PIZZA INN,1198.7675215421634,1911.5,712.7324784578366,59.45543782675531,156.0,12.253205128205128,2022,3,March,1,Wednesday,False,11
2022-03-16,LA PIAZZA,CREAMY INN,434.5878214009196,395.25,-39.33782140091955,-9.051754205654396,111.0,3.560810810810811,2022,3,March,1,Wednesday,False,11
2022-03-16,LA PIAZZA,GALITOS,661.0260134465678,819.75,158.72398655343216,24.011761008594885,94.0,8.720744680851064,2022,3,March,1,Wednesday,False,11
2022-03-16,CARREFOUR,CHICKEN INN,1164.6523366338515,1130.0,-34.65233663385152,-2.975337407041641,132.0,8.56060606060606,2022,3,March,1,Wednesday,False,11
2022-03-16,CARREFOUR,PIZZA INN,3083.022566984125,2136.5,-946.5225669841252,-30.701123537672725,147.0,14.534013605442176,2022,3,March,1,Wednesday,False,11
2022-03-16,CARREFOUR,CREAMY INN,855.8031093150055,659.75,-196.05310931500549,-22.908669900945863,158.0,4.175632911392405,2022,3,March,1,Wednesday,False,11
2022-03-16,CARREFOUR,GALITOS,1118.8893576139396,553.0,-565.8893576139396,-50.5759889271548,65.0,8.507692307692308,2022,3,March,1,Wednesday,False,11
2022-03-16,ALILAC,CHICKEN INN,458.1421384853158,631.5,173.3578615146842,37.83931818361663,71.0,8.894366197183098,2022,3,March,1,Wednesday,False,11
2022-03-16,ALILAC,PIZZA INN,930.367232992254,1161.0,230.63276700774588,24.789433551521697,86.0,13.5,2022,3,March,1,Wednesday,False,11
2022-03-16,ALILAC,CREAMY INN,264.6063471361031,125.5,-139.10634713610312,-52.57105456527552,32.0,3.921875,2022,3,March,1,Wednesday,False,11
2022-03-16,JUNCTION,CHICKEN INN,1962.1102045995317,1298.0,-664.1102045995315,-33.84673312654612,178.0,7.292134831460674,2022,3,March,1,Wednesday,False,11
2022-03-16,JUNCTION,PIZZA INN,4662.869927248292,3807.25,-855.6199272482918,-18.349641757071712,251.0,15.168326693227092,2022,3,March,1,Wednesday,False,11
2022-03-16,JUNCTION,CREAMY INN,449.7258196914347,398.0,-51.72581969143471,-11.50163442404191,87.0,4.574712643678161,2022,3,March,1,Wednesday,False,11
2022-03-16,JUNCTION,GALITOS,1104.3009118316031,1161.5,57.19908816839688,5.179665031112397,137.0,8.478102189781023,2022,3,March,1,Wednesday,False,11
2022-03-16,Bon Marche,CHICKEN INN,794.6752318592875,452.25,-342.42523185928746,-43.089959033720135,59.0,7.665254237288136,2022,3,March,1,Wednesday,False,11
2022-03-16,Bon Marche,PIZZA INN,1529.2174475928143,1469.0,-60.21744759281432,-3.937794960919676,105.0,13.99047619047619,2022,3,March,1,Wednesday,False,11
2022-03-16,Bon Marche,CREAMY INN,317.2145905329148,262.75,-54.46459053291477,-17.16963599984958,56.0,4.691964285714286,2022,3,March,1,Wednesday,False,11
2022-03-16,Bon Marche,GALITOS,502.1294805405487,498.0,-4.129480540548684,-0.8223935659191424,40.0,12.45,2022,3,March,1,Wednesday,False,11
2022-03-16,OASIS,CHICKEN INN,465.6924943582194,607.0,141.3075056417806,30.343522249917186,82.0,7.402439024390244,2022,3,March,1,Wednesday,False,11
2022-03-16,OASIS,PIZZA INN,1788.9682042759416,1305.0,-483.9682042759416,-27.05292375343365,113.0,11.548672566371682,2022,3,March,1,Wednesday,False,11
2022-03-16,OASIS,CREAMY INN,43.85589178583161,111.5,67.6441082141684,154.24178020254504,35.0,3.185714285714285,2022,3,March,1,Wednesday,False,11
2022-03-16,TATARAFEL,CHICKEN INN,349.2693707686646,704.75,355.4806292313354,101.77835761807604,87.0,8.100574712643677,2022,3,March,1,Wednesday,False,11
2022-03-16,TATARAFEL,PIZZA INN,1341.726153206956,1123.0,-218.72615320695604,-16.301847637400744,87.0,12.908045977011492,2022,3,March,1,Wednesday,False,11
2022-03-16,TATARAFEL,CREAMY INN,32.89191883937371,111.0,78.10808116062628,237.4689100446337,39.0,2.8461538461538463,2022,3,March,1,Wednesday,False,11
2022-03-17,LA PIAZZA,CHICKEN INN,755.0340302730065,1219.0,463.9659697269936,61.44967658732309,152.0,8.019736842105264,2022,3,March,1,Thursday,False,11
2022-03-17,LA PIAZZA,PIZZA INN,2179.7015468077416,2806.23,626.5284531922584,28.743772472421004,186.0,15.08725806451613,2022,3,March,1,Thursday,False,11
2022-03-17,LA PIAZZA,CREAMY INN,460.5915803478706,472.5,11.908419652129396,2.5854618625758063,107.0,4.41588785046729,2022,3,March,1,Thursday,False,11
2022-03-17,LA PIAZZA,GALITOS,864.2389575096469,759.5,-104.73895750964688,-12.119212701479931,93.0,8.166666666666666,2022,3,March,1,Thursday,False,11
2022-03-17,CARREFOUR,CHICKEN INN,1064.5344729070998,1500.5,435.9655270929002,40.953631675481326,171.0,8.774853801169591,2022,3,March,1,Thursday,False,11
2022-03-17,CARREFOUR,PIZZA INN,3729.201506963841,3785.0,55.79849303615947,1.4962584599400814,226.0,16.74778761061947,2022,3,March,1,Thursday,False,11
2022-03-17,CARREFOUR,CREAMY INN,809.6958875340808,731.25,-78.44588753408084,-9.6883149268532,180.0,4.0625,2022,3,March,1,Thursday,False,11
2022-03-17,CARREFOUR,GALITOS,974.4033601797564,678.5,-295.9033601797564,-30.36764570733506,70.0,9.692857142857145,2022,3,March,1,Thursday,False,11
2022-03-17,ALILAC,CHICKEN INN,448.8334597487364,647.25,198.41654025126363,44.207163245436334,73.0,8.866438356164384,2022,3,March,1,Thursday,False,11
2022-03-17,ALILAC,PIZZA INN,1691.6732063641648,1806.25,114.5767936358352,6.77298624845456,124.0,14.566532258064516,2022,3,March,1,Thursday,False,11
2022-03-17,ALILAC,CREAMY INN,280.43918765284826,129.0,-151.43918765284826,-54.00072255248175,31.0,4.161290322580645,2022,3,March,1,Thursday,False,11
2022-03-17,JUNCTION,CHICKEN INN,1844.5092727087867,1152.25,-692.2592727087867,-37.530810115806965,157.0,7.339171974522293,2022,3,March,1,Thursday,False,11
2022-03-17,JUNCTION,PIZZA INN,5200.737295839628,5319.0,118.26270416037188,2.2739603527941523,380.0,13.99736842105263,2022,3,March,1,Thursday,False,11
2022-03-17,JUNCTION,CREAMY INN,363.6222017829126,442.0,78.37779821708739,21.55473396090374,111.0,3.981981981981982,2022,3,March,1,Thursday,False,11
2022-03-17,JUNCTION,GALITOS,1172.8582750303178,1059.75,-113.10827503031784,-9.64381438391557,112.0,9.462053571428571,2022,3,March,1,Thursday,False,11
2022-03-17,Bon Marche,CHICKEN INN,747.0456198231888,297.75,-449.2956198231888,-60.14299634465809,39.0,7.634615384615385,2022,3,March,1,Thursday,False,11
2022-03-17,Bon Marche,PIZZA INN,1705.6144257144197,2155.5,449.88557428558033,26.37674538295135,138.0,15.619565217391305,2022,3,March,1,Thursday,False,11
2022-03-17,Bon Marche,CREAMY INN,256.4813110494407,191.0,-65.4813110494407,-25.530636435657563,59.0,3.23728813559322,2022,3,March,1,Thursday,False,11
2022-03-17,Bon Marche,GALITOS,533.3027529714328,252.0,-281.3027529714328,-52.74729061571172,35.0,7.2,2022,3,March,1,Thursday,False,11
2022-03-17,OASIS,CHICKEN INN,549.893833544321,481.0,-68.89383354432096,-12.528569942359278,74.0,6.5,2022,3,March,1,Thursday,False,11
2022-03-17,OASIS,PIZZA INN,2536.818212844315,2103.75,-433.068212844315,-17.071314398943592,163.0,12.906441717791411,2022,3,March,1,Thursday,False,11
2022-03-17,OASIS,CREAMY INN,101.93531604274374,97.0,-4.935316042743736,-4.8416154816003605,42.0,2.3095238095238093,2022,3,March,1,Thursday,False,11
2022-03-17,TATARAFEL,CHICKEN INN,412.4203751582408,792.0,379.5796248417592,92.03706889993468,99.0,8.0,2022,3,March,1,Thursday,False,11
2022-03-17,TATARAFEL,PIZZA INN,1902.613659633236,1667.5,-235.11365963323624,-12.35740416572846,130.0,12.826923076923077,2022,3,March,1,Thursday,False,11
2022-03-17,TATARAFEL,CREAMY INN,76.45148703205781,130.0,53.54851296794219,70.04247405349761,46.0,2.8260869565217392,2022,3,March,1,Thursday,False,11
2022-03-18,LA PIAZZA,CHICKEN INN,763.3855992217574,1132.0,368.6144007782426,48.2867899465265,128.0,8.84375,2022,3,March,1,Friday,False,11
2022-03-18,LA PIAZZA,PIZZA INN,1663.6794125916892,1654.75,-8.929412591689243,-0.536726759020174,132.0,12.535984848484848,2022,3,March,1,Friday,False,11
2022-03-18,LA PIAZZA,CREAMY INN,411.8345323223374,362.0,-49.8345323223374,-12.100620130449034,98.0,3.693877551020408,2022,3,March,1,Friday,False,11
2022-03-18,LA PIAZZA,GALITOS,1045.0951408958356,821.0,-224.0951408958356,-21.44255887590727,72.0,11.40277777777778,2022,3,March,1,Friday,False,11
2022-03-18,CARREFOUR,CHICKEN INN,1103.1215662184522,1605.0,501.87843378154776,45.49620360537492,189.0,8.492063492063492,2022,3,March,1,Friday,False,11
2022-03-18,CARREFOUR,PIZZA INN,3242.9445508279514,2613.75,-629.1945508279514,-19.40195217544847,163.0,16.03527607361963,2022,3,March,1,Friday,False,11
2022-03-18,CARREFOUR,CREAMY INN,845.5202037379647,726.0,-119.52020373796472,-14.135700508347076,181.0,4.011049723756906,2022,3,March,1,Friday,False,11
2022-03-18,CARREFOUR,GALITOS,1254.4446532199615,1202.25,-52.19465321996154,-4.160777686443646,97.0,12.394329896907216,2022,3,March,1,Friday,False,11
2022-03-18,ALILAC,CHICKEN INN,453.7980884082454,761.25,307.4519115917546,67.75081681595032,92.0,8.27445652173913,2022,3,March,1,Friday,False,11
2022-03-18,ALILAC,PIZZA INN,1291.186809672561,1620.0,328.8131903274393,25.465965719617667,111.0,14.594594594594597,2022,3,March,1,Friday,False,11
2022-03-18,ALILAC,CREAMY INN,250.7526116839512,146.25,-104.50261168395116,-41.67558255212367,39.0,3.75,2022,3,March,1,Friday,False,11
2022-03-18,JUNCTION,CHICKEN INN,1960.015531512419,1539.0,-421.0155315124191,-21.480214046444228,202.0,7.618811881188119,2022,3,March,1,Friday,False,11
2022-03-18,JUNCTION,PIZZA INN,4821.451832787699,5655.5,834.0481672123015,17.29869334254172,407.0,13.895577395577396,2022,3,March,1,Friday,False,11
2022-03-18,JUNCTION,CREAMY INN,614.6473647623732,447.5,-167.14736476237317,-27.19402609445718,115.0,3.891304347826087,2022,3,March,1,Friday,False,11
2022-03-18,JUNCTION,GALITOS,2631.0206538337484,2294.75,-336.2706538337484,-12.780996353782214,203.0,11.304187192118226,2022,3,March,1,Friday,False,11
2022-03-18,Bon Marche,CHICKEN INN,793.8268672683137,371.75,-422.07686726831366,-53.16988938919997,50.0,7.435,2022,3,March,1,Friday,False,11
2022-03-18,Bon Marche,PIZZA INN,1581.225378460937,949.0,-632.225378460937,-39.9832552065604,72.0,13.180555555555555,2022,3,March,1,Friday,False,11
2022-03-18,Bon Marche,CREAMY INN,433.5421796974152,102.75,-330.79217969741524,-76.29988388402879,34.0,3.022058823529412,2022,3,March,1,Friday,False,11
2022-03-18,Bon Marche,GALITOS,1196.3342781360066,578.5,-617.8342781360066,-51.64395014231694,62.0,9.330645161290322,2022,3,March,1,Friday,False,11
2022-03-18,OASIS,CHICKEN INN,750.7952744094052,545.75,-205.04527440940524,-27.310410893395552,70.0,7.796428571428572,2022,3,March,1,Friday,False,11
2022-03-18,OASIS,PIZZA INN,2248.7120620024007,1864.75,-383.9620620024007,-17.074754411220425,146.0,12.772260273972602,2022,3,March,1,Friday,False,11
2022-03-18,OASIS,CREAMY INN,130.38238098490478,145.5,15.117619015095215,11.594832753395936,49.0,2.9693877551020407,2022,3,March,1,Friday,False,11
2022-03-18,TATARAFEL,CHICKEN INN,563.096455807054,717.5,154.403544192946,27.42044326520369,109.0,6.58256880733945,2022,3,March,1,Friday,False,11
2022-03-18,TATARAFEL,PIZZA INN,1686.5340465018005,1559.0,-127.53404650180028,-7.5619016862618755,116.0,13.439655172413794,2022,3,March,1,Friday,False,11
2022-03-18,TATARAFEL,CREAMY INN,97.7867857386786,163.0,65.2132142613214,66.68918890083422,51.0,3.196078431372549,2022,3,March,1,Friday,False,11
2022-03-19,LA PIAZZA,CHICKEN INN,1285.3586585186854,1374.5,89.14134148131461,6.9351336991066574,179.0,7.67877094972067,2022,3,March,1,Saturday,True,11
2022-03-19,LA PIAZZA,PIZZA INN,2620.8348755284555,2314.0,-306.83487552845554,-11.707524132613903,185.0,12.508108108108107,2022,3,March,1,Saturday,True,11
2022-03-19,LA PIAZZA,CREAMY INN,564.6066161356748,498.75,-65.85661613567481,-11.664159479110582,131.0,3.8072519083969465,2022,3,March,1,Saturday,True,11
2022-03-19,LA PIAZZA,GALITOS,946.9923403136594,825.0,-121.99234031365938,-12.882083108851072,95.0,8.68421052631579,2022,3,March,1,Saturday,True,11
2022-03-19,CARREFOUR,CHICKEN INN,1645.4266614050227,1817.75,172.32333859497726,10.47286656020458,196.0,9.27423469387755,2022,3,March,1,Saturday,True,11
2022-03-19,CARREFOUR,PIZZA INN,3920.180276410548,3569.0,-351.18027641054823,-8.958268539938192,222.0,16.076576576576578,2022,3,March,1,Saturday,True,11
2022-03-19,CARREFOUR,CREAMY INN,1226.982829983025,951.5,-275.48282998302534,-22.452052567584545,183.0,5.199453551912568,2022,3,March,1,Saturday,True,11
2022-03-19,CARREFOUR,GALITOS,1198.9467204306725,745.75,-453.1967204306725,-37.79957129937185,78.0,9.560897435897436,2022,3,March,1,Saturday,True,11
2022-03-19,ALILAC,CHICKEN INN,764.0873796275584,791.0,26.912620372441552,3.5221914521817723,94.0,8.414893617021276,2022,3,March,1,Saturday,True,11
2022-03-19,ALILAC,PIZZA INN,2034.0381662477716,2264.25,230.21183375222856,11.317970211783424,150.0,15.095,2022,3,March,1,Saturday,True,11
2022-03-19,ALILAC,CREAMY INN,343.7705497198288,255.25,-88.52054971982881,-25.749893291316724,59.0,4.326271186440678,2022,3,March,1,Saturday,True,11
2022-03-19,JUNCTION,CHICKEN INN,3532.516541909024,3157.25,-375.266541909024,-10.623206925061544,319.0,9.897335423197491,2022,3,March,1,Saturday,True,11
2022-03-19,JUNCTION,PIZZA INN,8034.608434593058,7311.5,-723.1084345930585,-8.999921284025621,440.0,16.617045454545455,2022,3,March,1,Saturday,True,11
2022-03-19,JUNCTION,CREAMY INN,974.9578889334196,921.0,-53.957888933419554,-5.534381489281366,163.0,5.6503067484662575,2022,3,March,1,Saturday,True,11
2022-03-19,JUNCTION,GALITOS,1149.9179265753633,1754.0,604.0820734246367,52.53262510861869,164.0,10.695121951219512,2022,3,March,1,Saturday,True,11
2022-03-19,Bon Marche,CHICKEN INN,1430.7062852064798,811.75,-618.9562852064798,-43.26228881542601,84.0,9.663690476190476,2022,3,March,1,Saturday,True,11
2022-03-19,Bon Marche,PIZZA INN,2635.0002454404403,1709.75,-925.2502454404404,-35.11385803631243,125.0,13.678,2022,3,March,1,Saturday,True,11
2022-03-19,Bon Marche,CREAMY INN,687.6875953821069,256.75,-430.9375953821069,-62.664732979902105,79.0,3.25,2022,3,March,1,Saturday,True,11
2022-03-19,Bon Marche,GALITOS,522.8716964272523,493.75,-29.121696427252346,-5.569568333156866,53.0,9.316037735849056,2022,3,March,1,Saturday,True,11
2022-03-19,OASIS,CHICKEN INN,1038.113879176015,993.75,-44.36387917601496,-4.273507951866324,131.0,7.58587786259542,2022,3,March,1,Saturday,True,11
2022-03-19,OASIS,PIZZA INN,3262.7295671492507,2394.75,-867.9795671492507,-26.602865768848616,198.0,12.094696969696969,2022,3,March,1,Saturday,True,11
2022-03-19,OASIS,CREAMY INN,154.4438567484827,214.5,60.05614325151731,38.88542057669596,88.0,2.4375,2022,3,March,1,Saturday,True,11
2022-03-19,TATARAFEL,CHICKEN INN,778.5854093820113,1001.0,222.4145906179887,28.566498670264885,126.0,7.944444444444445,2022,3,March,1,Saturday,True,11
2022-03-19,TATARAFEL,PIZZA INN,2447.047175361938,1874.0,-573.0471753619381,-23.417904694754395,125.0,14.992,2022,3,March,1,Saturday,True,11
2022-03-19,TATARAFEL,CREAMY INN,115.83289256136202,339.5,223.667107438638,193.0946404711004,86.0,3.947674418604651,2022,3,March,1,Saturday,True,11
2022-03-20,LA PIAZZA,CHICKEN INN,1428.6402632956922,1767.25,338.6097367043078,23.701539527044968,184.0,9.60461956521739,2022,3,March,1,Sunday,True,11
2022-03-20,LA PIAZZA,PIZZA INN,3021.517316609352,3130.25,108.73268339064816,3.598611955421935,234.0,13.377136752136751,2022,3,March,1,Sunday,True,11
2022-03-20,LA PIAZZA,CREAMY INN,610.438241279676,700.5,90.06175872032395,14.753623320112672,134.0,5.227611940298507,2022,3,March,1,Sunday,True,11
2022-03-20,LA PIAZZA,GALITOS,957.9504898752876,703.5,-254.45048987528756,-26.561966674124637,83.0,8.475903614457831,2022,3,March,1,Sunday,True,11
2022-03-20,CARREFOUR,CHICKEN INN,2384.5780772001804,3360.25,975.6719227998196,40.91591431325208,252.0,13.334325396825395,2022,3,March,1,Sunday,True,11
2022-03-20,CARREFOUR,PIZZA INN,6622.018313806161,5996.25,-625.7683138061611,-9.4498124914802,390.0,15.375,2022,3,March,1,Sunday,True,11
2022-03-20,CARREFOUR,CREAMY INN,1514.4132603255212,1474.0,-40.41326032552115,-2.6685754400245,265.0,5.562264150943396,2022,3,March,1,Sunday,True,11
2022-03-20,CARREFOUR,GALITOS,1746.5901146790004,1480.5,-266.0901146790004,-15.234834575249163,118.0,12.546610169491526,2022,3,March,1,Sunday,True,11
2022-03-20,ALILAC,CHICKEN INN,849.2617900672599,1287.75,438.4882099327401,51.63168943442194,122.0,10.55532786885246,2022,3,March,1,Sunday,True,11
2022-03-20,ALILAC,PIZZA INN,2345.009065373773,3394.85,1049.840934626227,44.769163161375324,198.0,17.145707070707072,2022,3,March,1,Sunday,True,11
2022-03-20,ALILAC,CREAMY INN,371.6759311305921,288.75,-82.92593113059212,-22.31135357039174,71.0,4.066901408450704,2022,3,March,1,Sunday,True,11
2022-03-20,JUNCTION,CHICKEN INN,4297.969935742424,3516.25,-781.7199357424242,-18.188120145782065,375.0,9.376666666666669,2022,3,March,1,Sunday,True,11
2022-03-20,JUNCTION,PIZZA INN,11320.812607060272,9178.5,-2142.312607060272,-18.923664593866786,561.0,16.36096256684492,2022,3,March,1,Sunday,True,11
2022-03-20,JUNCTION,CREAMY INN,1214.723348032535,999.5,-215.2233480325349,-17.71789011721296,207.0,4.828502415458937,2022,3,March,1,Sunday,True,11
2022-03-20,JUNCTION,GALITOS,1958.894812320196,1876.0,-82.89481232019602,-4.231713300726545,168.0,11.166666666666666,2022,3,March,1,Sunday,True,11
2022-03-20,Bon Marche,CHICKEN INN,1740.7229457366093,1229.75,-510.9729457366093,-29.354065044531517,127.0,9.683070866141732,2022,3,March,1,Sunday,True,11
2022-03-20,Bon Marche,PIZZA INN,3712.731521520614,3218.5,-494.231521520614,-13.311803416321167,216.0,14.900462962962964,2022,3,March,1,Sunday,True,11
2022-03-20,Bon Marche,CREAMY INN,856.8064197899347,565.0,-291.8064197899347,-34.05745020695311,183.0,3.087431693989071,2022,3,March,1,Sunday,True,11
2022-03-20,Bon Marche,GALITOS,890.716311111685,846.25,-44.46631111168495,-4.992196792285912,80.0,10.578125,2022,3,March,1,Sunday,True,11
2022-03-20,OASIS,CHICKEN INN,1898.961781118132,1505.25,-393.7117811181317,-20.733001845161382,173.0,8.70086705202312,2022,3,March,1,Sunday,True,11
2022-03-20,OASIS,PIZZA INN,4754.880684331619,3491.0,-1263.8806843316188,-26.580702403246093,261.0,13.375478927203066,2022,3,March,1,Sunday,True,11
2022-03-20,OASIS,CREAMY INN,393.5177316998944,419.5,25.9822683001056,6.602566087141475,112.0,3.7455357142857135,2022,3,March,1,Sunday,True,11
2022-03-20,TATARAFEL,CHICKEN INN,1424.221335838599,1877.75,453.5286641614009,31.843973457563575,190.0,9.882894736842106,2022,3,March,1,Sunday,True,11
2022-03-20,TATARAFEL,PIZZA INN,3566.160513248714,2930.75,-635.4105132487139,-17.817776594409803,189.0,15.506613756613756,2022,3,March,1,Sunday,True,11
2022-03-20,TATARAFEL,CREAMY INN,295.1382987749208,300.0,4.861701225079173,1.647262061636676,94.0,3.191489361702128,2022,3,March,1,Sunday,True,11
2022-03-21,LA PIAZZA,CHICKEN INN,772.7811142891021,1230.0,457.2188857108979,59.16538037184091,172.0,7.151162790697675,2022,3,March,1,Monday,False,12
2022-03-21,LA PIAZZA,PIZZA INN,1496.4860545712213,1696.25,199.7639454287787,13.348867823964842,156.0,10.873397435897436,2022,3,March,1,Monday,False,12
2022-03-21,LA PIAZZA,CREAMY INN,493.09627903155945,452.75,-40.34627903155945,-8.182231492559525,139.0,3.2571942446043165,2022,3,March,1,Monday,False,12
2022-03-21,LA PIAZZA,GALITOS,688.3880190511203,693.75,5.361980948879705,0.7789184007401383,83.0,8.358433734939759,2022,3,March,1,Monday,False,12
2022-03-21,CARREFOUR,CHICKEN INN,1113.8112339601105,1327.75,213.93876603988952,19.20781183713141,164.0,8.096036585365853,2022,3,March,1,Monday,False,12
2022-03-21,CARREFOUR,PIZZA INN,2272.988389932693,2236.75,-36.238389932692826,-1.594305984720226,169.0,13.235207100591715,2022,3,March,1,Monday,False,12
2022-03-21,CARREFOUR,CREAMY INN,886.6518260461278,735.25,-151.40182604612778,-17.075679719882643,168.0,4.376488095238095,2022,3,March,1,Monday,False,12
2022-03-21,CARREFOUR,GALITOS,824.4951509213323,923.75,99.25484907866768,12.038257467949366,84.0,10.99702380952381,2022,3,March,1,Monday,False,12
2022-03-21,ALILAC,CHICKEN INN,459.3832956501931,589.0,129.61670434980692,28.21537169007257,66.0,8.924242424242424,2022,3,March,1,Monday,False,12
2022-03-21,ALILAC,PIZZA INN,1161.4275201682235,1165.32,3.8924798317762,0.3351461683301945,88.0,13.242272727272727,2022,3,March,1,Monday,False,12
2022-03-21,ALILAC,CREAMY INN,300.2302382987797,150.75,-149.48023829877968,-49.78853534067467,28.0,5.383928571428571,2022,3,March,1,Monday,False,12
2022-03-21,JUNCTION,CHICKEN INN,2224.5428185134847,1330.75,-893.7928185134847,-40.178719468782695,175.0,7.604285714285714,2022,3,March,1,Monday,False,12
2022-03-21,JUNCTION,PIZZA INN,4134.991970029515,3458.25,-676.741970029515,-16.366222109608703,243.0,14.23148148148148,2022,3,March,1,Monday,False,12
2022-03-21,JUNCTION,CREAMY INN,379.5712411616604,517.0,137.4287588383396,36.20631489829029,108.0,4.787037037037037,2022,3,March,1,Monday,False,12
2022-03-21,JUNCTION,GALITOS,1127.5049424527067,1203.25,75.7450575472933,6.717935744256876,122.0,9.862704918032788,2022,3,March,1,Monday,False,12
2022-03-21,Bon Marche,CHICKEN INN,900.963195614144,541.25,-359.71319561414407,-39.9254039860024,58.0,9.33189655172414,2022,3,March,1,Monday,False,12
2022-03-21,Bon Marche,PIZZA INN,1356.096559604634,1340.75,-15.346559604633969,-1.1316715978623388,103.0,13.016990291262136,2022,3,March,1,Monday,False,12
2022-03-21,Bon Marche,CREAMY INN,267.73098312607186,142.75,-124.98098312607186,-46.68155387425577,46.0,3.1032608695652173,2022,3,March,1,Monday,False,12
2022-03-21,Bon Marche,GALITOS,512.6804342863865,456.25,-56.43043428638646,-11.0069412664311,38.0,12.00657894736842,2022,3,March,1,Monday,False,12
2022-03-21,OASIS,CHICKEN INN,772.9535215636425,526.25,-246.7035215636425,-31.916993024958973,76.0,6.9243421052631575,2022,3,March,1,Monday,False,12
2022-03-21,OASIS,PIZZA INN,1877.0454485982737,1517.25,-359.79544859827365,-19.16817991098506,137.0,11.074817518248176,2022,3,March,1,Monday,False,12
2022-03-21,OASIS,CREAMY INN,142.2353247108052,157.5,15.264675289194798,10.731986108395466,46.0,3.4239130434782608,2022,3,March,1,Monday,False,12
2022-03-21,TATARAFEL,CHICKEN INN,579.7151411727319,488.0,-91.71514117273192,-15.820725501010244,78.0,6.256410256410256,2022,3,March,1,Monday,False,12
2022-03-21,TATARAFEL,PIZZA INN,1407.784086448705,923.5,-484.284086448705,-34.4004518242827,79.0,11.689873417721518,2022,3,March,1,Monday,False,12
2022-03-21,TATARAFEL,CREAMY INN,106.67649353310392,135.0,28.32350646689609,26.550841266737667,44.0,3.0681818181818183,2022,3,March,1,Monday,False,12
2022-03-22,LA PIAZZA,CHICKEN INN,877.6976992077846,1048.75,171.05230079221542,19.488748910542693,152.0,6.899671052631579,2022,3,March,1,Tuesday,False,12
2022-03-22,LA PIAZZA,PIZZA INN,4208.532215391298,3679.5,-529.0322153912985,-12.570468474888708,243.0,15.141975308641976,2022,3,March,1,Tuesday,False,12
2022-03-22,LA PIAZZA,CREAMY INN,512.9241452286096,405.5,-107.42414522860965,-20.94347599501888,101.0,4.014851485148514,2022,3,March,1,Tuesday,False,12
2022-03-22,LA PIAZZA,GALITOS,712.0795117087207,591.25,-120.8295117087207,-16.96854209704415,78.0,7.580128205128205,2022,3,March,1,Tuesday,False,12
2022-03-22,CARREFOUR,CHICKEN INN,1512.718347246386,1591.0,78.28165275361403,5.174899405174188,187.0,8.508021390374331,2022,3,March,1,Tuesday,False,12
2022-03-22,CARREFOUR,PIZZA INN,6967.314749636146,6223.0,-744.3147496361462,-10.68294997976109,372.0,16.728494623655912,2022,3,March,1,Tuesday,False,12
2022-03-22,CARREFOUR,CREAMY INN,930.105394774913,774.75,-155.35539477491295,-16.70298824710174,177.0,4.377118644067797,2022,3,March,1,Tuesday,False,12
2022-03-22,CARREFOUR,GALITOS,918.9054273904676,794.75,-124.1554273904676,-13.511230175563064,78.0,10.189102564102564,2022,3,March,1,Tuesday,False,12
2022-03-22,ALILAC,CHICKEN INN,521.751443185275,617.0,95.24855681472502,18.25554256893585,74.0,8.337837837837839,2022,3,March,1,Tuesday,False,12
2022-03-22,ALILAC,PIZZA INN,3266.2550509837506,2766.0,-500.2550509837506,-15.31586000404594,182.0,15.197802197802195,2022,3,March,1,Tuesday,False,12
2022-03-22,ALILAC,CREAMY INN,312.30277919279786,106.5,-205.80277919279783,-65.89847830516648,28.0,3.803571428571429,2022,3,March,1,Tuesday,False,12
2022-03-22,JUNCTION,CHICKEN INN,2310.7236540975423,1401.5,-909.2236540975424,-39.34800478998175,188.0,7.454787234042553,2022,3,March,1,Tuesday,False,12
2022-03-22,JUNCTION,PIZZA INN,7063.762516822276,5509.75,-1554.0125168222758,-21.999784295145982,395.0,13.94873417721519,2022,3,March,1,Tuesday,False,12
2022-03-22,JUNCTION,CREAMY INN,457.6738459599137,420.0,-37.67384595991365,-8.231592495939433,108.0,3.888888888888889,2022,3,March,1,Tuesday,False,12
2022-03-22,JUNCTION,GALITOS,1257.5002503641156,1056.25,-201.2502503641156,-16.00399286647001,114.0,9.265350877192985,2022,3,March,1,Tuesday,False,12
2022-03-22,Bon Marche,CHICKEN INN,935.8673387856364,365.75,-570.1173387856364,-60.9186062124371,49.0,7.464285714285714,2022,3,March,1,Tuesday,False,12
2022-03-22,Bon Marche,PIZZA INN,2316.6052355981924,1471.25,-845.3552355981924,-36.49112168996309,111.0,13.254504504504505,2022,3,March,1,Tuesday,False,12
2022-03-22,Bon Marche,CREAMY INN,322.8207394083124,120.5,-202.3207394083124,-62.672782355662605,39.0,3.08974358974359,2022,3,March,1,Tuesday,False,12
2022-03-22,Bon Marche,GALITOS,571.789754703409,294.25,-277.539754703409,-48.53877713275409,39.0,7.544871794871795,2022,3,March,1,Tuesday,False,12
2022-03-22,OASIS,CHICKEN INN,807.2988046527103,555.75,-251.54880465271023,-31.15931835931844,73.0,7.613013698630137,2022,3,March,1,Tuesday,False,12
2022-03-22,OASIS,PIZZA INN,2772.9813734448544,1727.25,-1045.7313734448544,-37.71144600750599,131.0,13.185114503816791,2022,3,March,1,Tuesday,False,12
2022-03-22,OASIS,CREAMY INN,91.86031387572837,142.0,50.139686124271634,54.58253298818708,43.0,3.302325581395349,2022,3,March,1,Tuesday,False,12
2022-03-22,TATARAFEL,CHICKEN INN,605.4741034895327,568.5,-36.974103489532695,-6.10663664662776,75.0,7.58,2022,3,March,1,Tuesday,False,12
2022-03-22,TATARAFEL,PIZZA INN,2079.7360300836403,1781.25,-298.48603008364034,-14.352111314416966,126.0,14.136904761904765,2022,3,March,1,Tuesday,False,12
2022-03-22,TATARAFEL,CREAMY INN,68.89523540679629,157.5,88.60476459320371,128.6079713205583,54.0,2.9166666666666665,2022,3,March,1,Tuesday,False,12
2022-03-23,LA PIAZZA,CHICKEN INN,964.8672001103716,1103.25,138.38279988962836,14.34216023446529,126.0,8.755952380952381,2022,3,March,1,Wednesday,False,12
2022-03-23,LA PIAZZA,PIZZA INN,1457.325222266944,1596.25,138.9247777330561,9.532860312192462,128.0,12.470703125,2022,3,March,1,Wednesday,False,12
2022-03-23,LA PIAZZA,CREAMY INN,385.18067940171255,334.75,-50.43067940171255,-13.092733384250929,84.0,3.985119047619048,2022,3,March,1,Wednesday,False,12
2022-03-23,LA PIAZZA,GALITOS,584.2255352765213,632.5,48.27446472347867,8.26298437993296,70.0,9.035714285714286,2022,3,March,1,Wednesday,False,12
2022-03-23,CARREFOUR,CHICKEN INN,1064.2737493036448,1442.0,377.7262506963552,35.49145611676525,176.0,8.193181818181818,2022,3,March,1,Wednesday,False,12
2022-03-23,CARREFOUR,PIZZA INN,2580.2027497122926,2355.0,-225.20274971229264,-8.728102849181292,165.0,14.272727272727272,2022,3,March,1,Wednesday,False,12
2022-03-23,CARREFOUR,CREAMY INN,740.0374949154175,860.25,120.21250508458252,16.244110049899863,174.0,4.943965517241379,2022,3,March,1,Wednesday,False,12
2022-03-23,CARREFOUR,GALITOS,806.3147936282894,729.5,-76.81479362828941,-9.52665066240878,75.0,9.726666666666668,2022,3,March,1,Wednesday,False,12
2022-03-23,ALILAC,CHICKEN INN,573.5697548189003,701.0,127.43024518109974,22.217044066651447,78.0,8.987179487179487,2022,3,March,1,Wednesday,False,12
2022-03-23,ALILAC,PIZZA INN,1131.034675402348,1504.25,373.215324597652,32.99769076176965,110.0,13.675,2022,3,March,1,Wednesday,False,12
2022-03-23,ALILAC,CREAMY INN,234.52395015428735,145.0,-89.52395015428738,-38.17262590681755,37.0,3.918918918918919,2022,3,March,1,Wednesday,False,12
2022-03-23,JUNCTION,CHICKEN INN,1802.6158109665364,1240.75,-561.8658109665364,-31.169470918224786,173.0,7.171965317919075,2022,3,March,1,Wednesday,False,12
2022-03-23,JUNCTION,PIZZA INN,3753.8334923452303,3372.75,-381.0834923452303,-10.151848586846777,248.0,13.599798387096774,2022,3,March,1,Wednesday,False,12
2022-03-23,JUNCTION,CREAMY INN,397.4013134239482,226.0,-171.40131342394818,-43.130535213178085,68.0,3.323529411764706,2022,3,March,1,Wednesday,False,12
2022-03-23,JUNCTION,GALITOS,1207.136956629675,1228.0,20.86304337032493,1.7283078987635772,136.0,9.029411764705882,2022,3,March,1,Wednesday,False,12
2022-03-23,Bon Marche,CHICKEN INN,730.0783280037133,335.0,-395.0783280037133,-54.11451249128215,43.0,7.790697674418604,2022,3,March,1,Wednesday,False,12
2022-03-23,Bon Marche,PIZZA INN,1231.0932454511344,1103.25,-127.8432454511344,-10.384529841546344,85.0,12.979411764705882,2022,3,March,1,Wednesday,False,12
2022-03-23,Bon Marche,CREAMY INN,280.30744376988054,252.25,-28.057443769880532,-10.00952503884071,60.0,4.204166666666667,2022,3,March,1,Wednesday,False,12
2022-03-23,Bon Marche,GALITOS,548.8893891868748,453.5,-95.38938918687484,-17.378617817368404,39.0,11.628205128205128,2022,3,March,1,Wednesday,False,12
2022-03-23,OASIS,CHICKEN INN,735.3288178957476,414.75,-320.57881789574765,-43.59666180541264,57.0,7.276315789473684,2022,3,March,1,Wednesday,False,12
2022-03-23,OASIS,PIZZA INN,1790.5813406188413,1663.5,-127.0813406188413,-7.0972112651928345,133.0,12.507518796992482,2022,3,March,1,Wednesday,False,12
2022-03-23,OASIS,CREAMY INN,139.93585362798055,153.5,13.56414637201945,9.693117253623743,48.0,3.1979166666666665,2022,3,March,1,Wednesday,False,12
2022-03-23,TATARAFEL,CHICKEN INN,551.4966134218108,568.75,17.25338657818918,3.128466459864364,82.0,6.935975609756097,2022,3,March,1,Wednesday,False,12
2022-03-23,TATARAFEL,PIZZA INN,1342.9360054641309,1049.0,-293.93600546413086,-21.88756606928145,95.0,11.042105263157897,2022,3,March,1,Wednesday,False,12
2022-03-23,TATARAFEL,CREAMY INN,104.9518902209854,181.0,76.0481097790146,72.45997153447034,46.0,3.934782608695652,2022,3,March,1,Wednesday,False,12
2022-03-24,LA PIAZZA,CHICKEN INN,605.7497353140851,859.25,253.50026468591489,41.849009567370814,128.0,6.712890625,2022,3,March,1,Thursday,False,12
2022-03-24,LA PIAZZA,PIZZA INN,1916.4974603405497,2558.0,641.5025396594503,33.47265273941242,190.0,13.463157894736842,2022,3,March,1,Thursday,False,12
2022-03-24,LA PIAZZA,CREAMY INN,355.9264505863926,391.5,35.573549413607395,9.994634946349054,105.0,3.7285714285714286,2022,3,March,1,Thursday,False,12
2022-03-24,LA PIAZZA,GALITOS,712.4131947038982,439.5,-272.91319470389817,-38.3082734475924,63.0,6.976190476190476,2022,3,March,1,Thursday,False,12
2022-03-24,CARREFOUR,CHICKEN INN,1007.436003750437,1585.25,577.813996249563,57.35490831164495,172.0,9.21656976744186,2022,3,March,1,Thursday,False,12
2022-03-24,CARREFOUR,PIZZA INN,3713.650378594608,3206.5,-507.1503785946084,-13.656384605234004,217.0,14.776497695852534,2022,3,March,1,Thursday,False,12
2022-03-24,CARREFOUR,CREAMY INN,729.4228827068594,814.5,85.07711729314065,11.66362055676439,179.0,4.550279329608938,2022,3,March,1,Thursday,False,12
2022-03-24,CARREFOUR,GALITOS,871.38133551918,575.5,-295.88133551918,-33.95543643850142,62.0,9.28225806451613,2022,3,March,1,Thursday,False,12
2022-03-24,ALILAC,CHICKEN INN,360.09072246001284,788.5,428.4092775399872,118.97259518747,112.0,7.040178571428571,2022,3,March,1,Thursday,False,12
2022-03-24,ALILAC,PIZZA INN,1487.3996894075892,1985.75,498.3503105924108,33.50480130803959,138.0,14.389492753623188,2022,3,March,1,Thursday,False,12
2022-03-24,ALILAC,CREAMY INN,216.7120045729491,162.25,-54.4620045729491,-25.131051083335915,42.0,3.863095238095238,2022,3,March,1,Thursday,False,12
2022-03-24,JUNCTION,CHICKEN INN,2029.7382214120207,1329.75,-699.9882214120212,-34.48662561643357,183.0,7.266393442622951,2022,3,March,1,Thursday,False,12
2022-03-24,JUNCTION,PIZZA INN,5952.440501624852,4834.5,-1117.940501624852,-18.78121253492051,352.0,13.734375,2022,3,March,1,Thursday,False,12
2022-03-24,JUNCTION,CREAMY INN,359.6481886486731,400.0,40.35181135132689,11.219801079199948,108.0,3.703703703703704,2022,3,March,1,Thursday,False,12
2022-03-24,JUNCTION,GALITOS,1338.714357537977,1044.5,-294.2143575379773,-21.97738120020356,119.0,8.777310924369749,2022,3,March,1,Thursday,False,12
2022-03-24,Bon Marche,CHICKEN INN,822.0652886535835,450.0,-372.0652886535835,-45.25982227798101,64.0,7.03125,2022,3,March,1,Thursday,False,12
2022-03-24,Bon Marche,PIZZA INN,1952.1402082546551,1210.0,-742.1402082546551,-38.016747215005545,95.0,12.736842105263158,2022,3,March,1,Thursday,False,12
2022-03-24,Bon Marche,CREAMY INN,253.67823661174188,151.25,-102.42823661174188,-40.377226671009126,50.0,3.025,2022,3,March,1,Thursday,False,12
2022-03-24,Bon Marche,GALITOS,608.7180928138409,265.25,-343.46809281384094,-56.424820761633065,24.0,11.052083333333334,2022,3,March,1,Thursday,False,12
2022-03-24,OASIS,CHICKEN INN,733.8072849244901,647.25,-86.55728492449009,-11.795642630257747,85.0,7.614705882352941,2022,3,March,1,Thursday,False,12
2022-03-24,OASIS,PIZZA INN,2794.597400439712,1834.75,-959.847400439712,-34.34653593711518,145.0,12.653448275862068,2022,3,March,1,Thursday,False,12
2022-03-24,OASIS,CREAMY INN,194.98092429106217,119.5,-75.48092429106217,-38.71195326697001,51.0,2.343137254901961,2022,3,March,1,Thursday,False,12
2022-03-24,TATARAFEL,CHICKEN INN,550.3554636933676,706.75,156.3945363066324,28.41700439513909,94.0,7.5186170212765955,2022,3,March,1,Thursday,False,12
2022-03-24,TATARAFEL,PIZZA INN,2095.948050329784,1994.25,-101.69805032978412,-4.852126478696959,148.0,13.47466216216216,2022,3,March,1,Thursday,False,12
2022-03-24,TATARAFEL,CREAMY INN,146.23569321829663,207.5,61.26430678170337,41.89422256182674,59.0,3.516949152542373,2022,3,March,1,Thursday,False,12
2022-03-25,LA PIAZZA,CHICKEN INN,802.2725921393785,961.75,159.4774078606215,19.87820716090417,130.0,7.398076923076923,2022,3,March,1,Friday,False,12
2022-03-25,LA PIAZZA,PIZZA INN,1595.3502104974027,1692.25,96.89978950259729,6.073888282647708,133.0,12.723684210526317,2022,3,March,1,Friday,False,12
2022-03-25,LA PIAZZA,CREAMY INN,339.02400727087445,380.5,41.47599272912555,12.233939732765572,106.0,3.589622641509434,2022,3,March,1,Friday,False,12
2022-03-25,LA PIAZZA,GALITOS,915.2924557717996,635.75,-279.5424557717997,-30.54132632788739,70.0,9.082142857142856,2022,3,March,1,Friday,False,12
2022-03-25,CARREFOUR,CHICKEN INN,1133.6262278226968,1356.25,222.6237721773032,19.63819879193218,152.0,8.922697368421053,2022,3,March,1,Friday,False,12
2022-03-25,CARREFOUR,PIZZA INN,2722.584243005151,2088.5,-634.0842430051512,-23.289793314357013,141.0,14.812056737588652,2022,3,March,1,Friday,False,12
2022-03-25,CARREFOUR,CREAMY INN,733.4033622850687,740.0,6.596637714931262,0.899455613944567,159.0,4.654088050314465,2022,3,March,1,Friday,False,12
2022-03-25,CARREFOUR,GALITOS,1386.8104124587826,1027.25,-359.5604124587826,-25.92714975519187,80.0,12.840625,2022,3,March,1,Friday,False,12
2022-03-25,ALILAC,CHICKEN INN,476.9146406040842,706.75,229.83535939591584,48.19213750804436,84.0,8.413690476190476,2022,3,March,1,Friday,False,12
2022-03-25,ALILAC,PIZZA INN,1238.1563016360665,1540.0,301.8436983639335,24.37848096925125,110.0,14.0,2022,3,March,1,Friday,False,12
2022-03-25,ALILAC,CREAMY INN,206.42065823706477,153.75,-52.67065823706474,-25.516175893875356,34.0,4.522058823529412,2022,3,March,1,Friday,False,12
2022-03-25,JUNCTION,CHICKEN INN,2051.283430308036,1419.75,-631.5334303080358,-30.78723403002383,169.0,8.400887573964496,2022,3,March,1,Friday,False,12
2022-03-25,JUNCTION,PIZZA INN,5138.303474761122,4015.5,-1122.8034747611218,-21.851638002236147,289.0,13.89446366782007,2022,3,March,1,Friday,False,12
2022-03-25,JUNCTION,CREAMY INN,337.1287808879827,325.5,-11.628780887982714,-3.449358686420366,82.0,3.969512195121952,2022,3,March,1,Friday,False,12
2022-03-25,JUNCTION,GALITOS,2342.552364066849,2290.0,-52.552364066848895,-2.243380548198888,175.0,13.085714285714284,2022,3,March,1,Friday,False,12
2022-03-25,Bon Marche,CHICKEN INN,830.7913244464565,557.0,-273.79132444645654,-32.95548670165513,58.0,9.60344827586207,2022,3,March,1,Friday,False,12
2022-03-25,Bon Marche,PIZZA INN,1685.138862380513,1316.5,-368.63886238051305,-21.87587448192578,99.0,13.297979797979798,2022,3,March,1,Friday,False,12
2022-03-25,Bon Marche,CREAMY INN,237.79414813144865,145.5,-92.29414813144862,-38.81262379948474,44.0,3.3068181818181817,2022,3,March,1,Friday,False,12
2022-03-25,Bon Marche,GALITOS,1065.1667395229786,608.5,-456.66673952297856,-42.872793768184216,50.0,12.17,2022,3,March,1,Friday,False,12
2022-03-25,OASIS,CHICKEN INN,596.4261525682191,419.75,-176.6761525682191,-29.622469069716207,71.0,5.911971830985915,2022,3,March,1,Friday,False,12
2022-03-25,OASIS,PIZZA INN,2188.703390046526,1595.5,-593.2033900465258,-27.102959347722123,129.0,12.368217054263566,2022,3,March,1,Friday,False,12
2022-03-25,OASIS,CREAMY INN,112.0103182097591,119.0,6.989681790240894,6.24021242145878,29.0,4.103448275862069,2022,3,March,1,Friday,False,12
2022-03-25,TATARAFEL,CHICKEN INN,447.3196144261644,455.75,8.430385573835565,1.8846447376671212,58.0,7.857758620689655,2022,3,March,1,Friday,False,12
2022-03-25,TATARAFEL,PIZZA INN,1641.5275425348943,1409.25,-232.27754253489437,-14.150084998038146,97.0,14.528350515463918,2022,3,March,1,Friday,False,12
2022-03-25,TATARAFEL,CREAMY INN,84.00773865731934,183.0,98.99226134268066,117.83707420870536,48.0,3.8125,2022,3,March,1,Friday,False,12
2022-03-26,LA PIAZZA,CHICKEN INN,1344.6026007488867,1712.75,368.14739925111326,27.3796435501516,212.0,8.079009433962264,2022,3,March,1,Saturday,True,12
2022-03-26,LA PIAZZA,PIZZA INN,2205.939960411947,2494.25,288.31003958805286,13.069713807360946,226.0,11.03650442477876,2022,3,March,1,Saturday,True,12
2022-03-26,LA PIAZZA,CREAMY INN,620.1896508847827,635.5,15.310349115217264,2.4686560140716667,147.0,4.3231292517006805,2022,3,March,1,Saturday,True,12
2022-03-26,LA PIAZZA,GALITOS,997.6587663014066,682.25,-315.40876630140656,-31.614894486489906,88.0,7.752840909090909,2022,3,March,1,Saturday,True,12
2022-03-26,CARREFOUR,CHICKEN INN,1408.9503530712632,2090.75,681.7996469287368,48.3906083307005,208.0,10.051682692307692,2022,3,March,1,Saturday,True,12
2022-03-26,CARREFOUR,PIZZA INN,3658.7212468108887,4340.75,682.0287531891113,18.641178356607497,284.0,15.284330985915492,2022,3,March,1,Saturday,True,12
2022-03-26,CARREFOUR,CREAMY INN,1024.6417847573846,944.0,-80.64178475738458,-7.870241674409072,196.0,4.816326530612245,2022,3,March,1,Saturday,True,12
2022-03-26,CARREFOUR,GALITOS,1081.8907357544135,864.0,-217.89073575441356,-20.139809738039403,74.0,11.675675675675675,2022,3,March,1,Saturday,True,12
2022-03-26,ALILAC,CHICKEN INN,799.3052141809505,1003.75,204.44478581904943,25.577812103796216,113.0,8.882743362831858,2022,3,March,1,Saturday,True,12
2022-03-26,ALILAC,PIZZA INN,1712.0369214501784,1982.0,269.9630785498216,15.7685313422534,136.0,14.573529411764708,2022,3,March,1,Saturday,True,12
2022-03-26,ALILAC,CREAMY INN,377.6132463243716,311.0,-66.61324632437157,-17.64060105750381,59.0,5.271186440677966,2022,3,March,1,Saturday,True,12
2022-03-26,JUNCTION,CHICKEN INN,3513.066006100122,2652.75,-860.3160061001226,-24.489036203881778,260.0,10.202884615384615,2022,3,March,1,Saturday,True,12
2022-03-26,JUNCTION,PIZZA INN,8618.052492571705,6767.0,-1851.0524925717052,-21.47877950577828,415.0,16.306024096385542,2022,3,March,1,Saturday,True,12
2022-03-26,JUNCTION,CREAMY INN,1013.373349231068,910.5,-102.87334923106788,-10.15157437376132,141.0,6.457446808510638,2022,3,March,1,Saturday,True,12
2022-03-26,JUNCTION,GALITOS,1760.6058233762212,1294.75,-465.8558233762212,-26.459972879271408,131.0,9.88358778625954,2022,3,March,1,Saturday,True,12
2022-03-26,Bon Marche,CHICKEN INN,1422.828614004581,772.0,-650.8286140045807,-45.74188399070848,80.0,9.65,2022,3,March,1,Saturday,True,12
2022-03-26,Bon Marche,PIZZA INN,2826.3443847957974,2025.5,-800.8443847957974,-28.33498950460201,140.0,14.467857142857143,2022,3,March,1,Saturday,True,12
2022-03-26,Bon Marche,CREAMY INN,714.7839816131954,575.0,-139.78398161319535,-19.5561155830209,141.0,4.078014184397163,2022,3,March,1,Saturday,True,12
2022-03-26,Bon Marche,GALITOS,800.5536154654354,490.0,-310.5536154654354,-38.79235687229794,52.0,9.423076923076923,2022,3,March,1,Saturday,True,12
2022-03-26,OASIS,CHICKEN INN,1138.9339037277944,1088.0,-50.93390372779436,-4.472068445858433,108.0,10.074074074074074,2022,3,March,1,Saturday,True,12
2022-03-26,OASIS,PIZZA INN,2998.175206913674,2124.0,-874.1752069136742,-29.15690867224372,189.0,11.238095238095235,2022,3,March,1,Saturday,True,12
2022-03-26,OASIS,CREAMY INN,189.05445242811197,226.0,36.945547571888056,19.542278479760544,52.0,4.346153846153846,2022,3,March,1,Saturday,True,12
2022-03-26,TATARAFEL,CHICKEN INN,854.2004277958458,1322.0,467.7995722041542,54.76461460119503,148.0,8.932432432432432,2022,3,March,1,Saturday,True,12
2022-03-26,TATARAFEL,PIZZA INN,2248.6314051852555,2335.0,86.36859481474448,3.840940521224684,144.0,16.21527777777778,2022,3,March,1,Saturday,True,12
2022-03-26,TATARAFEL,CREAMY INN,141.79083932108395,320.5,178.70916067891605,126.03716963282156,82.0,3.908536585365854,2022,3,March,1,Saturday,True,12
2022-03-27,LA PIAZZA,CHICKEN INN,1613.1577397571564,2044.0,430.8422602428436,26.70800564783592,230.0,8.88695652173913,2022,3,March,1,Sunday,True,12
2022-03-27,LA PIAZZA,PIZZA INN,3718.748494779452,3456.25,-262.4984947794519,-7.05878591004364,243.0,14.223251028806583,2022,3,March,1,Sunday,True,12
2022-03-27,LA PIAZZA,CREAMY INN,636.1169532397902,844.25,208.13304676020985,32.7193051057943,167.0,5.055389221556887,2022,3,March,1,Sunday,True,12
2022-03-27,LA PIAZZA,GALITOS,896.272525046684,758.75,-137.522525046684,-15.34382915949821,84.0,9.032738095238097,2022,3,March,1,Sunday,True,12
2022-03-27,CARREFOUR,CHICKEN INN,2235.4441760238733,4080.5,1845.0558239761267,82.53643028822486,352.0,11.592329545454543,2022,3,March,1,Sunday,True,12
2022-03-27,CARREFOUR,PIZZA INN,7193.931521595678,6747.75,-446.1815215956776,-6.202193060307455,415.0,16.259638554216867,2022,3,March,1,Sunday,True,12
2022-03-27,CARREFOUR,CREAMY INN,1465.8116046755852,1627.75,161.93839532441484,11.04769499762933,283.0,5.751766784452297,2022,3,March,1,Sunday,True,12
2022-03-27,CARREFOUR,GALITOS,2076.7071286842533,1696.75,-379.95712868425335,-18.29613446384152,149.0,11.38758389261745,2022,3,March,1,Sunday,True,12
2022-03-27,ALILAC,CHICKEN INN,958.9490545132873,1684.5,725.5509454867129,75.6610522813399,171.0,9.850877192982455,2022,3,March,1,Sunday,True,12
2022-03-27,ALILAC,PIZZA INN,2886.13236937816,3569.57,683.4376306218405,23.6800514721053,222.0,16.079144144144145,2022,3,March,1,Sunday,True,12
2022-03-27,ALILAC,CREAMY INN,387.31086114087793,343.5,-43.81086114087793,-11.31154985218513,61.0,5.631147540983607,2022,3,March,1,Sunday,True,12
2022-03-27,JUNCTION,CHICKEN INN,4374.275883915808,4075.0,-299.2758839158077,-6.841724021483048,384.0,10.611979166666666,2022,3,March,1,Sunday,True,12
2022-03-27,JUNCTION,PIZZA INN,10886.273212353864,10156.25,-730.0232123538644,-6.705905667748866,547.0,18.567184643510053,2022,3,March,1,Sunday,True,12
2022-03-27,JUNCTION,CREAMY INN,1069.6718686327938,1325.0,255.3281313672062,23.869762200398437,244.0,5.430327868852459,2022,3,March,1,Sunday,True,12
2022-03-27,JUNCTION,GALITOS,1968.6510524677053,2336.0,367.3489475322947,18.659931991087124,175.0,13.348571428571429,2022,3,March,1,Sunday,True,12
2022-03-27,Bon Marche,CHICKEN INN,1771.627655836368,1200.5,-571.1276558363679,-32.23745429548198,127.0,9.452755905511813,2022,3,March,1,Sunday,True,12
2022-03-27,Bon Marche,PIZZA INN,3570.221600716624,2850.5,-719.7216007166239,-20.159017596335183,184.0,15.491847826086955,2022,3,March,1,Sunday,True,12
2022-03-27,Bon Marche,CREAMY INN,754.4942028139285,561.0,-193.4942028139285,-25.645551959482397,158.0,3.550632911392405,2022,3,March,1,Sunday,True,12
2022-03-27,Bon Marche,GALITOS,895.152507573003,947.0,51.84749242699695,5.792028954660398,90.0,10.522222222222222,2022,3,March,1,Sunday,True,12
2022-03-27,OASIS,CHICKEN INN,1797.0338442086402,1303.75,-493.2838442086402,-27.44989170896041,159.0,8.199685534591195,2022,3,March,1,Sunday,True,12
2022-03-27,OASIS,PIZZA INN,4673.578612649466,4112.25,-561.3286126494659,-12.010680875896233,297.0,13.845959595959595,2022,3,March,1,Sunday,True,12
2022-03-27,OASIS,CREAMY INN,322.9927165307868,338.0,15.007283469213178,4.646322564299286,85.0,3.976470588235294,2022,3,March,1,Sunday,True,12
2022-03-27,TATARAFEL,CHICKEN INN,1347.7753831564803,1766.0,418.2246168435197,31.03073569009998,190.0,9.294736842105262,2022,3,March,1,Sunday,True,12
2022-03-27,TATARAFEL,PIZZA INN,3505.183959487099,3301.5,-203.68395948709892,-5.810934942110807,206.0,16.026699029126213,2022,3,March,1,Sunday,True,12
2022-03-27,TATARAFEL,CREAMY INN,242.24453739809013,399.0,156.75546260190987,64.70959646215152,112.0,3.5625,2022,3,March,1,Sunday,True,12
2022-03-28,LA PIAZZA,CHICKEN INN,924.6752745445082,1351.5,426.82472545549183,46.15941803632029,178.0,7.592696629213483,2022,3,March,1,Monday,False,13
2022-03-28,LA PIAZZA,PIZZA INN,1266.0034564029413,1779.5,513.4965435970587,40.560437730244544,148.0,12.02364864864865,2022,3,March,1,Monday,False,13
2022-03-28,LA PIAZZA,CREAMY INN,519.1000379785105,542.0,22.8999620214895,4.411473771157286,147.0,3.687074829931973,2022,3,March,1,Monday,False,13
2022-03-28,LA PIAZZA,GALITOS,450.80572648476175,421.25,-29.55572648476175,-6.556200320530045,66.0,6.382575757575758,2022,3,March,1,Monday,False,13
2022-03-28,CARREFOUR,CHICKEN INN,1282.4994053955486,1681.5,399.0005946044514,31.111171898079093,176.0,9.553977272727272,2022,3,March,1,Monday,False,13
2022-03-28,CARREFOUR,PIZZA INN,2627.94744207397,2356.25,-271.6974420739698,-10.338770012064884,169.0,13.942307692307692,2022,3,March,1,Monday,False,13
2022-03-28,CARREFOUR,CREAMY INN,690.2815001878009,688.5,-1.7815001878009298,-0.2580831425029132,147.0,4.683673469387755,2022,3,March,1,Monday,False,13
2022-03-28,CARREFOUR,GALITOS,1005.3418629416014,884.75,-120.59186294160143,-11.99511006024887,83.0,10.659638554216867,2022,3,March,1,Monday,False,13
2022-03-28,ALILAC,CHICKEN INN,549.6774793950132,572.25,22.572520604986835,4.106502713160204,74.0,7.733108108108108,2022,3,March,1,Monday,False,13
2022-03-28,ALILAC,PIZZA INN,982.5492529001644,1326.75,344.20074709983567,35.03139879083593,92.0,14.421195652173912,2022,3,March,1,Monday,False,13
2022-03-28,ALILAC,CREAMY INN,316.0630788155249,90.5,-225.56307881552488,-71.36647521780874,21.0,4.309523809523809,2022,3,March,1,Monday,False,13
2022-03-28,JUNCTION,CHICKEN INN,1966.299550773757,1453.75,-512.5495507737567,-26.066707413530345,159.0,9.14308176100629,2022,3,March,1,Monday,False,13
2022-03-28,JUNCTION,PIZZA INN,4027.29362866909,3295.75,-731.5436286690901,-18.164645941419604,243.0,13.562757201646091,2022,3,March,1,Monday,False,13
2022-03-28,JUNCTION,CREAMY INN,353.02483342494065,422.0,68.97516657505935,19.538332730273687,99.0,4.262626262626263,2022,3,March,1,Monday,False,13
2022-03-28,JUNCTION,GALITOS,1163.8930813812551,1266.0,102.10691861874488,8.77287787444952,161.0,7.863354037267081,2022,3,March,1,Monday,False,13
2022-03-28,Bon Marche,CHICKEN INN,796.3719610412351,368.25,-428.1219610412351,-53.7590450172903,56.0,6.575892857142857,2022,3,March,1,Monday,False,13
2022-03-28,Bon Marche,PIZZA INN,1320.7762128536451,1304.75,-16.02621285364512,-1.2133935103978877,92.0,14.182065217391305,2022,3,March,1,Monday,False,13
2022-03-28,Bon Marche,CREAMY INN,249.00644588224387,162.5,-86.50644588224387,-34.740645197254494,52.0,3.125,2022,3,March,1,Monday,False,13
2022-03-28,Bon Marche,GALITOS,529.2262481150864,368.75,-160.47624811508638,-30.32280592405329,36.0,10.243055555555555,2022,3,March,1,Monday,False,13
2022-03-28,OASIS,CHICKEN INN,842.7520000994898,590.5,-252.2520000994898,-29.931937280446743,85.0,6.947058823529412,2022,3,March,1,Monday,False,13
2022-03-28,OASIS,PIZZA INN,1657.6589059638932,1654.25,-3.408905963893176,-0.2056458027419682,130.0,12.725,2022,3,March,1,Monday,False,13
2022-03-28,OASIS,CREAMY INN,67.20619092585547,112.0,44.79380907414453,66.65131360228827,34.0,3.294117647058824,2022,3,March,1,Monday,False,13
2022-03-28,TATARAFEL,CHICKEN INN,632.0640000746174,694.5,62.43599992538259,9.878113595776975,88.0,7.892045454545454,2022,3,March,1,Monday,False,13
2022-03-28,TATARAFEL,PIZZA INN,1243.2441794729198,1215.25,-27.994179472919768,-2.2517040445576875,83.0,14.64156626506024,2022,3,March,1,Monday,False,13
2022-03-28,TATARAFEL,CREAMY INN,50.40464319439161,187.0,136.5953568056084,270.99756718604647,53.0,3.5283018867924527,2022,3,March,1,Monday,False,13
2022-03-29,LA PIAZZA,CHICKEN INN,959.386482987754,1281.75,322.3635170122461,33.60100676093859,156.0,8.216346153846153,2022,3,March,1,Tuesday,False,13
2022-03-29,LA PIAZZA,PIZZA INN,4132.276825854075,3721.0,-411.27682585407456,-9.952789786029651,253.0,14.707509881422926,2022,3,March,1,Tuesday,False,13
2022-03-29,LA PIAZZA,CREAMY INN,479.7693525712471,331.5,-148.26935257124703,-30.904298446038958,96.0,3.453125,2022,3,March,1,Tuesday,False,13
2022-03-29,LA PIAZZA,GALITOS,635.3324228179026,614.5,-20.832422817902625,-3.2789799591061577,89.0,6.904494382022472,2022,3,March,1,Tuesday,False,13
2022-03-29,CARREFOUR,CHICKEN INN,1176.9063459962404,1509.25,332.34365400375964,28.238751123602263,188.0,8.027925531914894,2022,3,March,1,Tuesday,False,13
2022-03-29,CARREFOUR,PIZZA INN,6634.807070688754,6802.07,167.2629293112459,2.5209916057722306,436.0,15.601077981651375,2022,3,March,1,Tuesday,False,13
2022-03-29,CARREFOUR,CREAMY INN,786.1447166963422,744.5,-41.64471669634224,-5.297334677939204,178.0,4.182584269662922,2022,3,March,1,Tuesday,False,13
2022-03-29,CARREFOUR,GALITOS,1182.0421776845096,835.0,-347.0421776845096,-29.35954268267542,94.0,8.882978723404255,2022,3,March,1,Tuesday,False,13
2022-03-29,ALILAC,CHICKEN INN,570.3117172610974,717.75,147.43828273890256,25.852227523391925,88.0,8.15625,2022,3,March,1,Tuesday,False,13
2022-03-29,ALILAC,PIZZA INN,3207.0730040150224,2604.0,-603.0730040150224,-18.80446760207887,186.0,14.0,2022,3,March,1,Tuesday,False,13
2022-03-29,ALILAC,CREAMY INN,292.11590753394785,150.0,-142.11590753394785,-48.65051983429969,30.0,5.0,2022,3,March,1,Tuesday,False,13
2022-03-29,JUNCTION,CHICKEN INN,1894.482187787042,1648.75,-245.732187787042,-12.970942106037086,206.0,8.00364077669903,2022,3,March,1,Tuesday,False,13
2022-03-29,JUNCTION,PIZZA INN,7195.810048403318,4606.0,-2589.8100484033184,-35.99052825161738,325.0,14.172307692307692,2022,3,March,1,Tuesday,False,13
2022-03-29,JUNCTION,CREAMY INN,502.0503259589212,351.5,-150.55032595892123,-29.9870985386512,85.0,4.135294117647059,2022,3,March,1,Tuesday,False,13
2022-03-29,JUNCTION,GALITOS,1459.7444718003237,1102.75,-356.9944718003237,-24.455956415442856,133.0,8.291353383458647,2022,3,March,1,Tuesday,False,13
2022-03-29,Bon Marche,CHICKEN INN,767.2851750649914,390.5,-376.78517506499145,-49.10627590753028,45.0,8.677777777777777,2022,3,March,1,Tuesday,False,13
2022-03-29,Bon Marche,PIZZA INN,2359.911052049405,1542.5,-817.411052049405,-34.637367003283664,105.0,14.69047619047619,2022,3,March,1,Tuesday,False,13
2022-03-29,Bon Marche,CREAMY INN,354.12173729594906,214.0,-140.12173729594906,-39.56880432303018,60.0,3.566666666666667,2022,3,March,1,Tuesday,False,13
2022-03-29,Bon Marche,GALITOS,663.750908374517,236.25,-427.50090837451705,-64.40682837202273,25.0,9.45,2022,3,March,1,Tuesday,False,13
2022-03-29,OASIS,CHICKEN INN,712.0183418894901,350.75,-361.2683418894901,-50.738628576728615,56.0,6.263392857142857,2022,3,March,1,Tuesday,False,13
2022-03-29,OASIS,PIZZA INN,3531.155454607787,2172.5,-1358.6554546077869,-38.476228873891245,176.0,12.34375,2022,3,March,1,Tuesday,False,13
2022-03-29,OASIS,CREAMY INN,153.49562125041064,132.5,-20.99562125041064,-13.67831934186492,49.0,2.704081632653061,2022,3,March,1,Tuesday,False,13
2022-03-29,TATARAFEL,CHICKEN INN,534.0137564171176,598.5,64.48624358288237,12.075764492574647,74.0,8.087837837837839,2022,3,March,1,Tuesday,False,13
2022-03-29,TATARAFEL,PIZZA INN,2648.36659095584,1646.25,-1002.11659095584,-37.83904367235501,115.0,14.315217391304348,2022,3,March,1,Tuesday,False,13
2022-03-29,TATARAFEL,CREAMY INN,115.0,131.0,16.0,13.91304347826087,43.0,3.046511627906977,2022,3,March,1,Tuesday,False,13
2022-03-30,LA PIAZZA,CHICKEN INN,808.2752823212933,968.75,160.47471767870672,19.853968219569687,127.0,7.627952755905512,2022,3,March,1,Wednesday,False,13
2022-03-30,LA PIAZZA,PIZZA INN,1552.986105198945,1500.5,-52.4861051989451,-3.379689298135824,126.0,11.908730158730158,2022,3,March,1,Wednesday,False,13
2022-03-30,LA PIAZZA,CREAMY INN,459.61643938736,413.0,-46.61643938735995,-10.14246562840458,106.0,3.89622641509434,2022,3,March,1,Wednesday,False,13
2022-03-30,LA PIAZZA,GALITOS,654.3523535430184,482.5,-171.85235354301835,-26.262968660923512,67.0,7.201492537313433,2022,3,March,1,Wednesday,False,13
2022-03-30,CARREFOUR,CHICKEN INN,935.7370128002894,1567.5,631.7629871997106,67.51501528288324,185.0,8.472972972972974,2022,3,March,1,Wednesday,False,13
2022-03-30,CARREFOUR,PIZZA INN,2562.866879271446,2510.25,-52.61687927144612,-2.053047690342921,193.0,13.006476683937825,2022,3,March,1,Wednesday,False,13
2022-03-30,CARREFOUR,CREAMY INN,678.0083548216555,766.0,87.99164517834447,12.977958833780146,163.0,4.699386503067485,2022,3,March,1,Wednesday,False,13
2022-03-30,CARREFOUR,GALITOS,806.9527009017295,819.25,12.297299098270514,1.5239182029540137,76.0,10.779605263157896,2022,3,March,1,Wednesday,False,13
2022-03-30,ALILAC,CHICKEN INN,480.4829674531064,648.75,168.26703254689363,35.02039488284587,84.0,7.723214285714286,2022,3,March,1,Wednesday,False,13
2022-03-30,ALILAC,PIZZA INN,1205.27738665344,1708.5,503.2226133465599,41.75160165775633,111.0,15.391891891891891,2022,3,March,1,Wednesday,False,13
2022-03-30,ALILAC,CREAMY INN,279.84545613347035,130.5,-149.34545613347035,-53.36711847922272,30.0,4.35,2022,3,March,1,Wednesday,False,13
2022-03-30,JUNCTION,CHICKEN INN,1532.4029827290226,1451.25,-81.1529827290226,-5.2957990583194405,181.0,8.017955801104973,2022,3,March,1,Wednesday,False,13
2022-03-30,JUNCTION,PIZZA INN,3645.822981879413,3508.5,-137.32298187941342,-3.766583911559626,249.0,14.090361445783133,2022,3,March,1,Wednesday,False,13
2022-03-30,JUNCTION,CREAMY INN,373.5572346185113,447.0,73.4427653814887,19.66037827014401,99.0,4.515151515151516,2022,3,March,1,Wednesday,False,13
2022-03-30,JUNCTION,GALITOS,1238.7788165675431,1099.5,-139.27881656754334,-11.243235249490503,129.0,8.523255813953488,2022,3,March,1,Wednesday,False,13
2022-03-30,Bon Marche,CHICKEN INN,620.6392957680969,332.25,-288.3892957680969,-46.466489913628365,42.0,7.910714285714286,2022,3,March,1,Wednesday,False,13
2022-03-30,Bon Marche,PIZZA INN,1195.6705208834758,1201.0,5.329479116524226,0.4457314137498595,89.0,13.49438202247191,2022,3,March,1,Wednesday,False,13
2022-03-30,Bon Marche,CREAMY INN,263.4889971436877,245.5,-17.988997143687698,-6.827228969214912,64.0,3.8359375,2022,3,March,1,Wednesday,False,13
2022-03-30,Bon Marche,GALITOS,563.2770533857445,390.75,-172.52705338574447,-30.62916416507991,47.0,8.313829787234043,2022,3,March,1,Wednesday,False,13
2022-03-30,OASIS,CHICKEN INN,700.9392183123715,429.0,-271.9392183123715,-38.79640505308159,65.0,6.6,2022,3,March,1,Wednesday,False,13
2022-03-30,OASIS,PIZZA INN,2016.743055893401,1341.75,-674.9930558934013,-33.46946225603264,114.0,11.769736842105264,2022,3,March,1,Wednesday,False,13
2022-03-30,OASIS,CREAMY INN,103.1206104153338,125.5,22.37938958466621,21.702150030464185,48.0,2.614583333333333,2022,3,March,1,Wednesday,False,13
2022-03-30,TATARAFEL,CHICKEN INN,525.7044137342787,608.25,82.54558626572134,15.701900936948311,79.0,7.699367088607595,2022,3,March,1,Wednesday,False,13
2022-03-30,TATARAFEL,PIZZA INN,1512.5572919200508,1233.0,-279.55729192005083,-18.482426643501142,101.0,12.207920792079207,2022,3,March,1,Wednesday,False,13
2022-03-30,TATARAFEL,CREAMY INN,101.0,211.0,110.0,108.91089108910892,60.0,3.5166666666666666,2022,3,March,1,Wednesday,False,13
2022-03-31,LA PIAZZA,CHICKEN INN,844.5524099424297,1116.0,271.4475900575703,32.14099999739199,157.0,7.10828025477707,2022,3,March,1,Thursday,False,13
2022-03-31,LA PIAZZA,PIZZA INN,1295.5216717076732,2886.5,1590.9783282923268,122.8059987753969,212.0,13.61556603773585,2022,3,March,1,Thursday,False,13
2022-03-31,LA PIAZZA,CREAMY INN,314.3204362712709,331.5,17.17956372872908,5.465620986190805,87.0,3.810344827586207,2022,3,March,1,Thursday,False,13
2022-03-31,LA PIAZZA,GALITOS,705.0721688099939,554.25,-150.82216880999383,-21.39102569663874,62.0,8.939516129032258,2022,3,March,1,Thursday,False,13
2022-03-31,CARREFOUR,CHICKEN INN,1145.3587899781755,1692.5,547.1412100218245,47.77028952056588,170.0,9.955882352941176,2022,3,March,1,Thursday,False,13
2022-03-31,CARREFOUR,PIZZA INN,3478.2576774676454,3950.5,472.2423225323546,13.576979232779898,265.0,14.907547169811322,2022,3,March,1,Thursday,False,13
2022-03-31,CARREFOUR,CREAMY INN,730.0862959698943,515.0,-215.0862959698943,-29.46039353939107,142.0,3.6267605633802815,2022,3,March,1,Thursday,False,13
2022-03-31,CARREFOUR,GALITOS,1001.1954656642408,661.5,-339.6954656642407,-33.928985629081986,86.0,7.691860465116279,2022,3,March,1,Thursday,False,13
2022-03-31,ALILAC,CHICKEN INN,502.04807319284856,534.5,32.45192680715144,6.463908247026751,68.0,7.860294117647059,2022,3,March,1,Thursday,False,13
2022-03-31,ALILAC,PIZZA INN,1005.45843237193,2295.5,1290.04156762807,128.30381904349773,155.0,14.80967741935484,2022,3,March,1,Thursday,False,13
2022-03-31,ALILAC,CREAMY INN,191.37945974615687,140.0,-51.37945974615687,-26.84690395422053,28.0,5.0,2022,3,March,1,Thursday,False,13
2022-03-31,JUNCTION,CHICKEN INN,2239.205530123272,1910.0,-329.2055301232722,-14.701889830771758,239.0,7.99163179916318,2022,3,March,1,Thursday,False,13
2022-03-31,JUNCTION,PIZZA INN,5587.826986526372,5900.0,312.1730134736281,5.58666211796382,397.0,14.861460957178842,2022,3,March,1,Thursday,False,13
2022-03-31,JUNCTION,CREAMY INN,292.7523008889752,629.5,336.7476991110248,115.02819895469744,144.0,4.371527777777778,2022,3,March,1,Thursday,False,13
2022-03-31,JUNCTION,GALITOS,1128.2959889511533,1345.75,217.45401104884672,19.272780651377538,174.0,7.734195402298851,2022,3,March,1,Thursday,False,13
2022-03-31,Bon Marche,CHICKEN INN,906.9017477509605,496.75,-410.15174775096045,-45.225598998800265,65.0,7.642307692307693,2022,3,March,1,Thursday,False,13
2022-03-31,Bon Marche,PIZZA INN,1832.5629183846409,2008.25,175.68708161535938,9.586960417720514,139.0,14.447841726618703,2022,3,March,1,Thursday,False,13
2022-03-31,Bon Marche,CREAMY INN,206.493150243812,360.5,154.006849756188,74.58206220126333,95.0,3.794736842105263,2022,3,March,1,Thursday,False,13
2022-03-31,Bon Marche,GALITOS,513.0401258913581,391.75,-121.29012589135812,-23.641450204431504,34.0,11.522058823529411,2022,3,March,1,Thursday,False,13
2022-03-31,OASIS,CHICKEN INN,664.37811050788,532.25,-132.12811050788002,-19.887487022544352,86.0,6.188953488372093,2022,3,March,1,Thursday,False,13
2022-03-31,OASIS,PIZZA INN,2034.4875556653,2623.0,588.5124443347004,28.926814651478683,201.0,13.049751243781095,2022,3,March,1,Thursday,False,13
2022-03-31,OASIS,CREAMY INN,138.67944159303508,274.0,135.32055840696492,97.57795160732832,83.0,3.3012048192771086,2022,3,March,1,Thursday,False,13
2022-03-31,TATARAFEL,CHICKEN INN,498.2835828809101,849.0,350.71641711908995,70.38490312913065,104.0,8.163461538461538,2022,3,March,1,Thursday,False,13
2022-03-31,TATARAFEL,PIZZA INN,1525.8656667489745,2107.75,581.8843332510255,38.13470254500152,150.0,14.051666666666666,2022,3,March,1,Thursday,False,13
2022-03-31,TATARAFEL,CREAMY INN,150.0,122.0,-28.0,-18.666666666666668,32.0,3.8125,2022,3,March,1,Thursday,False,13
2022-04-01,LA PIAZZA,CHICKEN INN,1013.2333403712184,1286.0,272.76665962878167,26.92041889668259,173.0,7.433526011560693,2022,4,April,2,Friday,False,13
2022-04-01,LA PIAZZA,PIZZA INN,1853.4141218150555,1747.25,-106.1641218150553,-5.7280302640129,150.0,11.648333333333332,2022,4,April,2,Friday,False,13
2022-04-01,LA PIAZZA,CREAMY INN,447.37047322453145,408.0,-39.37047322453145,-8.800418351430123,120.0,3.4,2022,4,April,2,Friday,False,13
2022-04-01,LA PIAZZA,GALITOS,967.685878810266,685.25,-282.4358788102661,-29.18673145850909,83.0,8.256024096385541,2022,4,April,2,Friday,False,13
2022-04-01,CARREFOUR,CHICKEN INN,1451.5114950308869,1587.25,135.73850496911314,9.351528074961935,203.0,7.818965517241379,2022,4,April,2,Friday,False,13
2022-04-01,CARREFOUR,PIZZA INN,3587.204248239472,2947.75,-639.4542482394722,-17.825978226729173,186.0,15.848118279569892,2022,4,April,2,Friday,False,13
2022-04-01,CARREFOUR,CREAMY INN,980.0214794212852,763.5,-216.5214794212852,-22.093544271003516,174.0,4.387931034482759,2022,4,April,2,Friday,False,13
2022-04-01,CARREFOUR,GALITOS,1072.385138539275,1596.5,524.114861460725,48.873752780147264,121.0,13.194214876033058,2022,4,April,2,Friday,False,13
2022-04-01,ALILAC,CHICKEN INN,523.6948918597419,787.25,263.5551081402581,50.32607960034189,88.0,8.946022727272727,2022,4,April,2,Friday,False,13
2022-04-01,ALILAC,PIZZA INN,1247.641607561684,1733.25,485.60839243831606,38.92210627596494,116.0,14.941810344827584,2022,4,April,2,Friday,False,13
2022-04-01,ALILAC,CREAMY INN,133.82859553032034,161.0,27.171404469679658,20.303138026673587,44.0,3.659090909090909,2022,4,April,2,Friday,False,13
2022-04-01,JUNCTION,CHICKEN INN,2476.2464562134337,1976.0,-500.2464562134337,-20.20180402310957,222.0,8.9009009009009,2022,4,April,2,Friday,False,13
2022-04-01,JUNCTION,PIZZA INN,4795.985548550028,5146.75,350.7644514499725,7.313709515993419,341.0,15.093108504398828,2022,4,April,2,Friday,False,13
2022-04-01,JUNCTION,CREAMY INN,338.16901478733115,455.5,117.33098521266884,34.695959736718144,109.0,4.178899082568807,2022,4,April,2,Friday,False,13
2022-04-01,JUNCTION,GALITOS,2410.7541941241498,2721.0,310.24580587585024,12.869242605987274,213.0,12.774647887323944,2022,4,April,2,Friday,False,13
2022-04-01,Bon Marche,CHICKEN INN,810.3679628639876,671.25,-139.1179628639876,-17.16725848493806,79.0,8.496835443037975,2022,4,April,2,Friday,False,13
2022-04-01,Bon Marche,PIZZA INN,1702.642442163554,1723.0,20.35755783644595,1.1956449182940327,112.0,15.383928571428571,2022,4,April,2,Friday,False,13
2022-04-01,Bon Marche,CREAMY INN,227.1913474961327,162.25,-64.94134749613269,-28.58442815355816,55.0,2.95,2022,4,April,2,Friday,False,13
2022-04-01,Bon Marche,GALITOS,918.760165155515,558.25,-360.510165155515,-39.238767507349735,42.0,13.291666666666666,2022,4,April,2,Friday,False,13
2022-04-01,OASIS,CHICKEN INN,789.4568007245902,829.25,39.79319927540985,5.040579704790218,97.0,8.54896907216495,2022,4,April,2,Friday,False,13
2022-04-01,OASIS,PIZZA INN,1738.1588265793607,1599.0,-139.15882657936072,-8.006105336945572,149.0,10.731543624161072,2022,4,April,2,Friday,False,13
2022-04-01,OASIS,CREAMY INN,98.67647188217248,134.5,35.82352811782751,36.304022057662976,52.0,2.5865384615384617,2022,4,April,2,Friday,False,13
2022-04-01,TATARAFEL,CHICKEN INN,815.1742388841911,987.5,172.32576111580886,21.139745700463745,114.0,8.662280701754385,2022,4,April,2,Friday,False,13
2022-04-01,TATARAFEL,PIZZA INN,1515.4759998280822,1628.75,113.2740001719178,7.474483276856102,116.0,14.04094827586207,2022,4,April,2,Friday,False,13
2022-04-01,TATARAFEL,CREAMY INN,116.0,229.5,113.5,97.84482758620688,64.0,3.5859375,2022,4,April,2,Friday,False,13
2022-04-02,LA PIAZZA,CHICKEN INN,1399.3669277400645,1291.25,-108.11692774006428,-7.726131409627487,164.0,7.873475609756097,2022,4,April,2,Saturday,True,13
2022-04-02,LA PIAZZA,PIZZA INN,3310.254958882632,2511.75,-798.5049588826319,-24.122158830695177,183.0,13.725409836065571,2022,4,April,2,Saturday,True,13
2022-04-02,LA PIAZZA,CREAMY INN,690.382114280097,470.75,-219.63211428009697,-31.81312344818211,118.0,3.989406779661017,2022,4,April,2,Saturday,True,13
2022-04-02,LA PIAZZA,GALITOS,690.5230000626383,698.0,7.476999937361711,1.082802446360724,84.0,8.30952380952381,2022,4,April,2,Saturday,True,13
2022-04-02,CARREFOUR,CHICKEN INN,1853.0176152991835,1916.25,63.23238470081651,3.412400625808793,203.0,9.439655172413794,2022,4,April,2,Saturday,True,13
2022-04-02,CARREFOUR,PIZZA INN,4199.75487254156,3769.5,-430.25487254156,-10.244761553932866,280.0,13.4625,2022,4,April,2,Saturday,True,13
2022-04-02,CARREFOUR,CREAMY INN,1011.0976754016268,981.5,-29.597675401626702,-2.927281520044041,209.0,4.696172248803828,2022,4,April,2,Saturday,True,13
2022-04-02,CARREFOUR,GALITOS,966.53067816243,892.5,-74.03067816242992,-7.659423527370822,80.0,11.15625,2022,4,April,2,Saturday,True,13
2022-04-02,ALILAC,CHICKEN INN,723.2700333631353,949.5,226.22996663686467,31.278769505341916,125.0,7.596,2022,4,April,2,Saturday,True,13
2022-04-02,ALILAC,PIZZA INN,2228.3265082143794,2102.25,-126.07650821437936,-5.657901018976255,161.0,13.057453416149068,2022,4,April,2,Saturday,True,13
2022-04-02,ALILAC,CREAMY INN,206.5242886223904,235.5,28.975711377609628,14.03017125534755,46.0,5.119565217391305,2022,4,April,2,Saturday,True,13
2022-04-02,JUNCTION,CHICKEN INN,2981.410175593486,2853.25,-128.1601755934862,-4.298642858424348,307.0,9.293973941368078,2022,4,April,2,Saturday,True,13
2022-04-02,JUNCTION,PIZZA INN,6998.341075722505,7364.0,365.6589242774953,5.2249371718388975,439.0,16.774487471526196,2022,4,April,2,Saturday,True,13
2022-04-02,JUNCTION,CREAMY INN,599.219538653305,807.5,208.280461346695,34.75862316085147,169.0,4.77810650887574,2022,4,April,2,Saturday,True,13
2022-04-02,JUNCTION,GALITOS,1508.926859779593,1473.5,-35.426859779593315,-2.347818222598812,152.0,9.69407894736842,2022,4,April,2,Saturday,True,13
2022-04-02,Bon Marche,CHICKEN INN,975.6861173472032,1146.5,170.81388265279668,17.507052689980174,93.0,12.327956989247312,2022,4,April,2,Saturday,True,13
2022-04-02,Bon Marche,PIZZA INN,2484.509684117824,1855.75,-628.7596841178242,-25.307193935976876,131.0,14.166030534351146,2022,4,April,2,Saturday,True,13
2022-04-02,Bon Marche,CREAMY INN,402.5723483810897,380.25,-22.32234838108968,-5.544928376441427,112.0,3.3950892857142856,2022,4,April,2,Saturday,True,13
2022-04-02,Bon Marche,GALITOS,575.0656347618067,358.0,-217.06563476180668,-37.74623654075864,41.0,8.731707317073171,2022,4,April,2,Saturday,True,13
2022-04-02,OASIS,CHICKEN INN,1171.6976513840657,982.0,-189.6976513840657,-16.18998306943653,137.0,7.1678832116788325,2022,4,April,2,Saturday,True,13
2022-04-02,OASIS,PIZZA INN,3106.63461914744,2371.75,-734.8846191474399,-23.655328329184584,184.0,12.889945652173912,2022,4,April,2,Saturday,True,13
2022-04-02,OASIS,CREAMY INN,266.0648325618787,257.5,-8.564832561878688,-3.219077275042265,70.0,3.678571428571429,2022,4,April,2,Saturday,True,13
2022-04-02,TATARAFEL,CHICKEN INN,1209.8670127266523,1323.0,113.13298727334744,9.35086138255658,143.0,9.251748251748252,2022,4,April,2,Saturday,True,13
2022-04-02,TATARAFEL,PIZZA INN,2708.630611633028,2465.75,-242.8806116330279,-8.96691525931606,149.0,16.548657718120804,2022,4,April,2,Saturday,True,13
2022-04-02,TATARAFEL,CREAMY INN,149.0,295.5,146.5,98.3221476510067,85.0,3.476470588235294,2022,4,April,2,Saturday,True,13
2022-04-03,LA PIAZZA,CHICKEN INN,2838.992836811584,2030.25,-808.7428368115839,-28.48696292308602,206.0,9.855582524271844,2022,4,April,2,Sunday,True,13
2022-04-03,LA PIAZZA,PIZZA INN,4587.872335023936,3152.75,-1435.122335023936,-31.28078181400505,234.0,13.473290598290598,2022,4,April,2,Sunday,True,13
2022-04-03,LA PIAZZA,CREAMY INN,945.20433582879,649.75,-295.45433582879,-31.258250161297106,140.0,4.641071428571428,2022,4,April,2,Sunday,True,13
2022-04-03,LA PIAZZA,GALITOS,1336.0442854038877,667.75,-668.2942854038877,-50.02036928752415,76.0,8.786184210526315,2022,4,April,2,Sunday,True,13
2022-04-03,CARREFOUR,CHICKEN INN,3915.182642644574,3652.75,-262.4326426445741,-6.702947642496436,305.0,11.976229508196722,2022,4,April,2,Sunday,True,13
2022-04-03,CARREFOUR,PIZZA INN,7844.306711377707,6622.25,-1222.056711377707,-15.578900167240851,441.0,15.016439909297052,2022,4,April,2,Sunday,True,13
2022-04-03,CARREFOUR,CREAMY INN,1951.3928836727848,1570.0,-381.3928836727846,-19.544648689860534,244.0,6.434426229508197,2022,4,April,2,Sunday,True,13
2022-04-03,CARREFOUR,GALITOS,1511.693964413156,1548.25,36.55603558684402,2.418216679262537,119.0,13.010504201680671,2022,4,April,2,Sunday,True,13
2022-04-03,ALILAC,CHICKEN INN,1467.3481294248743,1529.75,62.40187057512571,4.252697047399656,165.0,9.27121212121212,2022,4,April,2,Sunday,True,13
2022-04-03,ALILAC,PIZZA INN,3088.3655994546352,3679.5,591.1344005453648,19.140687250555807,206.0,17.861650485436893,2022,4,April,2,Sunday,True,13
2022-04-03,ALILAC,CREAMY INN,282.7530566364608,474.25,191.4969433635392,67.72586144302915,79.0,6.003164556962025,2022,4,April,2,Sunday,True,13
2022-04-03,JUNCTION,CHICKEN INN,4996.294751023165,3161.25,-1835.0447510231647,-36.72811238062718,339.0,9.325221238938052,2022,4,April,2,Sunday,True,13
2022-04-03,JUNCTION,PIZZA INN,12899.471856506305,9956.25,-2943.221856506305,-22.816607449101003,602.0,16.53862126245847,2022,4,April,2,Sunday,True,13
2022-04-03,JUNCTION,CREAMY INN,1183.14834203772,1030.0,-153.1483420377201,-12.944136977274956,230.0,4.478260869565218,2022,4,April,2,Sunday,True,13
2022-04-03,JUNCTION,GALITOS,2251.959025580151,2347.5,95.54097441984914,4.242571615850595,257.0,9.134241245136186,2022,4,April,2,Sunday,True,13
2022-04-03,Bon Marche,CHICKEN INN,1635.0703659142146,1237.5,-397.57036591421456,-24.315183872341887,115.0,10.76086956521739,2022,4,April,2,Sunday,True,13
2022-04-03,Bon Marche,PIZZA INN,4579.494254527533,2911.25,-1668.2442545275326,-36.4285696587176,177.0,16.44774011299435,2022,4,April,2,Sunday,True,13
2022-04-03,Bon Marche,CREAMY INN,794.8719556237564,730.25,-64.62195562375643,-8.129857289158721,201.0,3.633084577114428,2022,4,April,2,Sunday,True,13
2022-04-03,Bon Marche,GALITOS,858.2418943036055,990.75,132.50810569639452,15.439482338940614,94.0,10.539893617021276,2022,4,April,2,Sunday,True,13
2022-04-03,OASIS,CHICKEN INN,1930.697013809096,1619.75,-310.94701380909623,-16.105427811048664,175.0,9.255714285714284,2022,4,April,2,Sunday,True,13
2022-04-03,OASIS,PIZZA INN,5169.336235585126,4128.0,-1041.336235585126,-20.14448641233056,262.0,15.755725190839694,2022,4,April,2,Sunday,True,13
2022-04-03,OASIS,CREAMY INN,458.7680996406762,418.5,-40.26809964067627,-8.777441080191865,92.0,4.548913043478261,2022,4,April,2,Sunday,True,13
2022-04-03,TATARAFEL,CHICKEN INN,1993.5916281971015,1907.0,-86.59162819710173,-4.34349878743274,189.0,10.08994708994709,2022,4,April,2,Sunday,True,13
2022-04-03,TATARAFEL,PIZZA INN,4507.070861578264,3389.0,-1118.0708615782642,-24.807039780748944,197.0,17.20304568527919,2022,4,April,2,Sunday,True,13
2022-04-03,TATARAFEL,CREAMY INN,197.0,433.0,236.0,119.79695431472082,112.0,3.866071428571429,2022,4,April,2,Sunday,True,13
2022-04-04,LA PIAZZA,CHICKEN INN,1062.3081570307293,1332.0,269.69184296927074,25.387345581821545,169.0,7.881656804733728,2022,4,April,2,Monday,False,14
2022-04-04,LA PIAZZA,PIZZA INN,1658.0534561286015,1775.5,117.44654387139848,7.083399117036016,155.0,11.45483870967742,2022,4,April,2,Monday,False,14
2022-04-04,LA PIAZZA,CREAMY INN,527.1813656477879,471.5,-55.68136564778786,-10.562089116971714,129.0,3.6550387596899214,2022,4,April,2,Monday,False,14
2022-04-04,LA PIAZZA,GALITOS,563.8625447209804,697.75,133.8874552790196,23.74469745020428,77.0,9.061688311688313,2022,4,April,2,Monday,False,14
2022-04-04,CARREFOUR,CHICKEN INN,1295.2911831759648,1647.5,352.20881682403524,27.19147797798202,189.0,8.716931216931217,2022,4,April,2,Monday,False,14
2022-04-04,CARREFOUR,PIZZA INN,2418.662877077199,2458.75,40.08712292280097,1.6574084508728115,193.0,12.739637305699482,2022,4,April,2,Monday,False,14
2022-04-04,CARREFOUR,CREAMY INN,766.6529585665693,774.25,7.597041433430718,0.990936165906814,173.0,4.47543352601156,2022,4,April,2,Monday,False,14
2022-04-04,CARREFOUR,GALITOS,524.1461778950329,767.25,243.1038221049671,46.380920506044745,77.0,9.964285714285714,2022,4,April,2,Monday,False,14
2022-04-04,ALILAC,CHICKEN INN,549.0594646383314,562.75,13.690535361668594,2.4934522111710846,70.0,8.039285714285715,2022,4,April,2,Monday,False,14
2022-04-04,ALILAC,PIZZA INN,1116.1329004020167,1072.75,-43.38290040201673,-3.8868937907296495,77.0,13.931818181818182,2022,4,April,2,Monday,False,14
2022-04-04,ALILAC,CREAMY INN,157.7036169729295,113.25,-44.453616972929495,-28.188076992907614,33.0,3.4318181818181817,2022,4,April,2,Monday,False,14
2022-04-04,JUNCTION,CHICKEN INN,1464.6075851600272,1324.0,-140.60758516002716,-9.600358934687886,180.0,7.355555555555555,2022,4,April,2,Monday,False,14
2022-04-04,JUNCTION,PIZZA INN,3560.324278738759,3618.75,58.42572126124105,1.6410224655698584,264.0,13.707386363636363,2022,4,April,2,Monday,False,14
2022-04-04,JUNCTION,CREAMY INN,284.3190340577627,433.0,148.68096594223732,52.29370817010833,98.0,4.418367346938775,2022,4,April,2,Monday,False,14
2022-04-04,JUNCTION,GALITOS,815.5958421931202,1105.75,290.15415780687977,35.57572792753103,140.0,7.898214285714285,2022,4,April,2,Monday,False,14
2022-04-04,Bon Marche,CHICKEN INN,479.3024790416807,373.75,-105.55247904168068,-22.022101628333477,46.0,8.125,2022,4,April,2,Monday,False,14
2022-04-04,Bon Marche,PIZZA INN,1263.9652816882797,1279.25,15.284718311720326,1.2092672586152455,88.0,14.536931818181818,2022,4,April,2,Monday,False,14
2022-04-04,Bon Marche,CREAMY INN,191.01343305212205,289.0,97.98656694787796,51.29825969943184,90.0,3.2111111111111112,2022,4,April,2,Monday,False,14
2022-04-04,Bon Marche,GALITOS,310.8309310422018,576.75,265.9190689577982,85.55103189575881,56.0,10.299107142857142,2022,4,April,2,Monday,False,14
2022-04-04,OASIS,CHICKEN INN,623.7683363749848,536.0,-87.76833637498476,-14.070662336765666,66.0,8.121212121212121,2022,4,April,2,Monday,False,14
2022-04-04,OASIS,PIZZA INN,1934.8042580043093,1252.75,-682.0542580043093,-35.25184809691432,90.0,13.919444444444444,2022,4,April,2,Monday,False,14
2022-04-04,OASIS,CREAMY INN,123.99137828126386,73.0,-50.99137828126386,-41.12493867565071,30.0,2.433333333333333,2022,4,April,2,Monday,False,14
2022-04-04,TATARAFEL,CHICKEN INN,644.0882875134349,889.25,245.16171248656508,38.06337069612546,105.0,8.469047619047618,2022,4,April,2,Monday,False,14
2022-04-04,TATARAFEL,PIZZA INN,1686.9283592116176,1314.5,-372.4283592116176,-22.07730738403563,91.0,14.445054945054943,2022,4,April,2,Monday,False,14
2022-04-04,TATARAFEL,CREAMY INN,91.0,112.0,21.0,23.07692307692308,41.0,2.731707317073171,2022,4,April,2,Monday,False,14
2022-04-05,LA PIAZZA,CHICKEN INN,1009.4131450623942,1309.25,299.83685493760584,29.70407671073793,186.0,7.038978494623656,2022,4,April,2,Tuesday,False,14
2022-04-05,LA PIAZZA,PIZZA INN,4557.134802147399,3962.0,-595.1348021473987,-13.0594074563465,245.0,16.17142857142857,2022,4,April,2,Tuesday,False,14
2022-04-05,LA PIAZZA,CREAMY INN,478.5074581609588,391.25,-87.25745816095883,-18.235339214212924,97.0,4.033505154639175,2022,4,April,2,Tuesday,False,14
2022-04-05,LA PIAZZA,GALITOS,581.4459961684106,623.25,41.8040038315894,7.189662343032325,85.0,7.33235294117647,2022,4,April,2,Tuesday,False,14
2022-04-05,CARREFOUR,CHICKEN INN,1408.259241111127,1703.25,294.99075888887296,20.947191417407144,214.0,7.95911214953271,2022,4,April,2,Tuesday,False,14
2022-04-05,CARREFOUR,PIZZA INN,6128.874753222207,6068.5,-60.37475322220689,-0.9850870780230148,381.0,15.927821522309712,2022,4,April,2,Tuesday,False,14
2022-04-05,CARREFOUR,CREAMY INN,772.4196753464264,832.0,59.5803246535736,7.713465432745757,186.0,4.473118279569892,2022,4,April,2,Tuesday,False,14
2022-04-05,CARREFOUR,GALITOS,708.9429477054576,877.25,168.30705229454236,23.74056372791064,107.0,8.198598130841122,2022,4,April,2,Tuesday,False,14
2022-04-05,ALILAC,CHICKEN INN,521.7204041584146,547.25,25.529595841585436,4.8933481685016975,78.0,7.016025641025641,2022,4,April,2,Tuesday,False,14
2022-04-05,ALILAC,PIZZA INN,3067.674365650392,1706.0,-1361.674365650391,-44.38783923409344,118.0,14.457627118644067,2022,4,April,2,Tuesday,False,14
2022-04-05,ALILAC,CREAMY INN,143.14306577923065,110.5,-32.64306577923065,-22.80450373305264,27.0,4.092592592592593,2022,4,April,2,Tuesday,False,14
2022-04-05,KOLWEZI,CHICKEN INN,1123.6692204974895,143.5,-980.1692204974896,-87.22933783516227,22.0,6.5227272727272725,2022,4,April,2,Tuesday,False,14
2022-04-05,KOLWEZI,PIZZA INN,4097.200581309376,754.5,-3342.700581309376,-81.5849874804304,52.0,14.509615384615383,2022,4,April,2,Tuesday,False,14
2022-04-05,KOLWEZI,CREAMY INN,462.19075252301104,179.75,-282.44075252301104,-61.10913102030297,40.0,4.49375,2022,4,April,2,Tuesday,False,14
2022-04-05,KOLWEZI,GALITOS,516.8444164074092,232.25,-284.5944164074092,-55.06384656056225,25.0,9.29,2022,4,April,2,Tuesday,False,14
2022-04-05,JUNCTION,CHICKEN INN,1643.486949966463,1863.5,220.01305003353696,13.38696665878768,223.0,8.356502242152466,2022,4,April,2,Tuesday,False,14
2022-04-05,JUNCTION,PIZZA INN,5515.055038599633,7289.0,1773.944961400367,32.16549878441108,457.0,15.949671772428884,2022,4,April,2,Tuesday,False,14
2022-04-05,JUNCTION,CREAMY INN,351.0220966075574,403.0,51.97790339244261,14.80758729857223,102.0,3.950980392156863,2022,4,April,2,Tuesday,False,14
2022-04-05,JUNCTION,GALITOS,1113.0572142544136,1091.5,-21.55721425441357,-1.9367570667832887,106.0,10.297169811320757,2022,4,April,2,Tuesday,False,14
2022-04-05,Bon Marche,CHICKEN INN,537.8419293830893,517.75,-20.091929383089337,-3.7356569440644023,50.0,10.355,2022,4,April,2,Tuesday,False,14
2022-04-05,Bon Marche,PIZZA INN,1957.922242369272,2283.75,325.82775763072823,16.641506520526868,141.0,16.1968085106383,2022,4,April,2,Tuesday,False,14
2022-04-05,Bon Marche,CREAMY INN,235.826405264662,360.75,124.923594735338,52.97269175397871,91.0,3.9642857142857135,2022,4,April,2,Tuesday,False,14
2022-04-05,Bon Marche,GALITOS,424.1961426380323,369.75,-54.44614263803231,-12.835133836775915,36.0,10.270833333333334,2022,4,April,2,Tuesday,False,14
2022-04-05,OASIS,CHICKEN INN,701.1302296558667,546.0,-155.13022965586674,-22.125736859471708,75.0,7.28,2022,4,April,2,Tuesday,False,14
2022-04-05,OASIS,PIZZA INN,2644.595683305971,2660.0,15.404316694029148,0.5824828646310288,200.0,13.3,2022,4,April,2,Tuesday,False,14
2022-04-05,OASIS,CREAMY INN,124.50800902410244,166.5,41.99199097589755,33.72633720917398,54.0,3.083333333333333,2022,4,April,2,Tuesday,False,14
2022-04-05,TATARAFEL,CHICKEN INN,723.9703309843395,673.75,-50.22033098433951,-6.936794069455568,85.0,7.926470588235294,2022,4,April,2,Tuesday,False,14
2022-04-05,TATARAFEL,PIZZA INN,2305.7854242160406,1827.75,-478.0354242160406,-20.7319995692388,126.0,14.50595238095238,2022,4,April,2,Tuesday,False,14
2022-04-05,TATARAFEL,CREAMY INN,126.0,198.5,72.5,57.53968253968254,55.0,3.609090909090909,2022,4,April,2,Tuesday,False,14
2022-04-06,LA PIAZZA,CHICKEN INN,782.5523159537571,1040.5,257.9476840462429,32.962356482436846,145.0,7.175862068965517,2022,4,April,2,Wednesday,False,14
2022-04-06,LA PIAZZA,PIZZA INN,1207.630378207035,2032.0,824.3696217929651,68.2634054814772,151.0,13.456953642384104,2022,4,April,2,Wednesday,False,14
2022-04-06,LA PIAZZA,CREAMY INN,512.5076141260232,423.75,-88.75761412602321,-17.318301558774134,108.0,3.923611111111111,2022,4,April,2,Wednesday,False,14
2022-04-06,LA PIAZZA,GALITOS,375.5109970129152,655.5,279.98900298708486,74.56213139277385,84.0,7.803571428571429,2022,4,April,2,Wednesday,False,14
2022-04-06,CARREFOUR,CHICKEN INN,1209.6403382427563,1676.0,466.35966175724366,38.55358051590144,179.0,9.363128491620111,2022,4,April,2,Wednesday,False,14
2022-04-06,CARREFOUR,PIZZA INN,2297.064841132832,2447.75,150.6851588671684,6.559900102465361,166.0,14.745481927710845,2022,4,April,2,Wednesday,False,14
2022-04-06,CARREFOUR,CREAMY INN,759.2843760145296,762.75,3.4656239854704154,0.4564329380332327,171.0,4.4605263157894735,2022,4,April,2,Wednesday,False,14
2022-04-06,CARREFOUR,GALITOS,857.087930993149,1029.5,172.41206900685097,20.11603042958134,76.0,13.546052631578949,2022,4,April,2,Wednesday,False,14
2022-04-06,ALILAC,CHICKEN INN,404.4662114334376,671.0,266.53378856656246,65.89766488082172,80.0,8.3875,2022,4,April,2,Wednesday,False,14
2022-04-06,ALILAC,PIZZA INN,812.9267435013618,1341.5,528.5732564986382,65.0210195105671,97.0,13.829896907216495,2022,4,April,2,Wednesday,False,14
2022-04-06,ALILAC,CREAMY INN,153.31403903953498,130.75,-22.564039039534972,-14.717529575824692,32.0,4.0859375,2022,4,April,2,Wednesday,False,14
2022-04-06,KOLWEZI,CHICKEN INN,965.1884939047944,346.5,-618.6884939047943,-64.10027655860362,36.0,9.625,2022,4,April,2,Wednesday,False,14
2022-04-06,KOLWEZI,PIZZA INN,1535.605764736296,1337.25,-198.35576473629607,-12.917102116398931,78.0,17.14423076923077,2022,4,April,2,Wednesday,False,14
2022-04-06,KOLWEZI,CREAMY INN,454.3310176190528,145.25,-309.0810176190528,-68.02991775441818,34.0,4.272058823529412,2022,4,April,2,Wednesday,False,14
2022-04-06,KOLWEZI,GALITOS,624.8473349480754,719.25,94.4026650519246,15.108116778599918,32.0,22.4765625,2022,4,April,2,Wednesday,False,14
2022-04-06,JUNCTION,CHICKEN INN,1408.4782830066877,1657.5,249.02171699331237,17.680195711766608,183.0,9.057377049180328,2022,4,April,2,Wednesday,False,14
2022-04-06,JUNCTION,PIZZA INN,4177.607676589561,3863.0,-314.6076765895614,-7.530809519346608,283.0,13.650176678445227,2022,4,April,2,Wednesday,False,14
2022-04-06,JUNCTION,CREAMY INN,289.5223161463646,560.5,270.9776838536354,93.59474857083067,122.0,4.594262295081967,2022,4,April,2,Wednesday,False,14
2022-04-06,JUNCTION,GALITOS,1074.0418129063576,1024.0,-50.04181290635756,-4.659205284656879,102.0,10.03921568627451,2022,4,April,2,Wednesday,False,14
2022-04-06,Bon Marche,CHICKEN INN,460.93379521021217,316.5,-144.43379521021217,-31.33504132504368,40.0,7.9125,2022,4,April,2,Wednesday,False,14
2022-04-06,Bon Marche,PIZZA INN,1483.1095850612246,987.25,-495.8595850612246,-33.43377927402141,78.0,12.657051282051285,2022,4,April,2,Wednesday,False,14
2022-04-06,Bon Marche,CREAMY INN,194.5091426453129,156.25,-38.25914264531286,-19.66958577113177,50.0,3.125,2022,4,April,2,Wednesday,False,14
2022-04-06,Bon Marche,GALITOS,409.3270213176101,289.75,-119.5770213176101,-29.213077830214,26.0,11.14423076923077,2022,4,April,2,Wednesday,False,14
2022-04-06,OASIS,CHICKEN INN,476.96348377110655,476.0,-0.9634837711065528,-0.2020036761491213,65.0,7.323076923076923,2022,4,April,2,Wednesday,False,14
2022-04-06,OASIS,PIZZA INN,1666.8164866824468,1579.75,-87.0664866824468,-5.223519648269129,131.0,12.05916030534351,2022,4,April,2,Wednesday,False,14
2022-04-06,OASIS,CREAMY INN,74.39482696875831,151.0,76.60517303124169,102.97110182595304,41.0,3.682926829268293,2022,4,April,2,Wednesday,False,14
2022-04-06,TATARAFEL,CHICKEN INN,492.5011026591988,784.0,291.4988973408012,59.18746085377047,107.0,7.327102803738318,2022,4,April,2,Wednesday,False,14
2022-04-06,TATARAFEL,PIZZA INN,1453.2736267008102,1304.0,-149.27362670081015,-10.271543084400966,107.0,12.186915887850468,2022,4,April,2,Wednesday,False,14
2022-04-06,TATARAFEL,CREAMY INN,107.0,226.5,119.5,111.68224299065422,51.0,4.441176470588236,2022,4,April,2,Wednesday,False,14
2022-04-07,LA PIAZZA,CHICKEN INN,1028.2202604289134,1008.0,-20.220260428913434,-1.966530052663884,149.0,6.76510067114094,2022,4,April,2,Thursday,False,14
2022-04-07,LA PIAZZA,PIZZA INN,2796.5243853634274,3584.0,787.4756146365726,28.159082708454008,245.0,14.628571428571428,2022,4,April,2,Thursday,False,14
2022-04-07,LA PIAZZA,CREAMY INN,493.5391060613031,420.75,-72.78910606130307,-14.748396868122107,124.0,3.3931451612903225,2022,4,April,2,Thursday,False,14
2022-04-07,LA PIAZZA,GALITOS,775.7580358925541,606.5,-169.25803589255406,-21.81840574784546,79.0,7.677215189873418,2022,4,April,2,Thursday,False,14
2022-04-07,CARREFOUR,CHICKEN INN,1452.9342665414051,1505.5,52.56573345859465,3.617901695148481,175.0,8.602857142857143,2022,4,April,2,Thursday,False,14
2022-04-07,CARREFOUR,PIZZA INN,4421.0400811515365,5165.0,743.9599188484635,16.827712601390537,308.0,16.76948051948052,2022,4,April,2,Thursday,False,14
2022-04-07,CARREFOUR,CREAMY INN,745.5083303737596,743.5,-2.008330373759577,-0.2693907354130709,177.0,4.200564971751413,2022,4,April,2,Thursday,False,14
2022-04-07,CARREFOUR,GALITOS,785.5785013439001,816.5,30.921498656099857,3.936143695786228,86.0,9.494186046511627,2022,4,April,2,Thursday,False,14
2022-04-07,ALILAC,CHICKEN INN,531.4409589957183,686.5,155.05904100428165,29.17709641675001,70.0,9.807142857142855,2022,4,April,2,Thursday,False,14
2022-04-07,ALILAC,PIZZA INN,1882.5043678438287,2100.0,217.4956321561708,11.553526030076869,131.0,16.03053435114504,2022,4,April,2,Thursday,False,14
2022-04-07,ALILAC,CREAMY INN,147.6397065890494,149.25,1.6102934109505895,1.0906912836346876,30.0,4.975,2022,4,April,2,Thursday,False,14
2022-04-07,KOLWEZI,CHICKEN INN,1159.3160314932677,574.25,-585.0660314932675,-50.46648330564945,58.0,9.900862068965518,2022,4,April,2,Thursday,False,14
2022-04-07,KOLWEZI,PIZZA INN,2955.499780928447,1911.25,-1044.2497809284469,-35.33242626735719,101.0,18.923267326732677,2022,4,April,2,Thursday,False,14
2022-04-07,KOLWEZI,CREAMY INN,446.0878810124624,329.75,-116.3378810124624,-26.079587893850952,55.0,5.995454545454545,2022,4,April,2,Thursday,False,14
2022-04-07,KOLWEZI,GALITOS,572.7144382822522,344.75,-227.96443828225225,-39.80420660704628,38.0,9.072368421052632,2022,4,April,2,Thursday,False,14
2022-04-07,JUNCTION,CHICKEN INN,1888.462502355336,1693.5,-194.9625023553356,-10.323874692358132,237.0,7.1455696202531644,2022,4,April,2,Thursday,False,14
2022-04-07,JUNCTION,PIZZA INN,6375.038070268548,7061.75,686.7119297314521,10.771887511293317,450.0,15.692777777777778,2022,4,April,2,Thursday,False,14
2022-04-07,JUNCTION,CREAMY INN,303.598656788102,593.0,289.401343211898,95.32365731574592,129.0,4.596899224806202,2022,4,April,2,Thursday,False,14
2022-04-07,JUNCTION,GALITOS,1289.4962904144122,1072.0,-217.4962904144122,-16.866763559631046,125.0,8.576,2022,4,April,2,Thursday,False,14
2022-04-07,Bon Marche,CHICKEN INN,618.0117924606197,389.25,-228.76179246061972,-37.01576495001859,44.0,8.846590909090908,2022,4,April,2,Thursday,False,14
2022-04-07,Bon Marche,PIZZA INN,2263.228335233264,2057.0,-206.2283352332638,-9.11213119872894,141.0,14.588652482269504,2022,4,April,2,Thursday,False,14
2022-04-07,Bon Marche,CREAMY INN,203.966019704916,303.75,99.78398029508404,48.92186474955223,101.0,3.007425742574257,2022,4,April,2,Thursday,False,14
2022-04-07,Bon Marche,GALITOS,491.4386658068207,303.25,-188.1886658068207,-38.29341867064152,25.0,12.13,2022,4,April,2,Thursday,False,14
2022-04-07,OASIS,CHICKEN INN,604.2755758632666,578.0,-26.275575863266567,-4.348276996919716,82.0,7.048780487804878,2022,4,April,2,Thursday,False,14
2022-04-07,OASIS,PIZZA INN,2328.6139742352752,2667.25,338.6360257647248,14.542385707185923,187.0,14.26336898395722,2022,4,April,2,Thursday,False,14
2022-04-07,OASIS,CREAMY INN,85.76070331120751,162.0,76.23929668879249,88.89770459570062,56.0,2.892857142857143,2022,4,April,2,Thursday,False,14
2022-04-07,TATARAFEL,CHICKEN INN,623.9605285286401,983.5,359.5394714713599,57.62214996502889,115.0,8.552173913043479,2022,4,April,2,Thursday,False,14
2022-04-07,TATARAFEL,PIZZA INN,2030.2854588741595,2681.75,651.4645411258407,32.08733719085458,171.0,15.682748538011696,2022,4,April,2,Thursday,False,14
2022-04-07,TATARAFEL,CREAMY INN,171.0,215.5,44.5,26.023391812865498,66.0,3.265151515151515,2022,4,April,2,Thursday,False,14
2022-04-08,LA PIAZZA,CHICKEN INN,903.0353987705204,1209.0,305.96460122947974,33.88179484946543,152.0,7.953947368421052,2022,4,April,2,Friday,False,14
2022-04-08,LA PIAZZA,PIZZA INN,2084.241171589821,1948.5,-135.74117158982108,-6.512738230109916,154.0,12.652597402597404,2022,4,April,2,Friday,False,14
2022-04-08,LA PIAZZA,CREAMY INN,546.8656664696672,516.25,-30.61566646966719,-5.598388845163557,127.0,4.06496062992126,2022,4,April,2,Friday,False,14
2022-04-08,LA PIAZZA,GALITOS,885.6814296530648,881.0,-4.681429653064811,-0.528568116743579,97.0,9.082474226804123,2022,4,April,2,Friday,False,14
2022-04-08,CARREFOUR,CHICKEN INN,1500.4548349927204,1641.5,141.0451650072796,9.40016065248401,184.0,8.921195652173912,2022,4,April,2,Friday,False,14
2022-04-08,CARREFOUR,PIZZA INN,3652.242406741936,3807.5,155.2575932580644,4.251021043166885,230.0,16.554347826086957,2022,4,April,2,Friday,False,14
2022-04-08,CARREFOUR,CREAMY INN,711.2284028490529,738.5,27.27159715094706,3.8344358917194463,197.0,3.748730964467005,2022,4,April,2,Friday,False,14
2022-04-08,CARREFOUR,GALITOS,1102.1166576765972,1656.0,553.8833423234028,50.256326176129086,122.0,13.57377049180328,2022,4,April,2,Friday,False,14
2022-04-08,ALILAC,CHICKEN INN,466.73851585991497,732.25,265.51148414008503,56.88655962984092,88.0,8.321022727272727,2022,4,April,2,Friday,False,14
2022-04-08,ALILAC,PIZZA INN,1403.0248152647096,1791.75,388.7251847352904,27.706223047947255,114.0,15.717105263157896,2022,4,April,2,Friday,False,14
2022-04-08,ALILAC,CREAMY INN,163.5920751762636,149.25,-14.342075176263592,-8.766974293107173,27.0,5.527777777777778,2022,4,April,2,Friday,False,14
2022-04-08,KOLWEZI,CHICKEN INN,1197.2333400047,408.25,-788.9833400047,-65.90054867680203,47.0,8.686170212765957,2022,4,April,2,Friday,False,14
2022-04-08,KOLWEZI,PIZZA INN,2441.5525385175515,1594.75,-846.8025385175515,-34.682953782829856,90.0,17.719444444444445,2022,4,April,2,Friday,False,14
2022-04-08,KOLWEZI,CREAMY INN,425.5758899216443,245.75,-179.82588992164432,-42.25471747348124,49.0,5.01530612244898,2022,4,April,2,Friday,False,14
2022-04-08,KOLWEZI,GALITOS,803.4819199392118,1017.0,213.51808006078815,26.574098901558617,66.0,15.409090909090908,2022,4,April,2,Friday,False,14
2022-04-08,JUNCTION,CHICKEN INN,1573.9810384214404,1527.75,-46.23103842144042,-2.937204279652945,200.0,7.63875,2022,4,April,2,Friday,False,14
2022-04-08,JUNCTION,PIZZA INN,4595.149549426585,5409.5,814.3504505734154,17.721957507890814,364.0,14.861263736263735,2022,4,April,2,Friday,False,14
2022-04-08,JUNCTION,CREAMY INN,473.7911884766147,520.0,46.20881152338529,9.75299090554236,112.0,4.642857142857143,2022,4,April,2,Friday,False,14
2022-04-08,JUNCTION,GALITOS,2167.467073616208,2739.5,572.0329263837921,26.39177006871024,208.0,13.170673076923077,2022,4,April,2,Friday,False,14
2022-04-08,Bon Marche,CHICKEN INN,515.0956620216915,607.0,91.90433797830848,17.842188306846634,65.0,9.33846153846154,2022,4,April,2,Friday,False,14
2022-04-08,Bon Marche,PIZZA INN,1631.34283282147,1989.75,358.40716717853,21.97007029838425,127.0,15.667322834645669,2022,4,April,2,Friday,False,14
2022-04-08,Bon Marche,CREAMY INN,318.3060949847521,400.75,82.44390501524788,25.90082512218222,113.0,3.5464601769911503,2022,4,April,2,Friday,False,14
2022-04-08,Bon Marche,GALITOS,826.0412494058759,712.75,-113.29124940587587,-13.714962719762456,61.0,11.684426229508198,2022,4,April,2,Friday,False,14
2022-04-08,OASIS,CHICKEN INN,746.8163871052063,626.5,-120.31638710520632,-16.110571377735045,78.0,8.032051282051283,2022,4,April,2,Friday,False,14
2022-04-08,OASIS,PIZZA INN,1914.8284028331736,1498.0,-416.8284028331736,-21.76844683400537,121.0,12.380165289256198,2022,4,April,2,Friday,False,14
2022-04-08,OASIS,CREAMY INN,97.64321039649528,216.0,118.35678960350472,121.21353765704625,69.0,3.130434782608696,2022,4,April,2,Friday,False,14
2022-04-08,TATARAFEL,CHICKEN INN,771.1447661049524,856.75,85.6052338950476,11.101058796967417,111.0,7.718468468468468,2022,4,April,2,Friday,False,14
2022-04-08,TATARAFEL,PIZZA INN,1669.5116947359816,1902.5,232.98830526401844,13.955476083134805,131.0,14.52290076335878,2022,4,April,2,Friday,False,14
2022-04-08,TATARAFEL,CREAMY INN,131.0,274.0,143.0,109.16030534351144,73.0,3.7534246575342474,2022,4,April,2,Friday,False,14
2022-04-09,LA PIAZZA,CHICKEN INN,1341.4762757524977,1669.5,328.0237242475023,24.452443190879254,196.0,8.517857142857142,2022,4,April,2,Saturday,True,14
2022-04-09,LA PIAZZA,PIZZA INN,2443.042757283248,3071.5,628.4572427167523,25.724365275359308,234.0,13.126068376068377,2022,4,April,2,Saturday,True,14
2022-04-09,LA PIAZZA,CREAMY INN,527.1813656477879,554.75,27.568634352212143,5.229440217094257,136.0,4.079044117647059,2022,4,April,2,Saturday,True,14
2022-04-09,LA PIAZZA,GALITOS,876.4903509642725,701.75,-174.7403509642725,-19.936369039548644,87.0,8.066091954022989,2022,4,April,2,Saturday,True,14
2022-04-09,CARREFOUR,CHICKEN INN,1812.326350098357,2366.75,554.4236499016431,30.59182193491553,188.0,12.58909574468085,2022,4,April,2,Saturday,True,14
2022-04-09,CARREFOUR,PIZZA INN,3917.059131799776,4683.5,766.4408682002236,19.56674235469266,309.0,15.156957928802589,2022,4,April,2,Saturday,True,14
2022-04-09,CARREFOUR,CREAMY INN,898.0059518855385,1002.25,104.24404811446152,11.608391669963972,215.0,4.661627906976745,2022,4,April,2,Saturday,True,14
2022-04-09,CARREFOUR,GALITOS,617.4416344983541,906.25,288.8083655016459,46.7750066346418,81.0,11.188271604938272,2022,4,April,2,Saturday,True,14
2022-04-09,ALILAC,CHICKEN INN,693.3489505045596,843.75,150.40104949544036,21.691970455279616,105.0,8.035714285714286,2022,4,April,2,Saturday,True,14
2022-04-09,ALILAC,PIZZA INN,1644.5551790950217,2153.0,508.44482090497854,30.916859912524764,132.0,16.310606060606062,2022,4,April,2,Saturday,True,14
2022-04-09,ALILAC,CREAMY INN,157.7036169729295,310.25,152.5463830270705,96.72979349183586,60.0,5.170833333333333,2022,4,April,2,Saturday,True,14
2022-04-09,KOLWEZI,CHICKEN INN,1446.0798677204505,688.75,-757.3298677204505,-52.371233748954594,51.0,13.504901960784316,2022,4,April,2,Saturday,True,14
2022-04-09,KOLWEZI,PIZZA INN,2618.584584942875,1924.0,-694.5845849428752,-26.525191851231632,106.0,18.150943396226417,2022,4,April,2,Saturday,True,14
2022-04-09,KOLWEZI,CREAMY INN,537.337486238905,365.5,-171.83748623890494,-31.979433901342315,67.0,5.455223880597015,2022,4,April,2,Saturday,True,14
2022-04-09,KOLWEZI,GALITOS,450.1367314264096,572.5,122.3632685735904,27.18357779553809,54.0,10.601851851851851,2022,4,April,2,Saturday,True,14
2022-04-09,JUNCTION,CHICKEN INN,2923.969441146845,2790.25,-133.71944114684493,-4.5732160967591104,306.0,9.118464052287582,2022,4,April,2,Saturday,True,14
2022-04-09,JUNCTION,PIZZA INN,7112.987238709865,7387.75,274.7627612901352,3.862832197910296,436.0,16.944380733944953,2022,4,April,2,Saturday,True,14
2022-04-09,JUNCTION,CREAMY INN,803.9824283410468,773.0,-30.982428341046784,-3.853620085326558,128.0,6.0390625,2022,4,April,2,Saturday,True,14
2022-04-09,JUNCTION,GALITOS,1515.139503306354,1283.0,-232.13950330635407,-15.321328682921717,147.0,8.727891156462585,2022,4,April,2,Saturday,True,14
2022-04-09,Bon Marche,CHICKEN INN,956.8882586598596,762.5,-194.3882586598596,-20.31462471199136,64.0,11.9140625,2022,4,April,2,Saturday,True,14
2022-04-09,Bon Marche,PIZZA INN,2525.2106872708664,2221.0,-304.2106872708664,-12.046942807756116,139.0,15.97841726618705,2022,4,April,2,Saturday,True,14
2022-04-09,Bon Marche,CREAMY INN,540.1377514521424,398.75,-141.38775145214242,-26.176239500391542,113.0,3.5287610619469025,2022,4,April,2,Saturday,True,14
2022-04-09,Bon Marche,GALITOS,577.433329239581,464.0,-113.43332923958098,-19.644402824644843,47.0,9.872340425531917,2022,4,April,2,Saturday,True,14
2022-04-09,OASIS,CHICKEN INN,1000.8314225235353,1072.0,71.16857747646486,7.110945547354783,110.0,9.745454545454546,2022,4,April,2,Saturday,True,14
2022-04-09,OASIS,PIZZA INN,3135.43098179674,2099.5,-1035.93098179674,-33.03950837415997,166.0,12.647590361445785,2022,4,April,2,Saturday,True,14
2022-04-09,OASIS,CREAMY INN,189.603482621766,276.5,86.89651737823402,45.83065467820607,69.0,4.007246376811594,2022,4,April,2,Saturday,True,14
2022-04-09,TATARAFEL,CHICKEN INN,1033.4346253755602,1159.75,126.31537462443976,12.222870370589288,138.0,8.403985507246377,2022,4,April,2,Saturday,True,14
2022-04-09,TATARAFEL,PIZZA INN,2733.7377513316724,2639.5,-94.23775133167236,-3.447212567692961,168.0,15.711309523809524,2022,4,April,2,Saturday,True,14
2022-04-09,TATARAFEL,CREAMY INN,168.0,279.5,111.5,66.36904761904762,81.0,3.450617283950617,2022,4,April,2,Saturday,True,14
2022-04-10,LA PIAZZA,CHICKEN INN,2007.071843020714,2000.25,-6.821843020713914,-0.3398903255225184,232.0,8.62176724137931,2022,4,April,2,Sunday,True,14
2022-04-10,LA PIAZZA,PIZZA INN,3491.074407092877,3447.0,-44.07440709287721,-1.2624883331999588,268.0,12.861940298507465,2022,4,April,2,Sunday,True,14
2022-04-10,LA PIAZZA,CREAMY INN,463.8337066391942,741.25,277.4162933608058,59.809429411865,148.0,5.008445945945946,2022,4,April,2,Sunday,True,14
2022-04-10,LA PIAZZA,GALITOS,1219.8146910903663,1049.5,-170.3146910903663,-13.962341356794584,103.0,10.189320388349516,2022,4,April,2,Sunday,True,14
2022-04-10,CARREFOUR,CHICKEN INN,3206.6424304064035,3142.5,-64.14243040640349,-2.0002988109364663,287.0,10.949477351916377,2022,4,April,2,Sunday,True,14
2022-04-10,CARREFOUR,PIZZA INN,6655.47136183331,8447.0,1791.52863816669,26.918133078303825,468.0,18.049145299145295,2022,4,April,2,Sunday,True,14
2022-04-10,CARREFOUR,CREAMY INN,1495.911962547309,1489.25,-6.661962547309031,-0.4453445599809717,255.0,5.840196078431372,2022,4,April,2,Sunday,True,14
2022-04-10,CARREFOUR,GALITOS,1417.6295892114558,1882.25,464.6204107885442,32.7744577514769,126.0,14.938492063492063,2022,4,April,2,Sunday,True,14
2022-04-10,ALILAC,CHICKEN INN,1037.3654615435144,1891.75,854.3845384564856,82.3609971730919,173.0,10.934971098265896,2022,4,April,2,Sunday,True,14
2022-04-10,ALILAC,PIZZA INN,2350.0466701512696,2539.75,189.7033298487304,8.072321807826881,142.0,17.885563380281692,2022,4,April,2,Sunday,True,14
2022-04-10,ALILAC,CREAMY INN,138.75348784583616,588.25,449.49651215416384,323.9533067835979,93.0,6.325268817204301,2022,4,April,2,Sunday,True,14
2022-04-10,KOLWEZI,CHICKEN INN,2558.623650391232,1052.25,-1506.373650391232,-58.87437373452311,83.0,12.677710843373497,2022,4,April,2,Sunday,True,14
2022-04-10,KOLWEZI,PIZZA INN,4449.234521925087,3574.75,-874.4845219250865,-19.654718527777582,155.0,23.06290322580645,2022,4,April,2,Sunday,True,14
2022-04-10,KOLWEZI,CREAMY INN,895.1049510330339,740.5,-154.6049510330339,-17.272270794011973,126.0,5.876984126984127,2022,4,April,2,Sunday,True,14
2022-04-10,KOLWEZI,GALITOS,1033.5019765543675,1340.0,306.49802344563227,29.656259049206454,88.0,15.227272727272728,2022,4,April,2,Sunday,True,14
2022-04-10,JUNCTION,CHICKEN INN,4129.175718691674,4299.0,169.82428130832614,4.11278891667354,389.0,11.051413881748072,2022,4,April,2,Sunday,True,14
2022-04-10,JUNCTION,PIZZA INN,10514.886390074682,10977.75,462.8636099253181,4.401983937384516,572.0,19.19187062937063,2022,4,April,2,Sunday,True,14
2022-04-10,JUNCTION,CREAMY INN,860.2700625192788,1236.0,375.7299374807212,43.67581226532582,248.0,4.983870967741935,2022,4,April,2,Sunday,True,14
2022-04-10,JUNCTION,GALITOS,1983.5728252240967,1969.0,-14.572825224096732,-0.7346755833101489,176.0,11.1875,2022,4,April,2,Sunday,True,14
2022-04-10,Bon Marche,CHICKEN INN,1351.2999512093802,1428.0,76.7000487906198,5.676019504180042,136.0,10.5,2022,4,April,2,Sunday,True,14
2022-04-10,Bon Marche,PIZZA INN,3732.932816630717,3847.25,114.3171833692827,3.0623959493721475,225.0,17.09888888888889,2022,4,April,2,Sunday,True,14
2022-04-10,Bon Marche,CREAMY INN,577.9533492660465,955.25,377.2966507339535,65.28150606153409,266.0,3.5911654135338344,2022,4,April,2,Sunday,True,14
2022-04-10,Bon Marche,GALITOS,755.9574928637584,1043.25,287.2925071362416,38.00379119835229,89.0,11.72191011235955,2022,4,April,2,Sunday,True,14
2022-04-10,OASIS,CHICKEN INN,1405.3062031416894,1367.25,-38.056203141689366,-2.708036373611052,167.0,8.187125748502995,2022,4,April,2,Sunday,True,14
2022-04-10,OASIS,PIZZA INN,4064.9568139808966,4284.25,219.29318601910336,5.394723635559242,277.0,15.466606498194944,2022,4,April,2,Sunday,True,14
2022-04-10,OASIS,CREAMY INN,308.94518421748245,565.0,256.05481578251755,82.88033892843183,133.0,4.24812030075188,2022,4,April,2,Sunday,True,14
2022-04-10,TATARAFEL,CHICKEN INN,1451.0856243100532,1923.25,472.1643756899469,32.538698459951085,195.0,9.862820512820512,2022,4,April,2,Sunday,True,14
2022-04-10,TATARAFEL,PIZZA INN,3544.178125568093,3779.0,234.82187443190696,6.625566382735562,240.0,15.745833333333334,2022,4,April,2,Sunday,True,14
2022-04-10,TATARAFEL,CREAMY INN,240.0,511.5,271.5,113.125,114.0,4.4868421052631575,2022,4,April,2,Sunday,True,14
2022-04-11,LA PIAZZA,CHICKEN INN,1079.645966509239,1435.5,355.8540334907609,32.96025220576006,193.0,7.437823834196891,2022,4,April,2,Monday,False,15
2022-04-11,LA PIAZZA,PIZZA INN,1642.093583288861,1901.5,259.40641671113895,15.79729799513544,155.0,12.26774193548387,2022,4,April,2,Monday,False,15
2022-04-11,LA PIAZZA,CREAMY INN,535.4129823551193,565.75,30.33701764488069,5.666096759820307,144.0,3.9288194444444446,2022,4,April,2,Monday,False,15
2022-04-11,LA PIAZZA,GALITOS,563.5645201201766,621.5,57.93547987982345,10.280185819268588,77.0,8.071428571428571,2022,4,April,2,Monday,False,15
2022-04-11,CARREFOUR,CHICKEN INN,1181.7540166365957,1416.5,234.74598336340452,19.864200168451127,152.0,9.31907894736842,2022,4,April,2,Monday,False,15
2022-04-11,CARREFOUR,PIZZA INN,2250.423930652977,2362.0,111.5760693470229,4.95800226025184,164.0,14.402439024390244,2022,4,April,2,Monday,False,15
2022-04-11,CARREFOUR,CREAMY INN,741.984225674958,803.25,61.265774325042,8.257018438540333,194.0,4.140463917525773,2022,4,April,2,Monday,False,15
2022-04-11,CARREFOUR,GALITOS,658.7069326113616,688.5,29.79306738863841,4.5229624759720535,80.0,8.60625,2022,4,April,2,Monday,False,15
2022-04-11,ALILAC,CHICKEN INN,558.0206011289708,484.75,-73.27060112897084,-13.130447331287035,68.0,7.128676470588236,2022,4,April,2,Monday,False,15
2022-04-11,ALILAC,PIZZA INN,1105.3893751575054,1385.25,279.86062484249464,25.31783199043484,94.0,14.736702127659576,2022,4,April,2,Monday,False,15
2022-04-11,ALILAC,CREAMY INN,160.1660631306874,154.0,-6.166063130687405,-3.849793776635572,35.0,4.4,2022,4,April,2,Monday,False,15
2022-04-11,KOLWEZI,CHICKEN INN,942.9376182513788,547.0,-395.9376182513787,-41.98979981153168,50.0,10.94,2022,4,April,2,Monday,False,15
2022-04-11,KOLWEZI,PIZZA INN,1504.425952254341,1182.0,-322.4259522543409,-21.43182599124899,64.0,18.46875,2022,4,April,2,Monday,False,15
2022-04-11,KOLWEZI,CREAMY INN,443.9791716479857,309.0,-134.9791716479857,-30.4021405209084,59.0,5.237288135593221,2022,4,April,2,Monday,False,15
2022-04-11,KOLWEZI,GALITOS,480.22058935901725,672.5,192.27941064098275,40.03980980857798,54.0,12.453703703703704,2022,4,April,2,Monday,False,15
2022-04-11,JUNCTION,CHICKEN INN,1784.072491808471,1819.25,35.17750819152889,1.9717532977525087,191.0,9.524869109947645,2022,4,April,2,Monday,False,15
2022-04-11,JUNCTION,PIZZA INN,3493.561358049222,3774.75,281.1886419507782,8.04876780832588,253.0,14.9199604743083,2022,4,April,2,Monday,False,15
2022-04-11,JUNCTION,CREAMY INN,277.6708882886802,419.25,141.5791117113198,50.98810054733834,84.0,4.991071428571429,2022,4,April,2,Monday,False,15
2022-04-11,JUNCTION,GALITOS,1009.6788259691184,1069.75,60.07117403088148,5.949532909459942,121.0,8.840909090909092,2022,4,April,2,Monday,False,15
2022-04-11,Bon Marche,CHICKEN INN,583.8494739329354,554.5,-29.34947393293544,-5.02689053314223,53.0,10.462264150943396,2022,4,April,2,Monday,False,15
2022-04-11,Bon Marche,PIZZA INN,1240.2635041958158,1511.25,270.9864958041842,21.849106652532782,102.0,14.816176470588236,2022,4,April,2,Monday,False,15
2022-04-11,Bon Marche,CREAMY INN,186.54702386150345,379.5,192.95297613849652,103.43396112379098,83.0,4.572289156626506,2022,4,April,2,Monday,False,15
2022-04-11,Bon Marche,GALITOS,384.797706527869,273.5,-111.29770652786902,-28.923692797479884,23.0,11.891304347826088,2022,4,April,2,Monday,False,15
2022-04-11,OASIS,CHICKEN INN,899.408152986001,719.25,-180.15815298600103,-20.030744927971,92.0,7.817934782608695,2022,4,April,2,Monday,False,15
2022-04-11,OASIS,PIZZA INN,2191.6366816332,1902.25,-289.38668163320017,-13.204135706359423,149.0,12.766778523489933,2022,4,April,2,Monday,False,15
2022-04-11,OASIS,CREAMY INN,74.39482696875831,218.0,143.6051730312417,193.03112713945535,73.0,2.9863013698630136,2022,4,April,2,Monday,False,15
2022-04-11,TATARAFEL,CHICKEN INN,928.7073794077996,827.5,-101.20737940779952,-10.897660732741835,98.0,8.443877551020408,2022,4,April,2,Monday,False,15
2022-04-11,TATARAFEL,PIZZA INN,1910.856902469797,1466.5,-444.356902469797,-23.254326469735247,100.0,14.665,2022,4,April,2,Monday,False,15
2022-04-11,TATARAFEL,CREAMY INN,100.0,140.0,40.0,40.0,46.0,3.0434782608695654,2022,4,April,2,Monday,False,15
2022-04-12,LA PIAZZA,CHICKEN INN,836.6227726324996,1479.0,642.3772273675004,76.78218288825795,173.0,8.54913294797688,2022,4,April,2,Tuesday,False,15
2022-04-12,LA PIAZZA,PIZZA INN,4384.827286118348,4639.5,254.67271388165227,5.8080443598748985,269.0,17.24721189591078,2022,4,April,2,Tuesday,False,15
2022-04-12,LA PIAZZA,CREAMY INN,465.2652921535127,520.25,54.98470784648731,11.817925981967573,134.0,3.882462686567164,2022,4,April,2,Tuesday,False,15
2022-04-12,LA PIAZZA,GALITOS,514.6884855883369,573.5,58.8115144116631,11.426623299030297,89.0,6.443820224719101,2022,4,April,2,Tuesday,False,15
2022-04-12,CARREFOUR,CHICKEN INN,1184.5995596576322,1784.25,599.6504403423678,50.62051859243272,207.0,8.619565217391305,2022,4,April,2,Tuesday,False,15
2022-04-12,CARREFOUR,PIZZA INN,5953.71222275342,7712.0,1758.28777724658,29.53262958405844,454.0,16.986784140969164,2022,4,April,2,Tuesday,False,15
2022-04-12,CARREFOUR,CREAMY INN,735.1538700223715,927.0,191.8461299776285,26.096051153453143,216.0,4.291666666666667,2022,4,April,2,Tuesday,False,15
2022-04-12,CARREFOUR,GALITOS,609.752448514564,945.0,335.247551485436,54.98092747345952,100.0,9.45,2022,4,April,2,Tuesday,False,15
2022-04-12,ALILAC,CHICKEN INN,432.41280659068593,534.25,101.83719340931408,23.550919828725448,66.0,8.094696969696969,2022,4,April,2,Tuesday,False,15
2022-04-12,ALILAC,PIZZA INN,2951.684083843907,2790.25,-161.43408384390705,-5.469219579680605,165.0,16.91060606060606,2022,4,April,2,Tuesday,False,15
2022-04-12,ALILAC,CREAMY INN,139.18173935153317,208.5,69.31826064846683,49.80413448734736,43.0,4.848837209302325,2022,4,April,2,Tuesday,False,15
2022-04-12,KOLWEZI,CHICKEN INN,945.2081157670332,419.5,-525.7081157670333,-55.61823972918629,43.0,9.755813953488373,2022,4,April,2,Tuesday,False,15
2022-04-12,KOLWEZI,PIZZA INN,3980.103063321588,2191.5,-1788.6030633215878,-44.93861176119677,120.0,18.2625,2022,4,April,2,Tuesday,False,15
2022-04-12,KOLWEZI,CREAMY INN,439.8921094979273,326.25,-113.64210949792732,-25.83408682361528,65.0,5.019230769230769,2022,4,April,2,Tuesday,False,15
2022-04-12,KOLWEZI,GALITOS,444.5310436128802,668.25,223.71895638711976,50.32695907328923,56.0,11.933035714285714,2022,4,April,2,Tuesday,False,15
2022-04-12,JUNCTION,CHICKEN INN,1550.3752571419986,2229.5,679.1247428580014,43.80389455581981,270.0,8.257407407407408,2022,4,April,2,Tuesday,False,15
2022-04-12,JUNCTION,PIZZA INN,5604.528297064709,7243.75,1639.2217029352914,29.248165341475936,485.0,14.935567010309278,2022,4,April,2,Tuesday,False,15
2022-04-12,JUNCTION,CREAMY INN,256.1752169686466,568.0,311.8247830313534,121.72324345860424,146.0,3.8904109589041096,2022,4,April,2,Tuesday,False,15
2022-04-12,JUNCTION,GALITOS,864.3029674429226,705.75,-158.55296744292264,-18.344605238601503,117.0,6.032051282051282,2022,4,April,2,Tuesday,False,15
2022-04-12,Bon Marche,CHICKEN INN,507.3705146159338,638.5,131.1294853840662,25.84491640853977,61.0,10.4672131147541,2022,4,April,2,Tuesday,False,15
2022-04-12,Bon Marche,PIZZA INN,1989.6865097464672,2270.5,280.8134902535328,14.113453997801646,154.0,14.743506493506494,2022,4,April,2,Tuesday,False,15
2022-04-12,Bon Marche,CREAMY INN,172.10563414516997,402.75,230.64436585483003,134.01325703276106,99.0,4.068181818181818,2022,4,April,2,Tuesday,False,15
2022-04-12,Bon Marche,GALITOS,329.39365574795187,355.75,26.35634425204813,8.001472946466127,45.0,7.905555555555556,2022,4,April,2,Tuesday,False,15
2022-04-12,OASIS,CHICKEN INN,684.0740642081132,792.0,107.9259357918868,15.776937240972916,78.0,10.153846153846152,2022,4,April,2,Tuesday,False,15
2022-04-12,OASIS,PIZZA INN,2637.8505893520805,2465.5,-172.35058935208053,-6.533751003479464,183.0,13.472677595628417,2022,4,April,2,Tuesday,False,15
2022-04-12,OASIS,CREAMY INN,76.97798068295131,252.5,175.5220193170487,228.01587903425272,58.0,4.353448275862069,2022,4,April,2,Tuesday,False,15
2022-04-12,TATARAFEL,CHICKEN INN,706.358541872644,759.75,53.39145812735603,7.558690801106286,97.0,7.832474226804123,2022,4,April,2,Tuesday,False,15
2022-04-12,TATARAFEL,PIZZA INN,2299.9044725749163,2429.75,129.84552742508367,5.645692200411777,148.0,16.41722972972973,2022,4,April,2,Tuesday,False,15
2022-04-12,TATARAFEL,CREAMY INN,148.0,189.0,41.0,27.7027027027027,54.0,3.5,2022,4,April,2,Tuesday,False,15
2022-04-13,LA PIAZZA,CHICKEN INN,973.855942572569,1129.25,155.394057427431,15.956575365442356,148.0,7.630067567567567,2022,4,April,2,Wednesday,False,15
2022-04-13,LA PIAZZA,PIZZA INN,1709.4797130566544,1793.5,84.02028694334558,4.914962505937679,167.0,10.739520958083832,2022,4,April,2,Wednesday,False,15
2022-04-13,LA PIAZZA,CREAMY INN,407.643975202193,339.75,-67.89397520219302,-16.65521369928682,94.0,3.61436170212766,2022,4,April,2,Wednesday,False,15
2022-04-13,LA PIAZZA,GALITOS,583.234143773234,667.75,84.515856226766,14.490896517132995,98.0,6.813775510204081,2022,4,April,2,Wednesday,False,15
2022-04-13,CARREFOUR,CHICKEN INN,1305.8196923538012,1667.0,361.1803076461988,27.659278670790638,158.0,10.550632911392404,2022,4,April,2,Wednesday,False,15
2022-04-13,CARREFOUR,PIZZA INN,2150.923321629288,2698.25,547.3266783707122,25.44612691986256,206.0,13.098300970873789,2022,4,April,2,Wednesday,False,15
2022-04-13,CARREFOUR,CREAMY INN,803.8162444812044,755.5,-48.31624448120442,-6.010856935640618,165.0,4.578787878787879,2022,4,April,2,Wednesday,False,15
2022-04-13,CARREFOUR,GALITOS,495.18357735608976,914.0,418.81642264391024,84.57801142761579,80.0,11.425,2022,4,April,2,Wednesday,False,15
2022-04-13,ALILAC,CHICKEN INN,503.3424801691371,503.25,-0.0924801691371044,-0.0183732096496263,64.0,7.86328125,2022,4,April,2,Wednesday,False,15
2022-04-13,ALILAC,PIZZA INN,1150.7509261898867,1258.75,107.99907381011326,9.385095536502936,91.0,13.832417582417582,2022,4,April,2,Wednesday,False,15
2022-04-13,ALILAC,CREAMY INN,121.9446162472279,137.5,15.555383752772102,12.756105379212029,37.0,3.716216216216216,2022,4,April,2,Wednesday,False,15
2022-04-13,KOLWEZI,CHICKEN INN,1041.9313099339215,841.5,-200.4313099339217,-19.23651857113622,77.0,10.928571428571429,2022,4,April,2,Wednesday,False,15
2022-04-13,KOLWEZI,PIZZA INN,1437.909018959503,1448.75,10.8409810404969,0.7539406803597094,91.0,15.92032967032967,2022,4,April,2,Wednesday,False,15
2022-04-13,KOLWEZI,CREAMY INN,480.9774359519845,310.25,-170.7274359519845,-35.495934567921815,49.0,6.331632653061225,2022,4,April,2,Wednesday,False,15
2022-04-13,KOLWEZI,GALITOS,361.0062951912924,690.5,329.4937048087076,91.2709028063107,58.0,11.905172413793103,2022,4,April,2,Wednesday,False,15
2022-04-13,JUNCTION,CHICKEN INN,1820.792596020936,2463.25,642.4574039790639,35.28449123656677,242.0,10.178719008264462,2022,4,April,2,Wednesday,False,15
2022-04-13,JUNCTION,PIZZA INN,3336.777941839776,5359.0,2022.222058160224,60.60403459288172,339.0,15.808259587020649,2022,4,April,2,Wednesday,False,15
2022-04-13,JUNCTION,CREAMY INN,261.4937335839127,647.5,386.0062664160873,147.61587634459275,116.0,5.581896551724138,2022,4,April,2,Wednesday,False,15
2022-04-13,JUNCTION,GALITOS,890.1475645142464,922.5,32.35243548575363,3.634502499976884,101.0,9.133663366336634,2022,4,April,2,Wednesday,False,15
2022-04-13,Bon Marche,CHICKEN INN,595.8663698974475,548.25,-47.6163698974475,-7.991115508942482,57.0,9.61842105263158,2022,4,April,2,Wednesday,False,15
2022-04-13,Bon Marche,PIZZA INN,1184.603182461464,1213.0,28.39681753853597,2.3971586400376514,89.0,13.629213483146067,2022,4,April,2,Wednesday,False,15
2022-04-13,Bon Marche,CREAMY INN,175.67876149766485,290.0,114.32123850233516,65.07402347770692,81.0,3.580246913580247,2022,4,April,2,Wednesday,False,15
2022-04-13,Bon Marche,GALITOS,339.2432647754927,235.75,-103.49326477549272,-30.5070949143186,28.0,8.419642857142858,2022,4,April,2,Wednesday,False,15
2022-04-13,OASIS,CHICKEN INN,878.0879461763092,685.75,-192.3379461763092,-21.90417793728489,80.0,8.571875,2022,4,April,2,Wednesday,False,15
2022-04-13,OASIS,PIZZA INN,1639.5766841763525,2035.5,395.9233158236475,24.147898640223776,162.0,12.564814814814817,2022,4,April,2,Wednesday,False,15
2022-04-13,OASIS,CREAMY INN,172.03803736525362,132.5,-39.538037365253615,-22.98214858224085,40.0,3.3125,2022,4,April,2,Wednesday,False,15
2022-04-13,TATARAFEL,CHICKEN INN,906.6926430181802,871.0,-35.692643018180206,-3.9365757837592303,90.0,9.677777777777775,2022,4,April,2,Wednesday,False,15
2022-04-13,TATARAFEL,PIZZA INN,1429.5236296885791,1568.5,138.97637031142085,9.72186590169879,110.0,14.25909090909091,2022,4,April,2,Wednesday,False,15
2022-04-13,TATARAFEL,CREAMY INN,110.0,245.0,135.0,122.72727272727272,66.0,3.712121212121212,2022,4,April,2,Wednesday,False,15
2022-04-14,LA PIAZZA,CHICKEN INN,1107.8566395590178,1127.25,19.39336044098218,1.7505297841335956,153.0,7.367647058823529,2022,4,April,2,Thursday,False,15
2022-04-14,LA PIAZZA,PIZZA INN,2263.9375176372705,3232.25,968.3124823627296,42.77116637800572,224.0,14.4296875,2022,4,April,2,Thursday,False,15
2022-04-14,LA PIAZZA,CREAMY INN,499.265448118577,406.5,-92.76544811857708,-18.58038613890721,114.0,3.5657894736842106,2022,4,April,2,Thursday,False,15
2022-04-14,LA PIAZZA,GALITOS,602.9037674262916,710.5,107.59623257370843,17.84633607997195,86.0,8.261627906976743,2022,4,April,2,Thursday,False,15
2022-04-14,CARREFOUR,CHICKEN INN,1396.8770690269798,1755.0,358.1229309730202,25.637397800686728,168.0,10.446428571428571,2022,4,April,2,Thursday,False,15
2022-04-14,CARREFOUR,PIZZA INN,3411.233275322368,5059.25,1648.0167246776325,48.3114636750221,296.0,17.09206081081081,2022,4,April,2,Thursday,False,15
2022-04-14,CARREFOUR,CREAMY INN,836.0201539651624,812.0,-24.02015396516242,-2.873154893603601,163.0,4.98159509202454,2022,4,April,2,Thursday,False,15
2022-04-14,CARREFOUR,GALITOS,752.7713078130619,736.25,-16.521307813061867,-2.194731340260468,65.0,11.326923076923077,2022,4,April,2,Thursday,False,15
2022-04-14,ALILAC,CHICKEN INN,572.6014333849265,856.25,283.6485666150735,49.53682440826046,92.0,9.307065217391305,2022,4,April,2,Thursday,False,15
2022-04-14,ALILAC,PIZZA INN,1523.9889513510602,2172.75,648.7610486489398,42.56993123695512,143.0,15.194055944055943,2022,4,April,2,Thursday,False,15
2022-04-14,ALILAC,CREAMY INN,149.35271261183752,158.0,8.647287388162482,5.78984287391986,36.0,4.388888888888889,2022,4,April,2,Thursday,False,15
2022-04-14,KOLWEZI,CHICKEN INN,1114.587230434871,631.5,-483.08723043487066,-43.34225417658768,62.0,10.185483870967742,2022,4,April,2,Thursday,False,15
2022-04-14,KOLWEZI,PIZZA INN,2280.436054152461,2030.75,-249.6860541524611,-10.949048700480162,105.0,19.340476190476192,2022,4,April,2,Thursday,False,15
2022-04-14,KOLWEZI,CREAMY INN,500.24720552627446,301.25,-198.99720552627448,-39.779773545546085,62.0,4.858870967741935,2022,4,April,2,Thursday,False,15
2022-04-14,KOLWEZI,GALITOS,548.7968369445267,610.25,61.45316305547328,11.197798332369956,61.0,10.004098360655735,2022,4,April,2,Thursday,False,15
2022-04-14,JUNCTION,CHICKEN INN,1539.359225878259,2017.5,478.14077412174106,31.06102630780965,266.0,7.584586466165414,2022,4,April,2,Thursday,False,15
2022-04-14,JUNCTION,PIZZA INN,5671.564836281663,8135.25,2463.685163718337,43.43924886404992,481.0,16.91320166320166,2022,4,April,2,Thursday,False,15
2022-04-14,JUNCTION,CREAMY INN,285.6486632115792,522.5,236.85133678842084,82.91701215243766,134.0,3.899253731343284,2022,4,April,2,Thursday,False,15
2022-04-14,JUNCTION,GALITOS,936.3696323533444,1557.0,620.6303676466555,66.28048862358418,153.0,10.176470588235292,2022,4,April,2,Thursday,False,15
2022-04-14,Bon Marche,CHICKEN INN,503.7654458265801,603.5,99.7345541734199,19.79781563020368,68.0,8.875,2022,4,April,2,Thursday,False,15
2022-04-14,Bon Marche,PIZZA INN,2013.4854256712772,2451.75,438.2645743287226,21.76646370224454,159.0,15.419811320754716,2022,4,April,2,Thursday,False,15
2022-04-14,Bon Marche,CREAMY INN,191.90671489024572,290.75,98.84328510975423,51.50590231628121,94.0,3.0930851063829787,2022,4,April,2,Thursday,False,15
2022-04-14,Bon Marche,GALITOS,356.858911690133,358.75,1.8910883098669728,0.5299260430152963,44.0,8.153409090909092,2022,4,April,2,Thursday,False,15
2022-04-14,OASIS,CHICKEN INN,473.0040167921638,559.0,85.99598320783622,18.18081457131104,74.0,7.554054054054054,2022,4,April,2,Thursday,False,15
2022-04-14,OASIS,PIZZA INN,2497.241323082527,2505.25,8.008676917473167,0.3207009608341525,188.0,13.325797872340424,2022,4,April,2,Thursday,False,15
2022-04-14,OASIS,CREAMY INN,137.94040833790604,199.5,61.559591662093965,44.62767103841999,59.0,3.3813559322033897,2022,4,April,2,Thursday,False,15
2022-04-14,TATARAFEL,CHICKEN INN,488.4126516154124,773.75,285.33734838458764,58.42136714535171,104.0,7.439903846153846,2022,4,April,2,Thursday,False,15
2022-04-14,TATARAFEL,PIZZA INN,2177.3092499022573,2740.25,562.9407500977427,25.85488258606415,186.0,14.73252688172043,2022,4,April,2,Thursday,False,15
2022-04-14,TATARAFEL,CREAMY INN,186.0,241.0,55.0,29.56989247311828,64.0,3.765625,2022,4,April,2,Thursday,False,15
2022-04-15,LA PIAZZA,CHICKEN INN,1111.676834867842,1313.25,201.573165132158,18.13235274945001,141.0,9.313829787234043,2022,4,April,2,Friday,False,15
2022-04-15,LA PIAZZA,PIZZA INN,1765.0437147950104,2170.0,404.9562852049896,22.94313063243426,181.0,11.988950276243092,2022,4,April,2,Friday,False,15
2022-04-15,LA PIAZZA,CREAMY INN,294.54871957103154,496.0,201.4512804289685,68.3931950959942,121.0,4.099173553719008,2022,4,April,2,Friday,False,15
2022-04-15,LA PIAZZA,GALITOS,908.080958649486,855.25,-52.83095864948598,-5.81786878650744,91.0,9.398351648351648,2022,4,April,2,Friday,False,15
2022-04-15,CARREFOUR,CHICKEN INN,1317.770973042156,1511.0,193.2290269578441,14.66332396985213,165.0,9.157575757575758,2022,4,April,2,Friday,False,15
2022-04-15,CARREFOUR,PIZZA INN,3600.937405214096,4108.75,507.8125947859039,14.10223332542798,259.0,15.863899613899614,2022,4,April,2,Friday,False,15
2022-04-15,CARREFOUR,CREAMY INN,1009.8161827838808,847.25,-162.56618278388066,-16.098591561061646,197.0,4.300761421319797,2022,4,April,2,Friday,False,15
2022-04-15,CARREFOUR,GALITOS,1378.3122182143418,1677.25,298.9377817856582,21.68868401768534,113.0,14.8429203539823,2022,4,April,2,Friday,False,15
2022-04-15,ALILAC,CHICKEN INN,574.575921086254,697.5,122.92407891374604,21.3938792773206,63.0,11.071428571428571,2022,4,April,2,Friday,False,15
2022-04-15,ALILAC,PIZZA INN,1188.1543103744818,1811.5,623.3456896255182,52.46336138182694,133.0,13.6203007518797,2022,4,April,2,Friday,False,15
2022-04-15,ALILAC,CREAMY INN,88.11274729716293,152.75,64.63725270283707,73.35743656345882,34.0,4.492647058823529,2022,4,April,2,Friday,False,15
2022-04-15,KOLWEZI,CHICKEN INN,1051.4673994996713,933.5,-117.96739949967127,-11.219311179386514,82.0,11.384146341463415,2022,4,April,2,Friday,False,15
2022-04-15,KOLWEZI,PIZZA INN,2407.254744787401,2185.5,-221.7547447874008,-9.211935100245707,116.0,18.84051724137931,2022,4,April,2,Friday,False,15
2022-04-15,KOLWEZI,CREAMY INN,604.2410833482086,461.25,-142.99108334820858,-23.664574834248157,80.0,5.765625,2022,4,April,2,Friday,False,15
2022-04-15,KOLWEZI,GALITOS,1004.8382262011876,1005.75,0.9117737988125328,0.0907383671359232,69.0,14.576086956521738,2022,4,April,2,Friday,False,15
2022-04-15,JUNCTION,CHICKEN INN,1699.0916792024811,2141.75,442.65832079751885,26.05264484640956,227.0,9.435022026431716,2022,4,April,2,Friday,False,15
2022-04-15,JUNCTION,PIZZA INN,4849.067542868758,6604.75,1755.6824571312418,36.20659934327419,361.0,18.295706371191137,2022,4,April,2,Friday,False,15
2022-04-15,JUNCTION,CREAMY INN,329.9696350054627,436.5,106.53036499453732,32.284899485606815,88.0,4.9602272727272725,2022,4,April,2,Friday,False,15
2022-04-15,JUNCTION,GALITOS,2411.2512056062906,2762.75,351.49879439370943,14.577444008175322,203.0,13.60960591133005,2022,4,April,2,Friday,False,15
2022-04-15,Bon Marche,CHICKEN INN,556.0389432722076,894.5,338.4610567277924,60.87002732866134,55.0,16.263636363636362,2022,4,April,2,Friday,False,15
2022-04-15,Bon Marche,PIZZA INN,1721.4872980387097,1800.75,79.2627019612903,4.604315236690639,108.0,16.67361111111111,2022,4,April,2,Friday,False,15
2022-04-15,Bon Marche,CREAMY INN,221.6827761610364,467.0,245.3172238389636,110.66138203752848,85.0,5.494117647058824,2022,4,April,2,Friday,False,15
2022-04-15,Bon Marche,GALITOS,918.9495807137369,787.25,-131.69958071373685,-14.331534991446146,63.0,12.496031746031743,2022,4,April,2,Friday,False,15
2022-04-15,OASIS,CHICKEN INN,734.6334117853825,758.5,23.866588214617536,3.248775216555217,95.0,7.984210526315789,2022,4,April,2,Friday,False,15
2022-04-15,OASIS,PIZZA INN,2113.289821091862,1850.5,-262.789821091862,-12.435105609702306,132.0,14.018939393939394,2022,4,April,2,Friday,False,15
2022-04-15,OASIS,CREAMY INN,132.77410090952003,159.0,26.22589909047997,19.752270142165614,45.0,3.533333333333333,2022,4,April,2,Friday,False,15
2022-04-15,TATARAFEL,CHICKEN INN,758.5649167394556,1116.75,358.1850832605444,47.2187778997391,115.0,9.710869565217392,2022,4,April,2,Friday,False,15
2022-04-15,TATARAFEL,PIZZA INN,1842.5473872536652,2575.75,733.2026127463346,39.79287685182307,153.0,16.834967320261438,2022,4,April,2,Friday,False,15
2022-04-15,TATARAFEL,CREAMY INN,153.0,181.0,28.0,18.30065359477124,50.0,3.62,2022,4,April,2,Friday,False,15
2022-04-16,LA PIAZZA,CHICKEN INN,1315.9103533011355,1842.5,526.5896466988645,40.01713683442375,210.0,8.773809523809524,2022,4,April,2,Saturday,True,15
2022-04-16,LA PIAZZA,PIZZA INN,2552.397441555544,2660.25,107.852558444456,4.22553935717495,195.0,13.642307692307693,2022,4,April,2,Saturday,True,15
2022-04-16,LA PIAZZA,CREAMY INN,588.3816463849037,522.25,-66.13164638490366,-11.23958348993811,117.0,4.463675213675214,2022,4,April,2,Saturday,True,15
2022-04-16,LA PIAZZA,GALITOS,731.0543457719689,799.5,68.44565422803112,9.36259453539734,103.0,7.762135922330097,2022,4,April,2,Saturday,True,15
2022-04-16,CARREFOUR,CHICKEN INN,1378.3810393902404,1942.75,564.3689606097596,40.94433574473874,187.0,10.38903743315508,2022,4,April,2,Saturday,True,15
2022-04-16,CARREFOUR,PIZZA INN,4033.143175660747,4476.0,442.85682433925285,10.98043895420846,290.0,15.434482758620687,2022,4,April,2,Saturday,True,15
2022-04-16,CARREFOUR,CREAMY INN,905.6949075920148,1024.75,119.05509240798516,13.145165265919273,189.0,5.421957671957672,2022,4,April,2,Saturday,True,15
2022-04-16,CARREFOUR,GALITOS,909.630701882382,1300.25,390.61929811761786,42.94262466177467,100.0,13.0025,2022,4,April,2,Saturday,True,15
2022-04-16,ALILAC,CHICKEN INN,680.1350712725997,941.5,261.3649287274003,38.42838573790361,87.0,10.82183908045977,2022,4,April,2,Saturday,True,15
2022-04-16,ALILAC,PIZZA INN,1718.1682224370438,2296.25,578.0817775629562,33.64523741121268,133.0,17.265037593984964,2022,4,April,2,Saturday,True,15
2022-04-16,ALILAC,CREAMY INN,176.01136884147732,219.75,43.73863115852268,24.849889780651267,40.0,5.49375,2022,4,April,2,Saturday,True,15
2022-04-16,KOLWEZI,CHICKEN INN,1099.8289965831154,621.0,-478.8289965831154,-43.53667688983591,61.0,10.18032786885246,2022,4,April,2,Saturday,True,15
2022-04-16,KOLWEZI,PIZZA INN,2696.187673786853,2029.5,-666.6876737868529,-24.727049985006268,127.0,15.98031496062992,2022,4,April,2,Saturday,True,15
2022-04-16,KOLWEZI,CREAMY INN,541.9383066704903,369.25,-172.6883066704903,-31.86493823096517,82.0,4.503048780487805,2022,4,April,2,Saturday,True,15
2022-04-16,KOLWEZI,GALITOS,663.1528683405262,602.25,-60.9028683405262,-9.183835469630033,42.0,14.339285714285714,2022,4,April,2,Saturday,True,15
2022-04-16,JUNCTION,CHICKEN INN,3092.881920524183,2513.75,-579.131920524183,-18.72466959314216,297.0,8.463804713804715,2022,4,April,2,Saturday,True,15
2022-04-16,JUNCTION,PIZZA INN,6941.154803492533,8249.0,1307.845196507467,18.841896392361225,467.0,17.663811563169165,2022,4,April,2,Saturday,True,15
2022-04-16,JUNCTION,CREAMY INN,724.6478888299953,769.0,44.35211117000472,6.120505124442564,178.0,4.320224719101123,2022,4,April,2,Saturday,True,15
2022-04-16,JUNCTION,GALITOS,1579.9995017257338,1827.75,247.7504982742662,15.680416228211714,146.0,12.518835616438356,2022,4,April,2,Saturday,True,15
2022-04-16,Bon Marche,CHICKEN INN,1012.1659800966148,748.0,-264.16598009661493,-26.099077156436277,69.0,10.840579710144928,2022,4,April,2,Saturday,True,15
2022-04-16,Bon Marche,PIZZA INN,2464.207751757476,2525.25,61.04224824252378,2.477155109953224,155.0,16.29193548387097,2022,4,April,2,Saturday,True,15
2022-04-16,Bon Marche,CREAMY INN,486.8386017774272,545.75,58.911398222572814,12.10080671653599,143.0,3.8164335664335662,2022,4,April,2,Saturday,True,15
2022-04-16,Bon Marche,GALITOS,602.152059587544,657.25,55.09794041245596,9.150170548315716,58.0,11.33189655172414,2022,4,April,2,Saturday,True,15
2022-04-16,OASIS,CHICKEN INN,1331.2946280737592,901.75,-429.5446280737592,-32.2651815019538,118.0,7.641949152542373,2022,4,April,2,Saturday,True,15
2022-04-16,OASIS,PIZZA INN,3163.1896376839027,2360.25,-802.9396376839027,-25.383860269339326,154.0,15.3262987012987,2022,4,April,2,Saturday,True,15
2022-04-16,OASIS,CREAMY INN,258.3153714192997,211.5,-46.81537141929971,-18.12333937468576,74.0,2.858108108108108,2022,4,April,2,Saturday,True,15
2022-04-16,TATARAFEL,CHICKEN INN,1374.6630394146605,1362.0,-12.66303941466026,-0.9211740660498344,144.0,9.458333333333334,2022,4,April,2,Saturday,True,15
2022-04-16,TATARAFEL,PIZZA INN,2757.9401292393745,2251.0,-506.9401292393745,-18.381114363754733,138.0,16.31159420289855,2022,4,April,2,Saturday,True,15
2022-04-16,TATARAFEL,CREAMY INN,138.0,295.0,157.0,113.76811594202898,90.0,3.2777777777777777,2022,4,April,2,Saturday,True,15
2022-04-17,LA PIAZZA,CHICKEN INN,1981.505920569352,2495.0,513.4940794306481,25.91433485513404,241.0,10.352697095435683,2022,4,April,2,Sunday,True,15
2022-04-17,LA PIAZZA,PIZZA INN,2808.346513392865,4163.75,1355.4034866071352,48.26339912625751,280.0,14.870535714285714,2022,4,April,2,Sunday,True,15
2022-04-17,LA PIAZZA,CREAMY INN,507.1391684473288,841.25,334.1108315526712,65.88148822651463,172.0,4.890988372093023,2022,4,April,2,Sunday,True,15
2022-04-17,LA PIAZZA,GALITOS,706.9143531068529,1052.75,345.8356468931471,48.921859539733056,106.0,9.931603773584904,2022,4,April,2,Sunday,True,15
2022-04-17,CARREFOUR,CHICKEN INN,2862.9008334651544,4267.75,1404.8491665348456,49.0708287941104,333.0,12.816066066066066,2022,4,April,2,Sunday,True,15
2022-04-17,CARREFOUR,PIZZA INN,6784.697777802827,9367.3,2582.6022221971725,38.06510336608581,537.0,17.443761638733704,2022,4,April,2,Sunday,True,15
2022-04-17,CARREFOUR,CREAMY INN,1312.568813726383,1661.25,348.68118627361696,26.56479284188621,297.0,5.593434343434343,2022,4,April,2,Sunday,True,15
2022-04-17,CARREFOUR,GALITOS,1572.182227485639,1917.25,345.06777251436097,21.948331846125832,140.0,13.694642857142858,2022,4,April,2,Sunday,True,15
2022-04-17,ALILAC,CHICKEN INN,1024.1515823115544,1661.25,637.0984176884456,62.2074338107731,187.0,8.883689839572192,2022,4,April,2,Sunday,True,15
2022-04-17,ALILAC,PIZZA INN,1890.4625346916157,4052.0,2161.5374653083845,114.33907975653104,228.0,17.771929824561404,2022,4,April,2,Sunday,True,15
2022-04-17,ALILAC,CREAMY INN,151.70809589317116,564.0,412.2919041068288,271.76658020752825,86.0,6.558139534883721,2022,4,April,2,Sunday,True,15
2022-04-17,KOLWEZI,CHICKEN INN,2284.3475505001497,1344.5,-939.8475505001496,-41.14293161276503,103.0,13.053398058252426,2022,4,April,2,Sunday,True,15
2022-04-17,KOLWEZI,PIZZA INN,4535.623389041757,3572.25,-963.373389041757,-21.240153919509822,165.0,21.65,2022,4,April,2,Sunday,True,15
2022-04-17,KOLWEZI,CREAMY INN,785.3983878418815,916.0,130.60161215811854,16.628708968576543,126.0,7.26984126984127,2022,4,April,2,Sunday,True,15
2022-04-17,KOLWEZI,GALITOS,1146.1763016063082,1221.25,75.07369839369176,6.549925896084202,98.0,12.46173469387755,2022,4,April,2,Sunday,True,15
2022-04-17,JUNCTION,CHICKEN INN,3932.4608746963263,5040.75,1108.2891253036737,28.18309350348612,479.0,10.523486430062633,2022,4,April,2,Sunday,True,15
2022-04-17,JUNCTION,PIZZA INN,10232.785688308646,14587.5,4354.714311691354,42.55648895947057,725.0,20.120689655172413,2022,4,April,2,Sunday,True,15
2022-04-17,JUNCTION,CREAMY INN,959.549039337578,1142.5,182.9509606624221,19.066348165876104,270.0,4.231481481481482,2022,4,April,2,Sunday,True,15
2022-04-17,JUNCTION,GALITOS,2092.666845554012,2390.0,297.3331544459884,14.208336844332836,248.0,9.637096774193548,2022,4,April,2,Sunday,True,15
2022-04-17,Bon Marche,CHICKEN INN,1286.9237228280656,1570.0,283.0762771719344,21.996352398405023,141.0,11.134751773049643,2022,4,April,2,Sunday,True,15
2022-04-17,Bon Marche,PIZZA INN,3632.783092881823,4481.25,848.466907118177,23.355837258235617,264.0,16.974431818181817,2022,4,April,2,Sunday,True,15
2022-04-17,Bon Marche,CREAMY INN,644.6517265126178,857.75,213.09827348738224,33.056341078954866,240.0,3.573958333333333,2022,4,April,2,Sunday,True,15
2022-04-17,Bon Marche,GALITOS,797.5342078934741,1124.5,326.9657921065259,40.99708687983932,97.0,11.59278350515464,2022,4,April,2,Sunday,True,15
2022-04-17,OASIS,CHICKEN INN,1422.0577942064474,1948.5,526.4422057935526,37.01974757554237,212.0,9.191037735849056,2022,4,April,2,Sunday,True,15
2022-04-17,OASIS,PIZZA INN,4356.033560760306,5328.75,972.7164392396944,22.33032472481492,297.0,17.94191919191919,2022,4,April,2,Sunday,True,15
2022-04-17,OASIS,CREAMY INN,421.57068615629714,558.5,136.92931384370286,32.480748386982576,143.0,3.905594405594405,2022,4,April,2,Sunday,True,15
2022-04-17,TATARAFEL,CHICKEN INN,1468.3829171876114,2419.75,951.3670828123886,64.79012195501012,246.0,9.836382113821138,2022,4,April,2,Sunday,True,15
2022-04-17,TATARAFEL,PIZZA INN,3797.963807927363,4583.25,785.2861920726368,20.67650540622676,262.0,17.49332061068702,2022,4,April,2,Sunday,True,15
2022-04-17,TATARAFEL,CREAMY INN,262.0,572.0,310.0,118.3206106870229,155.0,3.6903225806451614,2022,4,April,2,Sunday,True,15
2022-04-18,LA PIAZZA,CHICKEN INN,1037.0360957569692,1314.25,277.2139042430308,26.731365029361164,170.0,7.730882352941176,2022,4,April,2,Monday,False,16
2022-04-18,LA PIAZZA,PIZZA INN,1136.6976100304105,1928.25,791.5523899695897,69.63614447543469,161.0,11.976708074534162,2022,4,April,2,Monday,False,16
2022-04-18,LA PIAZZA,CREAMY INN,412.29662812372817,541.25,128.95337187627183,31.27684368002485,149.0,3.63255033557047,2022,4,April,2,Monday,False,16
2022-04-18,LA PIAZZA,GALITOS,536.1462568462176,723.5,187.3537431537824,34.944521343085846,83.0,8.716867469879517,2022,4,April,2,Monday,False,16
2022-04-18,CARREFOUR,CHICKEN INN,1248.908831933065,1571.75,322.8411680669353,25.849858677613867,162.0,9.70216049382716,2022,4,April,2,Monday,False,16
2022-04-18,CARREFOUR,PIZZA INN,1884.8110157247847,2583.5,698.6889842752153,37.0694450767809,192.0,13.455729166666666,2022,4,April,2,Monday,False,16
2022-04-18,CARREFOUR,CREAMY INN,524.7712269670039,590.5,65.72877303299606,12.525224260652706,136.0,4.341911764705882,2022,4,April,2,Monday,False,16
2022-04-18,CARREFOUR,GALITOS,585.6596657653546,800.25,214.5903342346454,36.64079102224215,71.0,11.27112676056338,2022,4,April,2,Monday,False,16
2022-04-18,ALILAC,CHICKEN INN,535.9974690757044,710.5,174.50253092429557,32.55659606475657,80.0,8.88125,2022,4,April,2,Monday,False,16
2022-04-18,ALILAC,PIZZA INN,765.1777424146445,1555.25,790.0722575853555,103.2534290780796,91.0,17.09065934065934,2022,4,April,2,Monday,False,16
2022-04-18,ALILAC,CREAMY INN,123.33643364074324,103.25,-20.08643364074324,-16.28588815795614,22.0,4.693181818181818,2022,4,April,2,Monday,False,16
2022-04-18,KOLWEZI,CHICKEN INN,996.5213596208288,807.0,-189.52135962082863,-19.01829376672273,74.0,10.905405405405403,2022,4,April,2,Monday,False,16
2022-04-18,KOLWEZI,PIZZA INN,1260.010866631903,1019.25,-240.76086663190267,-19.107840496286617,59.0,17.27542372881356,2022,4,April,2,Monday,False,16
2022-04-18,KOLWEZI,CREAMY INN,314.0059944556997,220.5,-93.50599445569968,-29.778410637600626,49.0,4.5,2022,4,April,2,Monday,False,16
2022-04-18,KOLWEZI,GALITOS,426.9665551304882,363.5,-63.46655513048819,-14.864526124555994,35.0,10.385714285714286,2022,4,April,2,Monday,False,16
2022-04-18,JUNCTION,CHICKEN INN,1774.3678928380343,1300.25,-474.1178928380343,-26.72038277697308,170.0,7.648529411764706,2022,4,April,2,Monday,False,16
2022-04-18,JUNCTION,PIZZA INN,3296.82963683702,3486.5,189.6703631629803,5.75311387169372,213.0,16.368544600938968,2022,4,April,2,Monday,False,16
2022-04-18,JUNCTION,CREAMY INN,327.97519127473794,470.5,142.52480872526206,43.45597243843728,92.0,5.114130434782608,2022,4,April,2,Monday,False,16
2022-04-18,JUNCTION,GALITOS,1061.865031593907,881.0,-180.8650315939069,-17.032770287427248,105.0,8.39047619047619,2022,4,April,2,Monday,False,16
2022-04-18,Bon Marche,CHICKEN INN,580.6735799994573,488.75,-91.92357999945727,-15.830508424292905,47.0,10.398936170212766,2022,4,April,2,Monday,False,16
2022-04-18,Bon Marche,PIZZA INN,1170.420971338924,1264.75,94.32902866107588,8.059410329359231,90.0,14.052777777777775,2022,4,April,2,Monday,False,16
2022-04-18,Bon Marche,CREAMY INN,220.3428534038508,187.75,-32.592853403850825,-14.791881334183184,63.0,2.9801587301587302,2022,4,April,2,Monday,False,16
2022-04-18,Bon Marche,GALITOS,404.6863401411727,256.0,-148.68634014117265,-36.741131437573166,32.0,8.0,2022,4,April,2,Monday,False,16
2022-04-18,OASIS,CHICKEN INN,599.0978113523414,520.5,-78.59781135234141,-13.119362124679247,70.0,7.435714285714286,2022,4,April,2,Monday,False,16
2022-04-18,OASIS,PIZZA INN,1750.35188103447,1716.75,-33.6018810344699,-1.919721479923852,127.0,13.51771653543307,2022,4,April,2,Monday,False,16
2022-04-18,OASIS,CREAMY INN,66.12873508334073,138.5,72.37126491665927,109.43996558447884,35.0,3.957142857142857,2022,4,April,2,Monday,False,16
2022-04-18,TATARAFEL,CHICKEN INN,618.614092548304,812.0,193.385907451696,31.261154535789306,84.0,9.666666666666666,2022,4,April,2,Monday,False,16
2022-04-18,TATARAFEL,PIZZA INN,1526.1069508716523,1379.25,-146.85695087165254,-9.622978965384672,105.0,13.135714285714286,2022,4,April,2,Monday,False,16
2022-04-18,TATARAFEL,CREAMY INN,105.0,183.5,78.5,74.76190476190476,57.0,3.219298245614035,2022,4,April,2,Monday,False,16
2022-04-19,LA PIAZZA,CHICKEN INN,975.912970815782,1038.75,62.83702918421807,6.438794345738795,149.0,6.971476510067114,2022,4,April,2,Tuesday,False,16
2022-04-19,LA PIAZZA,PIZZA INN,4781.75523470671,4162.75,-619.0052347067103,-12.94514679910581,264.0,15.767992424242424,2022,4,April,2,Tuesday,False,16
2022-04-19,LA PIAZZA,CREAMY INN,487.4548676254495,468.75,-18.70486762544948,-3.837251172927445,124.0,3.780241935483871,2022,4,April,2,Tuesday,False,16
2022-04-19,LA PIAZZA,GALITOS,596.0492016078017,520.5,-75.5492016078017,-12.674994179006186,69.0,7.543478260869565,2022,4,April,2,Tuesday,False,16
2022-04-19,CARREFOUR,CHICKEN INN,1389.1941028701804,1417.0,27.80589712981964,2.0015847369615627,153.0,9.261437908496733,2022,4,April,2,Tuesday,False,16
2022-04-19,CARREFOUR,PIZZA INN,6845.55898365565,6247.25,-598.3089836556501,-8.74010413297385,379.0,16.483509234828496,2022,4,April,2,Tuesday,False,16
2022-04-19,CARREFOUR,CREAMY INN,763.4492270222041,833.75,70.30077297779587,9.208310191366694,191.0,4.365183246073299,2022,4,April,2,Tuesday,False,16
2022-04-19,CARREFOUR,GALITOS,811.4654274893272,809.0,-2.465427489327226,-0.3038240947559842,65.0,12.446153846153846,2022,4,April,2,Tuesday,False,16
2022-04-19,ALILAC,CHICKEN INN,504.4056658544672,570.25,65.84433414553286,13.053845070116736,70.0,8.146428571428572,2022,4,April,2,Tuesday,False,16
2022-04-19,ALILAC,PIZZA INN,3218.879535758329,2597.25,-621.6295357583294,-19.31198508215937,173.0,15.013005780346822,2022,4,April,2,Tuesday,False,16
2022-04-19,ALILAC,CREAMY INN,145.81963768983707,273.5,127.68036231016292,87.56047150641196,54.0,5.064814814814815,2022,4,April,2,Tuesday,False,16
2022-04-19,KOLWEZI,CHICKEN INN,1108.4568871426031,577.5,-530.9568871426031,-47.90054473939097,55.0,10.5,2022,4,April,2,Tuesday,False,16
2022-04-19,KOLWEZI,PIZZA INN,4576.309579907099,2087.75,-2488.559579907099,-54.379179040540734,116.0,17.997844827586206,2022,4,April,2,Tuesday,False,16
2022-04-19,KOLWEZI,CREAMY INN,456.8231286861615,230.5,-226.32312868616145,-49.54283495607464,58.0,3.974137931034482,2022,4,April,2,Tuesday,False,16
2022-04-19,KOLWEZI,GALITOS,591.586920587801,449.75,-141.83692058780105,-23.975668773554325,34.0,13.227941176470589,2022,4,April,2,Tuesday,False,16
2022-04-19,JUNCTION,CHICKEN INN,1646.634387470389,1838.5,191.86561252961133,11.651986256910456,183.0,10.046448087431694,2022,4,April,2,Tuesday,False,16
2022-04-19,JUNCTION,PIZZA INN,5074.529209459653,6233.75,1159.2207905403466,22.84390812805633,389.0,16.025064267352185,2022,4,April,2,Tuesday,False,16
2022-04-19,JUNCTION,CREAMY INN,356.3406132228234,372.0,15.65938677717662,4.3944995872206825,93.0,4.0,2022,4,April,2,Tuesday,False,16
2022-04-19,JUNCTION,GALITOS,1173.1956035934554,1089.25,-83.94560359345542,-7.155294763834188,112.0,9.725446428571429,2022,4,April,2,Tuesday,False,16
2022-04-19,Bon Marche,CHICKEN INN,538.8719490371905,282.0,-256.87194903719046,-47.668458062466776,33.0,8.545454545454545,2022,4,April,2,Tuesday,False,16
2022-04-19,Bon Marche,PIZZA INN,1801.5293662919485,1659.5,-142.02936629194846,-7.883821876536193,100.0,16.595,2022,4,April,2,Tuesday,False,16
2022-04-19,Bon Marche,CREAMY INN,239.3995326171569,239.25,-0.1495326171568649,-0.0624615326196123,47.0,5.090425531914893,2022,4,April,2,Tuesday,False,16
2022-04-19,Bon Marche,GALITOS,447.11542518288695,386.5,-60.61542518288695,-13.556997090425355,33.0,11.712121212121213,2022,4,April,2,Tuesday,False,16
2022-04-19,OASIS,CHICKEN INN,466.6079547492562,722.0,255.39204525074376,54.73375296140959,81.0,8.91358024691358,2022,4,April,2,Tuesday,False,16
2022-04-19,OASIS,PIZZA INN,2242.743739668444,1826.5,-416.2437396684441,-18.559576482419672,145.0,12.596551724137932,2022,4,April,2,Tuesday,False,16
2022-04-19,OASIS,CREAMY INN,94.54342593946367,138.0,43.45657406053631,45.96467033928053,46.0,3.0,2022,4,April,2,Tuesday,False,16
2022-04-19,TATARAFEL,CHICKEN INN,481.8082306985266,596.0,114.1917693014734,23.700668030497933,81.0,7.358024691358024,2022,4,April,2,Tuesday,False,16
2022-04-19,TATARAFEL,PIZZA INN,1955.4164206736973,1939.0,-16.416420673697303,-0.839535788905842,122.0,15.89344262295082,2022,4,April,2,Tuesday,False,16
2022-04-19,TATARAFEL,CREAMY INN,122.0,155.0,33.0,27.049180327868854,46.0,3.369565217391304,2022,4,April,2,Tuesday,False,16
2022-04-20,LA PIAZZA,CHICKEN INN,926.8381541562712,961.25,34.411845843728884,3.7128214553332697,132.0,7.28219696969697,2022,4,April,2,Wednesday,False,16
2022-04-20,LA PIAZZA,PIZZA INN,1441.1174067884244,1675.5,234.3825932115756,16.263948524076504,148.0,11.320945945945946,2022,4,April,2,Wednesday,False,16
2022-04-20,LA PIAZZA,CREAMY INN,396.5491874662247,270.75,-125.79918746622468,-31.72347629055207,87.0,3.112068965517241,2022,4,April,2,Wednesday,False,16
2022-04-20,LA PIAZZA,GALITOS,545.6830440719425,463.25,-82.4330440719425,-15.106396463562206,67.0,6.914179104477612,2022,4,April,2,Wednesday,False,16
2022-04-20,CARREFOUR,CHICKEN INN,1275.372382028707,1694.75,419.3776179712929,32.88275831284649,160.0,10.5921875,2022,4,April,2,Wednesday,False,16
2022-04-20,CARREFOUR,PIZZA INN,2397.342798664519,2511.5,114.1572013354812,4.761822189095128,173.0,14.517341040462428,2022,4,April,2,Wednesday,False,16
2022-04-20,CARREFOUR,CREAMY INN,749.9935545358708,705.75,-44.24355453587077,-5.899191302150675,170.0,4.151470588235294,2022,4,April,2,Wednesday,False,16
2022-04-20,CARREFOUR,GALITOS,703.5605175168046,871.25,167.68948248319543,23.834407745768672,83.0,10.49698795180723,2022,4,April,2,Wednesday,False,16
2022-04-20,ALILAC,CHICKEN INN,479.0410930758776,636.0,156.95890692412246,32.76522811776004,82.0,7.7560975609756095,2022,4,April,2,Wednesday,False,16
2022-04-20,ALILAC,PIZZA INN,970.1005387451396,1174.5,204.3994612548604,21.06992554805284,83.0,14.150602409638552,2022,4,April,2,Wednesday,False,16
2022-04-20,ALILAC,CREAMY INN,118.62566707807596,106.75,-11.875667078075963,-10.011043453403508,27.0,3.953703703703704,2022,4,April,2,Wednesday,False,16
2022-04-20,KOLWEZI,CHICKEN INN,1017.6369865164168,502.25,-515.3869865164169,-50.6454652636687,50.0,10.045,2022,4,April,2,Wednesday,False,16
2022-04-20,KOLWEZI,PIZZA INN,1602.6423615725,1183.0,-419.6423615725,-26.184404682823327,62.0,19.080645161290324,2022,4,April,2,Wednesday,False,16
2022-04-20,KOLWEZI,CREAMY INN,448.7716929308871,143.5,-305.2716929308871,-68.0238298759856,41.0,3.5,2022,4,April,2,Wednesday,False,16
2022-04-20,KOLWEZI,GALITOS,512.9204349379387,448.25,-64.6704349379387,-12.608278113497963,37.0,12.114864864864863,2022,4,April,2,Wednesday,False,16
2022-04-20,JUNCTION,CHICKEN INN,1543.293522758166,1772.5,229.2064772418339,14.851774718278952,190.0,9.328947368421051,2022,4,April,2,Wednesday,False,16
2022-04-20,JUNCTION,PIZZA INN,3130.1959536405934,3553.5,423.3040463594066,13.52324431533049,229.0,15.517467248908297,2022,4,April,2,Wednesday,False,16
2022-04-20,JUNCTION,CREAMY INN,237.1171990972768,340.0,102.88280090272325,43.389008175875006,86.0,3.953488372093023,2022,4,April,2,Wednesday,False,16
2022-04-20,JUNCTION,GALITOS,955.007562933626,1322.25,367.2424370663739,38.45440091995351,122.0,10.83811475409836,2022,4,April,2,Wednesday,False,16
2022-04-20,Bon Marche,CHICKEN INN,505.05297039420645,200.75,-304.30297039420645,-60.25169402660683,30.0,6.691666666666666,2022,4,April,2,Wednesday,False,16
2022-04-20,Bon Marche,PIZZA INN,1111.2636660401106,794.75,-316.5136660401106,-28.482319337226148,53.0,14.995283018867925,2022,4,April,2,Wednesday,False,16
2022-04-20,Bon Marche,CREAMY INN,159.30192779873002,111.75,-47.55192779873002,-29.85018979733221,39.0,2.8653846153846154,2022,4,April,2,Wednesday,False,16
2022-04-20,Bon Marche,GALITOS,363.9619951234557,254.75,-109.21199512345572,-30.006428304804484,24.0,10.614583333333334,2022,4,April,2,Wednesday,False,16
2022-04-20,OASIS,CHICKEN INN,545.7972943281117,444.75,-101.04729432811166,-18.51370378310561,61.0,7.290983606557377,2022,4,April,2,Wednesday,False,16
2022-04-20,OASIS,PIZZA INN,2038.574934218003,1220.75,-817.8249342180027,-40.11748209450639,112.0,10.899553571428571,2022,4,April,2,Wednesday,False,16
2022-04-20,OASIS,CREAMY INN,83.1775495970145,105.0,21.822450402985496,26.235986162988347,36.0,2.9166666666666665,2022,4,April,2,Wednesday,False,16
2022-04-20,TATARAFEL,CHICKEN INN,563.5772515742556,854.0,290.42274842574443,51.53202114075732,91.0,9.384615384615383,2022,4,April,2,Wednesday,False,16
2022-04-20,TATARAFEL,PIZZA INN,1777.4045383058317,1273.75,-503.65453830583147,-28.33651695217904,100.0,12.7375,2022,4,April,2,Wednesday,False,16
2022-04-20,TATARAFEL,CREAMY INN,100.0,190.0,90.0,90.0,46.0,4.130434782608695,2022,4,April,2,Wednesday,False,16
2022-04-21,LA PIAZZA,CHICKEN INN,1007.0622556415792,700.0,-307.0622556415793,-30.49089109649493,110.0,6.363636363636363,2022,4,April,2,Thursday,False,16
2022-04-21,LA PIAZZA,PIZZA INN,2170.247153003979,2602.0,431.7528469960212,19.894178706715696,190.0,13.694736842105264,2022,4,April,2,Thursday,False,16
2022-04-21,LA PIAZZA,CREAMY INN,393.6860164375877,320.75,-72.93601643758768,-18.526443254849635,106.0,3.025943396226415,2022,4,April,2,Thursday,False,16
2022-04-21,LA PIAZZA,GALITOS,563.2664955193727,694.75,131.4835044806273,23.343036649000386,78.0,8.907051282051283,2022,4,April,2,Thursday,False,16
2022-04-21,CARREFOUR,CHICKEN INN,1100.9405948391495,1553.75,452.8094051608505,41.12932226166183,153.0,10.155228758169937,2022,4,April,2,Thursday,False,16
2022-04-21,CARREFOUR,PIZZA INN,3438.471567042603,4203.0,764.528432957397,22.23454282086621,251.0,16.745019920318725,2022,4,April,2,Thursday,False,16
2022-04-21,CARREFOUR,CREAMY INN,791.001318303744,581.25,-209.75131830374403,-26.51718947239474,151.0,3.8493377483443703,2022,4,April,2,Thursday,False,16
2022-04-21,CARREFOUR,GALITOS,533.8858134745005,649.0,115.11418652549946,21.561574332972523,78.0,8.320512820512821,2022,4,April,2,Thursday,False,16
2022-04-21,ALILAC,CHICKEN INN,520.5053348037516,722.5,201.99466519624843,38.80741496576733,91.0,7.93956043956044,2022,4,April,2,Thursday,False,16
2022-04-21,ALILAC,PIZZA INN,1460.9204790823544,1944.25,483.3295209176456,33.08390345936136,114.0,17.05482456140351,2022,4,April,2,Thursday,False,16
2022-04-21,ALILAC,CREAMY INN,117.76916406668192,126.25,8.48083593331809,7.201236419166708,31.0,4.07258064516129,2022,4,April,2,Thursday,False,16
2022-04-21,KOLWEZI,CHICKEN INN,878.4554888067864,618.75,-259.70548880678643,-29.56387570183512,62.0,9.97983870967742,2022,4,April,2,Thursday,False,16
2022-04-21,KOLWEZI,PIZZA INN,2298.645064641923,1690.0,-608.645064641923,-26.4784274007408,89.0,18.98876404494382,2022,4,April,2,Thursday,False,16
2022-04-21,KOLWEZI,CREAMY INN,473.3094018993422,251.75,-221.55940189934225,-46.81069106386795,58.0,4.340517241379311,2022,4,April,2,Thursday,False,16
2022-04-21,KOLWEZI,GALITOS,389.2215905193903,633.25,244.02840948060972,62.6965244027111,43.0,14.726744186046512,2022,4,April,2,Thursday,False,16
2022-04-21,JUNCTION,CHICKEN INN,1666.568158328584,1615.0,-51.56815832858388,-3.094272386693266,191.0,8.455497382198953,2022,4,April,2,Thursday,False,16
2022-04-21,JUNCTION,PIZZA INN,5319.417791497096,5905.25,585.832208502904,11.013088865464496,370.0,15.960135135135134,2022,4,April,2,Thursday,False,16
2022-04-21,JUNCTION,CREAMY INN,242.8789254304816,483.0,240.1210745695184,98.86451619625906,118.0,4.093220338983051,2022,4,April,2,Thursday,False,16
2022-04-21,JUNCTION,GALITOS,1280.0530722537362,1037.25,-242.80307225373625,-18.968203546923483,118.0,8.790254237288135,2022,4,April,2,Thursday,False,16
2022-04-21,Bon Marche,CHICKEN INN,545.3954068464969,646.25,100.85459315350306,18.492013663380348,70.0,9.232142857142858,2022,4,April,2,Thursday,False,16
2022-04-21,Bon Marche,PIZZA INN,1888.4682632417648,1955.5,67.03173675823518,3.5495294288487425,131.0,14.927480916030534,2022,4,April,2,Thursday,False,16
2022-04-21,Bon Marche,CREAMY INN,163.17281576393276,245.0,81.82718423606724,50.147559109630855,54.0,4.537037037037037,2022,4,April,2,Thursday,False,16
2022-04-21,Bon Marche,GALITOS,487.8397702006038,262.25,-225.58977020060385,-46.2425952086357,36.0,7.284722222222222,2022,4,April,2,Thursday,False,16
2022-04-21,OASIS,CHICKEN INN,700.5210808898755,576.25,-124.27108088987552,-17.739806021542325,75.0,7.683333333333334,2022,4,April,2,Thursday,False,16
2022-04-21,OASIS,PIZZA INN,2850.580475590152,2042.5,-808.0804755901518,-28.34792711554148,156.0,13.092948717948715,2022,4,April,2,Thursday,False,16
2022-04-21,OASIS,CREAMY INN,120.89159382423226,103.5,-17.39159382423226,-14.386106820229696,36.0,2.875,2022,4,April,2,Thursday,False,16
2022-04-21,TATARAFEL,CHICKEN INN,723.3413385160646,654.5,-68.84133851606464,-9.517130412772026,94.0,6.962765957446808,2022,4,April,2,Thursday,False,16
2022-04-21,TATARAFEL,PIZZA INN,2485.380639718055,2055.5,-429.8806397180552,-17.296370336530074,137.0,15.003649635036496,2022,4,April,2,Thursday,False,16
2022-04-21,TATARAFEL,CREAMY INN,137.0,192.5,55.5,40.51094890510949,49.0,3.928571428571429,2022,4,April,2,Thursday,False,16
2022-04-22,LA PIAZZA,CHICKEN INN,826.0437702388327,1299.25,473.20622976116726,57.28585418958488,154.0,8.436688311688311,2022,4,April,2,Friday,False,16
2022-04-22,LA PIAZZA,PIZZA INN,1468.6038544568664,1864.25,395.6461455431336,26.940290558440307,149.0,12.511744966442953,2022,4,April,2,Friday,False,16
2022-04-22,LA PIAZZA,CREAMY INN,422.3177267239577,353.5,-68.81772672395772,-16.295249374871613,95.0,3.721052631578947,2022,4,April,2,Friday,False,16
2022-04-22,LA PIAZZA,GALITOS,683.0723850425408,770.25,87.17761495745924,12.762573464601404,83.0,9.28012048192771,2022,4,April,2,Friday,False,16
2022-04-22,CARREFOUR,CHICKEN INN,1273.0959476118776,1113.5,-159.5959476118776,-12.53605024124488,129.0,8.631782945736434,2022,4,April,2,Friday,False,16
2022-04-22,CARREFOUR,PIZZA INN,2947.446426157469,2715.25,-232.19642615746895,-7.877884534111079,174.0,15.604885057471265,2022,4,April,2,Friday,False,16
2022-04-22,CARREFOUR,CREAMY INN,696.170864590537,670.25,-25.920864590537008,-3.723348090096063,182.0,3.682692307692308,2022,4,April,2,Friday,False,16
2022-04-22,CARREFOUR,GALITOS,997.031115898131,1244.25,247.21888410186895,24.795503385987395,97.0,12.827319587628866,2022,4,April,2,Friday,False,16
2022-04-22,ALILAC,CHICKEN INN,426.9449944947026,614.0,187.0550055052974,43.81243671135681,74.0,8.297297297297296,2022,4,April,2,Friday,False,16
2022-04-22,ALILAC,PIZZA INN,988.6032766662426,1306.75,318.14672333375745,32.181435247373294,87.0,15.020114942528735,2022,4,April,2,Friday,False,16
2022-04-22,ALILAC,CREAMY INN,126.33419418062242,189.0,62.66580581937758,49.60320222550601,35.0,5.4,2022,4,April,2,Friday,False,16
2022-04-22,KOLWEZI,CHICKEN INN,1015.8205885038932,598.75,-417.0705885038932,-41.05750495942963,61.0,9.815573770491802,2022,4,April,2,Friday,False,16
2022-04-22,KOLWEZI,PIZZA INN,1970.3909276791164,1159.25,-811.1409276791164,-41.166497281559394,60.0,19.320833333333333,2022,4,April,2,Friday,False,16
2022-04-22,KOLWEZI,CREAMY INN,416.5659499097897,287.25,-129.31594990978965,-31.04333177922822,59.0,4.86864406779661,2022,4,April,2,Friday,False,16
2022-04-22,KOLWEZI,GALITOS,726.8708531543102,717.25,-9.620853154310224,-1.3235986988004564,54.0,13.282407407407408,2022,4,April,2,Friday,False,16
2022-04-22,JUNCTION,CHICKEN INN,2066.030434868469,1940.25,-125.78043486846946,-6.088024297496715,208.0,9.328125,2022,4,April,2,Friday,False,16
2022-04-22,JUNCTION,PIZZA INN,4070.349213842436,3903.5,-166.84921384243626,-4.099137569695881,263.0,14.842205323193916,2022,4,April,2,Friday,False,16
2022-04-22,JUNCTION,CREAMY INN,417.06034458044377,622.5,205.43965541955623,49.25897609043251,96.0,6.484375,2022,4,April,2,Friday,False,16
2022-04-22,JUNCTION,GALITOS,2685.850049489105,2268.25,-417.6000494891055,-15.548152048493552,166.0,13.664156626506024,2022,4,April,2,Friday,False,16
2022-04-22,Bon Marche,CHICKEN INN,676.122067946153,300.75,-375.372067946153,-55.5183872472046,28.0,10.741071428571429,2022,4,April,2,Friday,False,16
2022-04-22,Bon Marche,PIZZA INN,1445.0313195815286,1484.0,38.96868041847142,2.6967360423548805,83.0,17.879518072289155,2022,4,April,2,Friday,False,16
2022-04-22,Bon Marche,CREAMY INN,280.19273655814004,170.25,-109.94273655814004,-39.23825360666582,46.0,3.7010869565217392,2022,4,April,2,Friday,False,16
2022-04-22,Bon Marche,GALITOS,1023.6016766313584,787.25,-236.35167663135823,-23.090200224093454,50.0,15.745,2022,4,April,2,Friday,False,16
2022-04-22,OASIS,CHICKEN INN,487.01443840996126,502.5,15.485561590038742,3.1796925036960064,65.0,7.730769230769231,2022,4,April,2,Friday,False,16
2022-04-22,OASIS,PIZZA INN,1890.70172061349,1417.0,-473.7017206134899,-25.05428092908195,107.0,13.242990654205608,2022,4,April,2,Friday,False,16
2022-04-22,OASIS,CREAMY INN,172.5546681080922,128.0,-44.55466810809219,-25.8206101269785,30.0,4.266666666666667,2022,4,April,2,Friday,False,16
2022-04-22,TATARAFEL,CHICKEN INN,502.8794783857337,879.25,376.3705216142664,74.84308622464235,107.0,8.217289719626168,2022,4,April,2,Friday,False,16
2022-04-22,TATARAFEL,PIZZA INN,1648.4759830965768,1527.5,-120.97598309657678,-7.338656088233064,99.0,15.429292929292927,2022,4,April,2,Friday,False,16
2022-04-22,TATARAFEL,CREAMY INN,99.0,146.5,47.5,47.97979797979798,59.0,2.483050847457627,2022,4,April,2,Friday,False,16
2022-04-23,LA PIAZZA,CHICKEN INN,1701.456218314778,1876.25,174.79378168522203,10.273187156020274,189.0,9.927248677248675,2022,4,April,2,Saturday,True,16
2022-04-23,LA PIAZZA,PIZZA INN,2737.41374521624,2561.5,-175.91374521623993,-6.426275367531033,210.0,12.197619047619048,2022,4,April,2,Saturday,True,16
2022-04-23,LA PIAZZA,CREAMY INN,854.6565520481448,649.25,-205.4065520481448,-24.03381236075445,166.0,3.911144578313253,2022,4,April,2,Saturday,True,16
2022-04-23,LA PIAZZA,GALITOS,799.3019793560622,583.75,-215.55197935606225,-26.967527282957104,78.0,7.483974358974359,2022,4,April,2,Saturday,True,16
2022-04-23,CARREFOUR,CHICKEN INN,1915.0504531577865,1781.75,-133.30045315778648,-6.96067578470234,189.0,9.427248677248675,2022,4,April,2,Saturday,True,16
2022-04-23,CARREFOUR,PIZZA INN,4508.362230216598,4390.25,-118.11223021659772,-2.61984783354294,278.0,15.79226618705036,2022,4,April,2,Saturday,True,16
2022-04-23,CARREFOUR,CREAMY INN,1011.0976754016268,997.25,-13.847675401626702,-1.3695685133611004,217.0,4.595622119815668,2022,4,April,2,Saturday,True,16
2022-04-23,CARREFOUR,GALITOS,889.1262059256085,1001.5,112.37379407439153,12.638677538179955,75.0,13.353333333333332,2022,4,April,2,Saturday,True,16
2022-04-23,ALILAC,CHICKEN INN,879.4064454373276,976.5,97.09355456267237,11.04080542807346,106.0,9.212264150943396,2022,4,April,2,Saturday,True,16
2022-04-23,ALILAC,PIZZA INN,1842.713533604898,1840.0,-2.7135336048979752,-0.147257484975947,128.0,14.375,2022,4,April,2,Saturday,True,16
2022-04-23,ALILAC,CREAMY INN,255.666148901124,204.0,-51.66614890112399,-20.208443363812428,45.0,4.533333333333333,2022,4,April,2,Saturday,True,16
2022-04-23,KOLWEZI,CHICKEN INN,1528.0448280355836,1027.25,-500.7948280355836,-32.77356912881888,84.0,12.229166666666666,2022,4,April,2,Saturday,True,16
2022-04-23,KOLWEZI,PIZZA INN,3013.8753187418856,2067.5,-946.3753187418856,-31.400612787689614,114.0,18.135964912280706,2022,4,April,2,Saturday,True,16
2022-04-23,KOLWEZI,CREAMY INN,605.0078867534728,330.25,-274.7578867534728,-45.41393472204941,54.0,6.1157407407407405,2022,4,April,2,Saturday,True,16
2022-04-23,KOLWEZI,GALITOS,648.2043675044479,583.25,-64.95436750444787,-10.020661809873127,49.0,11.903061224489797,2022,4,April,2,Saturday,True,16
2022-04-23,JUNCTION,CHICKEN INN,3544.01462942018,2480.75,-1063.26462942018,-30.00169978401404,244.0,10.167008196721312,2022,4,April,2,Saturday,True,16
2022-04-23,JUNCTION,PIZZA INN,6589.828614290214,6615.25,25.42138570978568,0.3857670236621746,367.0,18.025204359673022,2022,4,April,2,Saturday,True,16
2022-04-23,JUNCTION,CREAMY INN,866.9182082883614,539.0,-327.91820828836137,-37.82573778624414,80.0,6.7375,2022,4,April,2,Saturday,True,16
2022-04-23,JUNCTION,GALITOS,1030.8018139601045,1720.0,689.1981860398957,66.86039709147914,116.0,14.827586206896552,2022,4,April,2,Saturday,True,16
2022-04-23,Bon Marche,CHICKEN INN,1159.802130517763,481.0,-678.8021305177631,-58.52740848257709,46.0,10.456521739130435,2022,4,April,2,Saturday,True,16
2022-04-23,Bon Marche,PIZZA INN,2339.482004625002,1825.0,-514.482004625002,-21.99127856542196,115.0,15.869565217391305,2022,4,April,2,Saturday,True,16
2022-04-23,Bon Marche,CREAMY INN,582.4197584566651,292.0,-290.41975845666514,-49.86433826116045,61.0,4.786885245901639,2022,4,April,2,Saturday,True,16
2022-04-23,Bon Marche,GALITOS,392.8478677523014,468.5,75.6521322476986,19.25736104425004,51.0,9.18627450980392,2022,4,April,2,Saturday,True,16
2022-04-23,OASIS,CHICKEN INN,1287.7404913053886,807.5,-480.24049130538856,-37.29326634891837,83.0,9.728915662650602,2022,4,April,2,Saturday,True,16
2022-04-23,OASIS,PIZZA INN,3338.043227103976,2299.25,-1038.7932271039754,-31.119825491451564,156.0,14.738782051282053,2022,4,April,2,Saturday,True,16
2022-04-23,OASIS,CREAMY INN,202.0026204498924,193.5,-8.502620449892362,-4.209163441026486,58.0,3.336206896551724,2022,4,April,2,Saturday,True,16
2022-04-23,TATARAFEL,CHICKEN INN,1329.6900779330092,1229.0,-100.6900779330092,-7.572447114107296,113.0,10.876106194690266,2022,4,April,2,Saturday,True,16
2022-04-23,TATARAFEL,PIZZA INN,2910.3924910131245,1882.25,-1028.1424910131243,-35.32659234752293,122.0,15.42827868852459,2022,4,April,2,Saturday,True,16
2022-04-23,TATARAFEL,CREAMY INN,122.0,213.0,91.0,74.59016393442623,69.0,3.0869565217391304,2022,4,April,2,Saturday,True,16
2022-04-24,LA PIAZZA,CHICKEN INN,1733.7809478509828,1899.5,165.71905214901722,9.55824623372552,188.0,10.10372340425532,2022,4,April,2,Sunday,True,16
2022-04-24,LA PIAZZA,PIZZA INN,3727.516967681626,3376.0,-351.51696768162583,-9.430325085823982,234.0,14.427350427350428,2022,4,April,2,Sunday,True,16
2022-04-24,LA PIAZZA,CREAMY INN,583.0132007062093,902.75,319.7367992937907,54.842120025153896,141.0,6.402482269503546,2022,4,April,2,Sunday,True,16
2022-04-24,LA PIAZZA,GALITOS,765.6251994652214,898.0,132.3748005347786,17.289765361333533,82.0,10.951219512195122,2022,4,April,2,Sunday,True,16
2022-04-24,CARREFOUR,CHICKEN INN,2718.916356600691,3822.25,1103.333643399309,40.57990385473812,303.0,12.614686468646864,2022,4,April,2,Sunday,True,16
2022-04-24,CARREFOUR,PIZZA INN,6918.142605009077,8055.75,1137.6073949909232,16.443826904742313,441.0,18.267006802721088,2022,4,April,2,Sunday,True,16
2022-04-24,CARREFOUR,CREAMY INN,1552.2079332448925,1463.5,-88.7079332448925,-5.714951672708467,270.0,5.42037037037037,2022,4,April,2,Sunday,True,16
2022-04-24,CARREFOUR,GALITOS,1278.9679353037725,1616.0,337.03206469622774,26.351877587625214,119.0,13.579831932773107,2022,4,April,2,Sunday,True,16
2022-04-24,ALILAC,CHICKEN INN,896.1136490639434,1478.5,582.3863509360566,64.9902332750318,142.0,10.411971830985916,2022,4,April,2,Sunday,True,16
2022-04-24,ALILAC,PIZZA INN,2509.210007106993,3543.75,1034.5399928930065,41.22970934926984,228.0,15.542763157894736,2022,4,April,2,Sunday,True,16
2022-04-24,ALILAC,CREAMY INN,174.40542569511348,346.25,171.84457430488652,98.53166759003032,59.0,5.86864406779661,2022,4,April,2,Sunday,True,16
2022-04-24,KOLWEZI,CHICKEN INN,2169.460376208024,1349.75,-819.7103762080237,-37.78406765099746,101.0,13.363861386138614,2022,4,April,2,Sunday,True,16
2022-04-24,KOLWEZI,PIZZA INN,4624.83229697624,4268.5,-356.3322969762403,-7.704761472307088,160.0,26.678125,2022,4,April,2,Sunday,True,16
2022-04-24,KOLWEZI,CREAMY INN,928.7906246262912,620.75,-308.0406246262912,-33.165776705620246,103.0,6.026699029126213,2022,4,April,2,Sunday,True,16
2022-04-24,KOLWEZI,GALITOS,932.4127396503876,1170.75,238.33726034961228,25.561347482122336,68.0,17.216911764705884,2022,4,April,2,Sunday,True,16
2022-04-24,JUNCTION,CHICKEN INN,4360.250088771541,4016.25,-344.0000887715414,-7.889457755127531,391.0,10.271739130434783,2022,4,April,2,Sunday,True,16
2022-04-24,JUNCTION,PIZZA INN,10332.93006934295,10770.0,437.0699306570496,4.229874079510169,570.0,18.894736842105264,2022,4,April,2,Sunday,True,16
2022-04-24,JUNCTION,CREAMY INN,964.424346234905,936.0,-28.424346234904988,-2.9472862589868365,212.0,4.415094339622642,2022,4,April,2,Sunday,True,16
2022-04-24,JUNCTION,GALITOS,1920.7008727332804,2557.5,636.7991272667196,33.154518556578445,194.0,13.18298969072165,2022,4,April,2,Sunday,True,16
2022-04-24,Bon Marche,CHICKEN INN,1426.9205608146308,1251.5,-175.4205608146308,-12.293645885548314,113.0,11.075221238938052,2022,4,April,2,Sunday,True,16
2022-04-24,Bon Marche,PIZZA INN,3668.335759120519,3282.0,-386.33575912051856,-10.531635719548811,202.0,16.247524752475247,2022,4,April,2,Sunday,True,16
2022-04-24,Bon Marche,CREAMY INN,647.9270932524046,496.5,-151.42709325240455,-23.3710080701032,149.0,3.3322147651006717,2022,4,April,2,Sunday,True,16
2022-04-24,Bon Marche,GALITOS,731.9964247486832,690.5,-41.49642474868324,-5.668938173151629,61.0,11.31967213114754,2022,4,April,2,Sunday,True,16
2022-04-24,OASIS,CHICKEN INN,1598.101787577903,1314.0,-284.101787577903,-17.777452586952556,152.0,8.644736842105264,2022,4,April,2,Sunday,True,16
2022-04-24,OASIS,PIZZA INN,4537.8916708248025,3601.5,-936.3916708248024,-20.634949856672204,257.0,14.013618677042802,2022,4,April,2,Sunday,True,16
2022-04-24,OASIS,CREAMY INN,333.7434598737352,452.5,118.75654012626484,35.58318121685257,111.0,4.076576576576577,2022,4,April,2,Sunday,True,16
2022-04-24,TATARAFEL,CHICKEN INN,1650.1617405190398,1934.5,284.33825948096023,17.2309327321772,192.0,10.075520833333334,2022,4,April,2,Sunday,True,16
2022-04-24,TATARAFEL,PIZZA INN,3956.523311789973,3525.25,-431.27331178997247,-10.900310141098595,203.0,17.36576354679803,2022,4,April,2,Sunday,True,16
2022-04-24,TATARAFEL,CREAMY INN,203.0,390.5,187.5,92.36453201970444,120.0,3.254166666666667,2022,4,April,2,Sunday,True,16
2022-04-25,LA PIAZZA,CHICKEN INN,898.6274811064924,1181.25,282.6225188935076,31.45046471820677,147.0,8.035714285714286,2022,4,April,2,Monday,False,17
2022-04-25,LA PIAZZA,PIZZA INN,1817.061078124535,1579.75,-237.31107812453504,-13.06015967110328,128.0,12.341796875,2022,4,April,2,Monday,False,17
2022-04-25,LA PIAZZA,CREAMY INN,478.8653545395384,333.5,-145.36535453953843,-30.356206219870945,99.0,3.3686868686868685,2022,4,April,2,Monday,False,17
2022-04-25,LA PIAZZA,GALITOS,472.3213083380543,795.25,322.9286916619457,68.37055325710949,87.0,9.14080459770115,2022,4,April,2,Monday,False,17
2022-04-25,CARREFOUR,CHICKEN INN,1280.2098051644698,1800.25,520.0401948355302,40.6214819428539,162.0,11.112654320987655,2022,4,April,2,Monday,False,17
2022-04-25,CARREFOUR,PIZZA INN,1859.4176311301972,2843.75,984.3323688698026,52.937669966671365,182.0,15.625,2022,4,April,2,Monday,False,17
2022-04-25,CARREFOUR,CREAMY INN,663.1724296835764,832.0,168.8275703164236,25.457567709347828,188.0,4.425531914893617,2022,4,April,2,Monday,False,17
2022-04-25,CARREFOUR,GALITOS,428.0313530976552,863.75,435.7186469023448,101.79596512009152,93.0,9.28763440860215,2022,4,April,2,Monday,False,17
2022-04-25,ALILAC,CHICKEN INN,464.4602608199218,555.75,91.28973918007812,19.655016129673257,78.0,7.125,2022,4,April,2,Monday,False,17
2022-04-25,ALILAC,PIZZA INN,1223.170244504741,1460.5,237.32975549525892,19.40283918461025,99.0,14.752525252525253,2022,4,April,2,Monday,False,17
2022-04-25,ALILAC,CREAMY INN,143.25012865565492,148.75,5.499871344345081,3.839348275606571,29.0,5.129310344827586,2022,4,April,2,Monday,False,17
2022-04-25,KOLWEZI,CHICKEN INN,1021.4968322930298,523.0,-498.4968322930298,-48.80062439097505,60.0,8.716666666666667,2022,4,April,2,Monday,False,17
2022-04-25,KOLWEZI,PIZZA INN,1243.035190947283,1013.25,-229.78519094728267,-18.48581541542438,49.0,20.678571428571427,2022,4,April,2,Monday,False,17
2022-04-25,KOLWEZI,CREAMY INN,396.8207622242359,171.5,-225.32076222423592,-56.78149524265855,31.0,5.532258064516129,2022,4,April,2,Monday,False,17
2022-04-25,KOLWEZI,GALITOS,312.04995495313574,407.0,94.95004504686426,30.427834883400013,31.0,13.129032258064516,2022,4,April,2,Monday,False,17
2022-04-25,JUNCTION,CHICKEN INN,1748.139246971988,1319.25,-428.8892469719879,-24.53404371046996,152.0,8.679276315789474,2022,4,April,2,Monday,False,17
2022-04-25,JUNCTION,PIZZA INN,3607.1130469269183,2906.0,-701.1130469269183,-19.43695797181161,190.0,15.294736842105262,2022,4,April,2,Monday,False,17
2022-04-25,JUNCTION,CREAMY INN,267.6986696350564,270.8,3.1013303649436352,1.1585154192852596,76.0,3.5631578947368423,2022,4,April,2,Monday,False,17
2022-04-25,JUNCTION,GALITOS,1093.4252607098504,1019.5,-73.92526070985036,-6.760888317310155,90.0,11.327777777777778,2022,4,April,2,Monday,False,17
2022-04-25,Bon Marche,CHICKEN INN,572.0900828819487,375.5,-196.59008288194863,-34.36348378765992,43.0,8.732558139534884,2022,4,April,2,Monday,False,17
2022-04-25,Bon Marche,PIZZA INN,1280.5759536194737,934.5,-346.0759536194737,-27.02502359514952,64.0,14.6015625,2022,4,April,2,Monday,False,17
2022-04-25,Bon Marche,CREAMY INN,179.84741007557554,219.75,39.90258992442446,22.18691384416188,60.0,3.6625,2022,4,April,2,Monday,False,17
2022-04-25,Bon Marche,GALITOS,416.71422808826577,220.25,-196.46422808826577,-47.14603314352203,32.0,6.8828125,2022,4,April,2,Monday,False,17
2022-04-25,OASIS,CHICKEN INN,861.6409294945469,658.5,-203.14092949454687,-23.576053845737437,80.0,8.23125,2022,4,April,2,Monday,False,17
2022-04-25,OASIS,PIZZA INN,1992.396983302909,1738.5,-253.89698330290912,-12.743292899490829,144.0,12.072916666666666,2022,4,April,2,Monday,False,17
2022-04-25,OASIS,CREAMY INN,116.24191713868484,162.0,45.758082861315145,39.36452872393915,48.0,3.375,2022,4,April,2,Monday,False,17
2022-04-25,TATARAFEL,CHICKEN INN,889.7098463747595,672.5,-217.20984637475956,-24.413559910549463,94.0,7.154255319148936,2022,4,April,2,Monday,False,17
2022-04-25,TATARAFEL,PIZZA INN,1737.1426386089065,1266.0,-471.1426386089063,-27.12170135816795,88.0,14.386363636363637,2022,4,April,2,Monday,False,17
2022-04-25,TATARAFEL,CREAMY INN,88.0,168.0,80.0,90.9090909090909,48.0,3.5,2022,4,April,2,Monday,False,17
2022-04-26,LA PIAZZA,CHICKEN INN,1020.2860086336632,891.75,-128.53600863366307,-12.598036976493946,140.0,6.369642857142857,2022,4,April,2,Tuesday,False,17
2022-04-26,LA PIAZZA,PIZZA INN,4086.909659776524,3875.5,-211.40965977652425,-5.17284886077184,231.0,16.77705627705628,2022,4,April,2,Tuesday,False,17
2022-04-26,LA PIAZZA,CREAMY INN,449.1599551174296,485.25,36.09004488257045,8.035009459633367,118.0,4.112288135593221,2022,4,April,2,Tuesday,False,17
2022-04-26,LA PIAZZA,GALITOS,516.7746577939641,598.5,81.72534220603586,15.814502699282787,83.0,7.210843373493976,2022,4,April,2,Tuesday,False,17
2022-04-26,CARREFOUR,CHICKEN INN,1349.3565005756643,1780.0,430.64349942433546,31.914731150782888,187.0,9.518716577540108,2022,4,April,2,Tuesday,False,17
2022-04-26,CARREFOUR,PIZZA INN,6676.646335191164,7581.25,904.6036648088356,13.548773132416263,422.0,17.96504739336493,2022,4,April,2,Tuesday,False,17
2022-04-26,CARREFOUR,CREAMY INN,799.0106471646568,945.5,146.4893528353432,18.33384240312323,207.0,4.567632850241546,2022,4,April,2,Tuesday,False,17
2022-04-26,CARREFOUR,GALITOS,774.8136409665939,944.5,169.68635903340612,21.90028028181323,89.0,10.612359550561798,2022,4,April,2,Tuesday,False,17
2022-04-26,ALILAC,CHICKEN INN,527.3400999237308,761.0,233.6599000762692,44.30914700210802,79.0,9.632911392405065,2022,4,April,2,Tuesday,False,17
2022-04-26,ALILAC,PIZZA INN,2751.1382792796944,2939.5,188.3617207203056,6.846683139810137,189.0,15.552910052910052,2022,4,April,2,Tuesday,False,17
2022-04-26,ALILAC,CREAMY INN,134.36390991244164,186.5,52.13609008755836,38.8021531388398,46.0,4.054347826086956,2022,4,April,2,Tuesday,False,17
2022-04-26,KOLWEZI,CHICKEN INN,1076.669921923438,743.75,-332.9199219234381,-30.921261488264367,70.0,10.625,2022,4,April,2,Tuesday,False,17
2022-04-26,KOLWEZI,PIZZA INN,4463.390156791895,1792.5,-2670.8901567918947,-59.8399436967801,95.0,18.86842105263158,2022,4,April,2,Tuesday,False,17
2022-04-26,KOLWEZI,CREAMY INN,478.1019231822437,209.5,-268.60192318224364,-56.18089159617489,46.0,4.554347826086956,2022,4,April,2,Tuesday,False,17
2022-04-26,KOLWEZI,GALITOS,564.866475343311,356.25,-208.61647534331095,-36.93199799413115,25.0,14.25,2022,4,April,2,Tuesday,False,17
2022-04-26,JUNCTION,CHICKEN INN,1848.8572470976055,1547.25,-301.6072470976057,-16.313171153212522,204.0,7.584558823529412,2022,4,April,2,Tuesday,False,17
2022-04-26,JUNCTION,PIZZA INN,6137.810806998758,6126.75,-11.06080699875838,-0.1802076888089492,373.0,16.425603217158177,2022,4,April,2,Tuesday,False,17
2022-04-26,JUNCTION,CREAMY INN,347.4764188640467,315.5,-31.976418864046707,-9.20247162917774,68.0,4.639705882352941,2022,4,April,2,Tuesday,False,17
2022-04-26,JUNCTION,GALITOS,1235.3220388610605,1147.0,-88.32203886106049,-7.149717732105828,111.0,10.333333333333334,2022,4,April,2,Tuesday,False,17
2022-04-26,Bon Marche,CHICKEN INN,605.0507118131817,481.5,-123.55071181318168,-20.4198936388211,57.0,8.447368421052632,2022,4,April,2,Tuesday,False,17
2022-04-26,Bon Marche,PIZZA INN,2179.00931438914,1669.5,-509.50931438914,-23.382612961981533,101.0,16.52970297029703,2022,4,April,2,Tuesday,False,17
2022-04-26,Bon Marche,CREAMY INN,233.44432036299872,216.0,-17.444320362998724,-7.472582899371183,55.0,3.9272727272727272,2022,4,April,2,Tuesday,False,17
2022-04-26,Bon Marche,GALITOS,470.7923699606293,307.75,-163.04236996062934,-34.63148095927382,37.0,8.317567567567568,2022,4,April,2,Tuesday,False,17
2022-04-26,OASIS,CHICKEN INN,676.4597046332233,520.75,-155.70970463322328,-23.018326674409845,60.0,8.679166666666667,2022,4,April,2,Tuesday,False,17
2022-04-26,OASIS,PIZZA INN,2837.6091410634403,1562.5,-1275.1091410634403,-44.93603867464186,122.0,12.807377049180328,2022,4,April,2,Tuesday,False,17
2022-04-26,OASIS,CREAMY INN,115.20865565300768,59.5,-55.70865565300767,-48.35457486874453,20.0,2.975,2022,4,April,2,Tuesday,False,17
2022-04-26,TATARAFEL,CHICKEN INN,698.4961360192085,528.25,-170.2461360192085,-24.373239484108865,59.0,8.953389830508474,2022,4,April,2,Tuesday,False,17
2022-04-26,TATARAFEL,PIZZA INN,2474.0711173312784,1568.25,-905.8211173312784,-36.61257394687854,106.0,14.794811320754716,2022,4,April,2,Tuesday,False,17
2022-04-26,TATARAFEL,CREAMY INN,106.0,199.0,93.0,87.73584905660378,46.0,4.326086956521739,2022,4,April,2,Tuesday,False,17
2022-04-27,LA PIAZZA,CHICKEN INN,862.7764174390652,783.25,-79.5264174390652,-9.217500134637358,84.0,9.324404761904765,2022,4,April,2,Wednesday,False,17
2022-04-27,LA PIAZZA,PIZZA INN,1422.2020019413246,1334.0,-88.20200194132462,-6.201791434755943,94.0,14.191489361702128,2022,4,April,2,Wednesday,False,17
2022-04-27,LA PIAZZA,CREAMY INN,469.9179450750478,353.25,-116.66794507504778,-24.82730151035527,91.0,3.881868131868132,2022,4,April,2,Wednesday,False,17
2022-04-27,LA PIAZZA,GALITOS,475.05121368141806,478.5,3.448786318581938,0.7259820034676904,61.0,7.844262295081967,2022,4,April,2,Wednesday,False,17
2022-04-27,CARREFOUR,CHICKEN INN,954.6796835578564,1610.75,656.0703164421436,68.7215123293638,171.0,9.419590643274852,2022,4,April,2,Wednesday,False,17
2022-04-27,CARREFOUR,PIZZA INN,2290.586936899518,2278.75,-11.83693689951815,-0.5167643589000964,168.0,13.563988095238097,2022,4,April,2,Wednesday,False,17
2022-04-27,CARREFOUR,CREAMY INN,618.960934371338,746.0,127.039065628662,20.52456925374332,169.0,4.414201183431953,2022,4,April,2,Wednesday,False,17
2022-04-27,CARREFOUR,GALITOS,560.0290458193872,696.75,136.7209541806128,24.41318985171104,66.0,10.556818181818182,2022,4,April,2,Wednesday,False,17
2022-04-27,ALILAC,CHICKEN INN,445.9304531613115,819.5,373.5695468386885,83.77305119898438,92.0,8.907608695652174,2022,4,April,2,Wednesday,False,17
2022-04-27,ALILAC,PIZZA INN,957.3674717886817,1116.75,159.38252821131834,16.647999112977864,81.0,13.787037037037036,2022,4,April,2,Wednesday,False,17
2022-04-27,ALILAC,CREAMY INN,140.5735567450485,167.5,26.926443254951494,19.15470012883482,36.0,4.652777777777778,2022,4,April,2,Wednesday,False,17
2022-04-27,KOLWEZI,CHICKEN INN,761.7519165021372,570.5,-191.2519165021372,-25.106850715957552,58.0,9.836206896551724,2022,4,April,2,Wednesday,False,17
2022-04-27,KOLWEZI,PIZZA INN,1531.2752352249136,696.0,-835.2752352249136,-54.547687836290805,45.0,15.466666666666669,2022,4,April,2,Wednesday,False,17
2022-04-27,KOLWEZI,CREAMY INN,370.3660447426202,204.25,-166.1160447426202,-44.85185591407544,45.0,4.538888888888889,2022,4,April,2,Wednesday,False,17
2022-04-27,KOLWEZI,GALITOS,408.2809290853902,489.0,80.7190709146098,19.77047301607559,37.0,13.216216216216216,2022,4,April,2,Wednesday,False,17
2022-04-27,JUNCTION,CHICKEN INN,2024.064601482795,1231.75,-792.3146014827951,-39.1447289232942,121.0,10.179752066115702,2022,4,April,2,Wednesday,False,17
2022-04-27,JUNCTION,PIZZA INN,3355.9312387589057,3053.5,-302.4312387589057,-9.011842533184652,200.0,15.2675,2022,4,April,2,Wednesday,False,17
2022-04-27,JUNCTION,CREAMY INN,256.6184266865855,391.5,134.8815733134145,52.56114108989871,69.0,5.673913043478261,2022,4,April,2,Wednesday,False,17
2022-04-27,JUNCTION,GALITOS,839.9494048180214,892.25,52.300595181978565,6.2266363761886,87.0,10.255747126436782,2022,4,April,2,Wednesday,False,17
2022-04-27,Bon Marche,CHICKEN INN,662.3884725581393,242.0,-420.38847255813926,-63.465547782648166,33.0,7.333333333333333,2022,4,April,2,Wednesday,False,17
2022-04-27,Bon Marche,PIZZA INN,1191.4028727256955,1033.5,-157.9028727256955,-13.253524591932932,74.0,13.966216216216216,2022,4,April,2,Wednesday,False,17
2022-04-27,Bon Marche,CREAMY INN,172.4033947578779,218.5,46.09660524212211,26.7376435985265,54.0,4.046296296296297,2022,4,April,2,Wednesday,False,17
2022-04-27,Bon Marche,GALITOS,320.1122933950769,271.5,-48.6122933950769,-15.186012658089476,36.0,7.541666666666667,2022,4,April,2,Wednesday,False,17
2022-04-27,OASIS,CHICKEN INN,639.6062042907558,469.75,-169.85620429075584,-26.55637221016412,62.0,7.576612903225806,2022,4,April,2,Wednesday,False,17
2022-04-27,OASIS,PIZZA INN,1615.4500019566688,1410.0,-205.4500019566688,-12.717818670204784,104.0,13.557692307692308,2022,4,April,2,Wednesday,False,17
2022-04-27,OASIS,CREAMY INN,115.72528639584628,121.0,5.274713604153732,4.557961158213264,37.0,3.27027027027027,2022,4,April,2,Wednesday,False,17
2022-04-27,TATARAFEL,CHICKEN INN,660.4420916885807,714.25,53.80790831141928,8.147256055992175,93.0,7.68010752688172,2022,4,April,2,Wednesday,False,17
2022-04-27,TATARAFEL,PIZZA INN,1408.4879180491746,1059.0,-349.4879180491746,-24.812986577352586,83.0,12.759036144578314,2022,4,April,2,Wednesday,False,17
2022-04-27,TATARAFEL,CREAMY INN,83.0,178.5,95.5,115.06024096385543,47.0,3.797872340425532,2022,4,April,2,Wednesday,False,17
2022-04-28,LA PIAZZA,CHICKEN INN,800.4778477874706,982.75,182.27215221252936,22.77041803421938,136.0,7.226102941176471,2022,4,April,2,Thursday,False,17
2022-04-28,LA PIAZZA,PIZZA INN,2169.3604934017712,2905.75,736.3895065982288,33.94500401560726,223.0,13.030269058295964,2022,4,April,2,Thursday,False,17
2022-04-28,LA PIAZZA,CREAMY INN,342.50683430070126,345.0,2.4931656992987428,0.7279170660606109,94.0,3.670212765957447,2022,4,April,2,Thursday,False,17
2022-04-28,LA PIAZZA,GALITOS,514.390460987533,725.5,211.10953901246705,41.04071809713898,88.0,8.244318181818182,2022,4,April,2,Thursday,False,17
2022-04-28,CARREFOUR,CHICKEN INN,1035.777659657406,1661.5,625.722340342594,60.410874332775045,171.0,9.716374269005849,2022,4,April,2,Thursday,False,17
2022-04-28,CARREFOUR,PIZZA INN,3231.178631576583,5040.75,1809.571368423417,56.00344563867322,282.0,17.875,2022,4,April,2,Thursday,False,17
2022-04-28,CARREFOUR,CREAMY INN,804.4569907900775,721.25,-83.2069907900775,-10.34324914105822,170.0,4.242647058823529,2022,4,April,2,Thursday,False,17
2022-04-28,CARREFOUR,GALITOS,599.2438943367173,811.25,212.0061056632827,35.37893463194065,83.0,9.774096385542167,2022,4,April,2,Thursday,False,17
2022-04-28,ALILAC,CHICKEN INN,413.7311152627427,654.5,240.76888473725728,58.1945316306112,84.0,7.791666666666667,2022,4,April,2,Thursday,False,17
2022-04-28,ALILAC,PIZZA INN,1460.3236165687706,2943.75,1483.4263834312294,101.58203062665945,170.0,17.316176470588236,2022,4,April,2,Thursday,False,17
2022-04-28,ALILAC,CREAMY INN,102.45917273801324,88.0,-14.459172738013253,-14.11213105827544,28.0,3.142857142857143,2022,4,April,2,Thursday,False,17
2022-04-28,KOLWEZI,CHICKEN INN,826.4610956982948,749.25,-77.2110956982948,-9.342375109993228,71.0,10.55281690140845,2022,4,April,2,Thursday,False,17
2022-04-28,KOLWEZI,PIZZA INN,2160.0681202776777,1845.75,-314.31812027767774,-14.551305920725872,85.0,21.71470588235294,2022,4,April,2,Thursday,False,17
2022-04-28,KOLWEZI,CREAMY INN,481.3608376546167,370.5,-110.86083765461666,-23.030713963930925,53.0,6.990566037735849,2022,4,April,2,Thursday,False,17
2022-04-28,KOLWEZI,GALITOS,436.86993693439007,605.75,168.88006306560993,38.656828677816,48.0,12.619791666666666,2022,4,April,2,Thursday,False,17
2022-04-28,JUNCTION,CHICKEN INN,1777.77761680062,1621.5,-156.27761680062008,-8.79061674102216,176.0,9.213068181818182,2022,4,April,2,Thursday,False,17
2022-04-28,JUNCTION,PIZZA INN,4591.318890042759,6609.0,2017.6811099572412,43.9455668028855,385.0,17.166233766233766,2022,4,April,2,Thursday,False,17
2022-04-28,JUNCTION,CREAMY INN,262.3801530197904,367.0,104.61984698020962,39.87338439135621,87.0,4.218390804597701,2022,4,April,2,Thursday,False,17
2022-04-28,JUNCTION,GALITOS,919.7197477016264,1103.25,183.5302522983735,19.95501920634132,108.0,10.21527777777778,2022,4,April,2,Thursday,False,17
2022-04-28,Bon Marche,CHICKEN INN,581.7894346247334,525.25,-56.53943462473342,-9.718195494767372,61.0,8.610655737704919,2022,4,April,2,Thursday,False,17
2022-04-28,Bon Marche,PIZZA INN,1629.9828947686235,1970.5,340.51710523137626,20.890839181457345,133.0,14.81578947368421,2022,4,April,2,Thursday,False,17
2022-04-28,Bon Marche,CREAMY INN,176.27428272308066,207.0,30.72571727691934,17.43062958604581,68.0,3.044117647058824,2022,4,April,2,Thursday,False,17
2022-04-28,Bon Marche,GALITOS,350.5134904896981,213.0,-137.51349048969809,-39.23201081293039,20.0,10.65,2022,4,April,2,Thursday,False,17
2022-04-28,OASIS,CHICKEN INN,478.79093006908016,433.25,-45.54093006908016,-9.511652625188512,53.0,8.174528301886792,2022,4,April,2,Thursday,False,17
2022-04-28,OASIS,PIZZA INN,2138.7136367642165,2214.0,75.28636323578348,3.520170346399837,161.0,13.751552795031056,2022,4,April,2,Thursday,False,17
2022-04-28,OASIS,CREAMY INN,148.78965393751662,135.0,-13.789653937516618,-9.26788494535212,50.0,2.7,2022,4,April,2,Thursday,False,17
2022-04-28,TATARAFEL,CHICKEN INN,494.3880800640233,646.25,151.8619199359767,30.71714834150341,96.0,6.731770833333333,2022,4,April,2,Thursday,False,17
2022-04-28,TATARAFEL,PIZZA INN,1864.714051131748,1643.75,-220.964051131748,-11.8497552478697,103.0,15.95873786407767,2022,4,April,2,Thursday,False,17
2022-04-28,TATARAFEL,CREAMY INN,103.0,142.5,39.5,38.3495145631068,41.0,3.475609756097561,2022,4,April,2,Thursday,False,17
2022-04-29,LA PIAZZA,CHICKEN INN,756.1048099695896,1420.0,663.8951900304104,87.80465105851027,150.0,9.466666666666669,2022,4,April,2,Friday,False,17
2022-04-29,LA PIAZZA,PIZZA INN,2399.3008835743294,2132.75,-266.5508835743294,-11.109523003102408,151.0,14.124172185430464,2022,4,April,2,Friday,False,17
2022-04-29,LA PIAZZA,CREAMY INN,572.2763093488206,537.0,-35.27630934882063,-6.16420927662735,110.0,4.881818181818182,2022,4,April,2,Friday,False,17
2022-04-29,LA PIAZZA,GALITOS,528.993666426924,1121.75,592.756333573076,112.05357855734556,127.0,8.832677165354331,2022,4,April,2,Friday,False,17
2022-04-29,CARREFOUR,CHICKEN INN,1349.6410548777685,1479.0,129.35894512223172,9.58469251173952,172.0,8.598837209302326,2022,4,April,2,Friday,False,17
2022-04-29,CARREFOUR,PIZZA INN,3656.129149281924,3632.25,-23.879149281923677,-0.6531265255390013,250.0,14.529,2022,4,April,2,Friday,False,17
2022-04-29,CARREFOUR,CREAMY INN,649.3963840428065,779.75,130.35361595719348,20.07304308436077,193.0,4.040155440414508,2022,4,April,2,Friday,False,17
2022-04-29,CARREFOUR,GALITOS,705.8672733119416,1652.75,946.8827266880584,134.1445853191731,119.0,13.888655462184872,2022,4,April,2,Friday,False,17
2022-04-29,ALILAC,CHICKEN INN,390.7966811934791,848.25,457.4533188065209,117.0566027862557,94.0,9.023936170212766,2022,4,April,2,Friday,False,17
2022-04-29,ALILAC,PIZZA INN,1615.1099617582124,2012.25,397.1400382417876,24.58904022915319,140.0,14.373214285714283,2022,4,April,2,Friday,False,17
2022-04-29,ALILAC,CREAMY INN,171.19353940238582,139.75,-31.443539402385824,-18.36724651651639,34.0,4.110294117647059,2022,4,April,2,Friday,False,17
2022-04-29,KOLWEZI,CHICKEN INN,1076.8969716750034,756.25,-320.64697167500344,-29.775083421050923,81.0,9.33641975308642,2022,4,April,2,Friday,False,17
2022-04-29,KOLWEZI,PIZZA INN,2444.1508562243807,1908.25,-535.9008562243807,-21.925850233819748,95.0,20.08684210526316,2022,4,April,2,Friday,False,17
2022-04-29,KOLWEZI,CREAMY INN,388.5776256176456,313.5,-75.07762561764554,-19.32113963028864,75.0,4.18,2022,4,April,2,Friday,False,17
2022-04-29,KOLWEZI,GALITOS,514.6021412819975,867.0,352.39785871800245,68.47967205112958,69.0,12.565217391304348,2022,4,April,2,Friday,False,17
2022-04-29,JUNCTION,CHICKEN INN,1871.151596083745,2094.25,223.0984039162549,11.92305339573726,231.0,9.066017316017316,2022,4,April,2,Friday,False,17
2022-04-29,JUNCTION,PIZZA INN,6461.22790640463,4976.75,-1484.4779064046295,-22.975167072084787,322.0,15.455745341614907,2022,4,April,2,Friday,False,17
2022-04-29,JUNCTION,CREAMY INN,291.1887846858146,373.0,81.8112153141854,28.095592830767043,102.0,3.656862745098039,2022,4,April,2,Friday,False,17
2022-04-29,JUNCTION,GALITOS,1091.4372147812871,2395.75,1304.3127852187129,119.50415173263848,182.0,13.163461538461538,2022,4,April,2,Friday,False,17
2022-04-29,Bon Marche,CHICKEN INN,612.346684363064,353.0,-259.346684363064,-42.35291722577465,46.0,7.673913043478261,2022,4,April,2,Friday,False,17
2022-04-29,Bon Marche,PIZZA INN,2293.826941422305,1524.25,-769.576941422305,-33.54991292172734,108.0,14.113425925925926,2022,4,April,2,Friday,False,17
2022-04-29,Bon Marche,CREAMY INN,195.6287225490946,188.0,-7.62872254909459,-3.8995922734096986,52.0,3.615384615384616,2022,4,April,2,Friday,False,17
2022-04-29,Bon Marche,GALITOS,415.956565855378,556.0,140.04343414462198,33.6678022756138,35.0,15.885714285714286,2022,4,April,2,Friday,False,17
2022-04-29,OASIS,CHICKEN INN,614.9356792681125,578.25,-36.685679268112494,-5.96577504037093,68.0,8.503676470588236,2022,4,April,2,Friday,False,17
2022-04-29,OASIS,PIZZA INN,2719.051143489296,1482.0,-1237.051143489296,-45.49569236501439,120.0,12.35,2022,4,April,2,Friday,False,17
2022-04-29,OASIS,CREAMY INN,183.4039137077028,120.5,-62.90391370770277,-34.29802147404277,46.0,2.619565217391304,2022,4,April,2,Friday,False,17
2022-04-29,TATARAFEL,CHICKEN INN,634.9678967234498,781.5,146.53210327655017,23.07708846898915,106.0,7.372641509433962,2022,4,April,2,Friday,False,17
2022-04-29,TATARAFEL,PIZZA INN,2370.702082716139,1603.75,-766.9520827161391,-32.35126371667222,113.0,14.192477876106194,2022,4,April,2,Friday,False,17
2022-04-29,TATARAFEL,CREAMY INN,113.0,220.5,107.5,95.13274336283186,58.0,3.8017241379310343,2022,4,April,2,Friday,False,17
2022-04-30,LA PIAZZA,CHICKEN INN,1557.170380112264,1490.5,-66.67038011226396,-4.281508366955796,177.0,8.42090395480226,2022,4,April,2,Saturday,True,17
2022-04-30,LA PIAZZA,PIZZA INN,2338.1213710219904,2781.75,443.6286289780096,18.9737211453698,193.0,14.41321243523316,2022,4,April,2,Saturday,True,17
2022-04-30,LA PIAZZA,CREAMY INN,734.7612652239704,576.25,-158.51126522397044,-21.57316569697682,139.0,4.14568345323741,2022,4,April,2,Saturday,True,17
2022-04-30,LA PIAZZA,GALITOS,1054.256064851783,747.25,-307.0060648517833,-29.12063540226776,92.0,8.122282608695652,2022,4,April,2,Saturday,True,17
2022-04-30,CARREFOUR,CHICKEN INN,1507.5686925453124,2333.75,826.1813074546876,54.8022329954199,226.0,10.326327433628318,2022,4,April,2,Saturday,True,17
2022-04-30,CARREFOUR,PIZZA INN,4277.489723341319,5651.75,1374.2602766586815,32.127728306619794,311.0,18.172829581993568,2022,4,April,2,Saturday,True,17
2022-04-30,CARREFOUR,CREAMY INN,1022.6311089613408,1394.75,372.1188910386591,36.38837971755135,240.0,5.811458333333333,2022,4,April,2,Saturday,True,17
2022-04-30,CARREFOUR,GALITOS,1232.3202070021116,1568.0,335.6797929978884,27.23965663230524,116.0,13.517241379310343,2022,4,April,2,Saturday,True,17
2022-04-30,ALILAC,CHICKEN INN,804.8315637948875,1277.75,472.91843620511247,58.75992660815131,141.0,9.062056737588652,2022,4,April,2,Saturday,True,17
2022-04-30,ALILAC,PIZZA INN,1573.9264483209186,2647.0,1073.0735516790814,68.17812565662442,177.0,14.954802259887003,2022,4,April,2,Saturday,True,17
2022-04-30,ALILAC,CREAMY INN,219.8000852989981,305.25,85.44991470100186,38.87619724294591,63.0,4.845238095238095,2022,4,April,2,Saturday,True,17
2022-04-30,KOLWEZI,CHICKEN INN,1202.9095837938369,969.5,-233.40958379383687,-19.40375128259351,77.0,12.590909090909092,2022,4,April,2,Saturday,True,17
2022-04-30,KOLWEZI,PIZZA INN,2859.535246956207,2315.0,-544.5352469562072,-19.042788422902994,117.0,19.786324786324787,2022,4,April,2,Saturday,True,17
2022-04-30,KOLWEZI,CREAMY INN,611.9091174008507,382.5,-229.40911740085076,-37.490717310323866,76.0,5.032894736842105,2022,4,April,2,Saturday,True,17
2022-04-30,KOLWEZI,GALITOS,898.4049002483094,505.0,-393.4049002483095,-43.7892647446131,45.0,11.22222222222222,2022,4,April,2,Saturday,True,17
2022-04-30,JUNCTION,CHICKEN INN,2505.0979666660846,3634.5,1129.4020333339154,45.08414634326587,316.0,11.501582278481012,2022,4,April,2,Saturday,True,17
2022-04-30,JUNCTION,PIZZA INN,6414.986375271303,7596.5,1181.513624728697,18.418022355951283,414.0,18.34903381642512,2022,4,April,2,Saturday,True,17
2022-04-30,JUNCTION,CREAMY INN,675.4516101387846,994.5,319.04838986121536,47.23482557035591,166.0,5.990963855421687,2022,4,April,2,Saturday,True,17
2022-04-30,JUNCTION,GALITOS,2763.880852185217,1443.5,-1320.380852185217,-47.77271245760394,138.0,10.460144927536232,2022,4,April,2,Saturday,True,17
2022-04-30,Bon Marche,CHICKEN INN,819.8098096932471,725.75,-94.05980969324708,-11.473369625625969,77.0,9.425324675324676,2022,4,April,2,Saturday,True,17
2022-04-30,Bon Marche,PIZZA INN,2277.4105463558035,2615.0,337.5894536441965,14.82339028351256,152.0,17.20394736842105,2022,4,April,2,Saturday,True,17
2022-04-30,Bon Marche,CREAMY INN,453.7871737668496,515.0,61.21282623315045,13.489324902030148,122.0,4.221311475409836,2022,4,April,2,Saturday,True,17
2022-04-30,Bon Marche,GALITOS,1053.3399192722025,659.0,-394.3399192722025,-37.43710003364049,61.0,10.80327868852459,2022,4,April,2,Saturday,True,17
2022-04-30,OASIS,CHICKEN INN,727.0190522104925,1185.0,457.98094778950747,62.994352953615454,130.0,9.115384615384617,2022,4,April,2,Saturday,True,17
2022-04-30,OASIS,PIZZA INN,2388.2821130581488,2959.5,571.2178869418512,23.917521461081407,211.0,14.0260663507109,2022,4,April,2,Saturday,True,17
2022-04-30,OASIS,CREAMY INN,105.90930228191289,301.0,195.09069771808717,184.2054413679247,63.0,4.777777777777778,2022,4,April,2,Saturday,True,17
2022-04-30,TATARAFEL,CHICKEN INN,750.7025108860201,1447.0,696.2974891139799,92.7527854265695,158.0,9.158227848101266,2022,4,April,2,Saturday,True,17
2022-04-30,TATARAFEL,PIZZA INN,2082.3092618533324,2554.75,472.4407381466676,22.68830796661673,157.0,16.272292993630572,2022,4,April,2,Saturday,True,17
2022-04-30,TATARAFEL,CREAMY INN,157.0,407.0,250.0,159.23566878980893,86.0,4.732558139534884,2022,4,April,2,Saturday,True,17
2022-05-01,LA PIAZZA,CHICKEN INN,1602.5165684020174,1772.5,169.98343159798264,10.607280757632674,193.0,9.183937823834198,2022,5,May,2,Sunday,True,17
2022-05-01,LA PIAZZA,PIZZA INN,3688.9819865618288,3455.75,-233.2319865618288,-6.322394292285594,229.0,15.09061135371179,2022,5,May,2,Sunday,True,17
2022-05-01,LA PIAZZA,CREAMY INN,548.7237720835751,829.25,280.5262279164249,51.12339617640959,139.0,5.965827338129497,2022,5,May,2,Sunday,True,17
2022-05-01,LA PIAZZA,GALITOS,818.8260127863389,890.0,71.17398721366112,8.692199087748447,102.0,8.72549019607843,2022,5,May,2,Sunday,True,17
2022-05-01,CARREFOUR,CHICKEN INN,2776.708204143365,3829.75,1053.041795856635,37.9241071958984,312.0,12.274839743589745,2022,5,May,2,Sunday,True,17
2022-05-01,CARREFOUR,PIZZA INN,7745.209227569443,7073.0,-672.2092275694431,-8.679032519569416,422.0,16.760663507109005,2022,5,May,2,Sunday,True,17
2022-05-01,CARREFOUR,CREAMY INN,1488.613638309296,1577.0,88.386361690704,5.937495090471526,277.0,5.693140794223827,2022,5,May,2,Sunday,True,17
2022-05-01,CARREFOUR,GALITOS,1495.6702743875062,1889.25,393.5797256124938,26.314605053822383,158.0,11.957278481012658,2022,5,May,2,Sunday,True,17
2022-05-01,ALILAC,CHICKEN INN,828.2689757181404,1563.0,734.7310242818596,88.70681455197814,154.0,10.14935064935065,2022,5,May,2,Sunday,True,17
2022-05-01,ALILAC,PIZZA INN,2483.2698541612613,4300.5,1817.2301458387387,73.178923458261,219.0,19.636986301369863,2022,5,May,2,Sunday,True,17
2022-05-01,ALILAC,CREAMY INN,164.14791799455236,391.5,227.35208200544764,138.50439578100094,90.0,4.35,2022,5,May,2,Sunday,True,17
2022-05-01,KOLWEZI,CHICKEN INN,1823.6181688863976,1636.0,-187.61816888639785,-10.288237531706972,110.0,14.872727272727271,2022,5,May,2,Sunday,True,17
2022-05-01,KOLWEZI,PIZZA INN,4425.487461605719,3389.0,-1036.4874616057186,-23.42086539839942,164.0,20.664634146341463,2022,5,May,2,Sunday,True,17
2022-05-01,KOLWEZI,CREAMY INN,735.8566789333127,533.5,-202.35667893331265,-27.49946894912281,97.0,5.5,2022,5,May,2,Sunday,True,17
2022-05-01,KOLWEZI,GALITOS,919.7710809006646,1275.25,355.47891909933537,38.64862969503682,88.0,14.491477272727272,2022,5,May,2,Sunday,True,17
2022-05-01,JUNCTION,CHICKEN INN,3510.143171750008,4289.5,779.3568282499918,22.20299258794728,400.0,10.72375,2022,5,May,2,Sunday,True,17
2022-05-01,JUNCTION,PIZZA INN,9756.636333637953,11261.75,1505.1136663620473,15.426563160634238,551.0,20.43874773139746,2022,5,May,2,Sunday,True,17
2022-05-01,JUNCTION,CREAMY INN,613.3756558539767,950.0,336.6243441460233,54.88061694873684,233.0,4.07725321888412,2022,5,May,2,Sunday,True,17
2022-05-01,JUNCTION,GALITOS,1713.8575362219735,2113.0,399.14246377802647,23.289127324893983,187.0,11.29946524064171,2022,5,May,2,Sunday,True,17
2022-05-01,Bon Marche,CHICKEN INN,1148.7174728971384,1169.5,20.78252710286165,1.8091939570177165,101.0,11.57920792079208,2022,5,May,2,Sunday,True,17
2022-05-01,Bon Marche,PIZZA INN,3463.7433633279647,3764.0,300.25663667203526,8.66855898883769,233.0,16.15450643776824,2022,5,May,2,Sunday,True,17
2022-05-01,Bon Marche,CREAMY INN,412.0828215513071,790.75,378.6671784486929,91.89103710345913,199.0,3.973618090452261,2022,5,May,2,Sunday,True,17
2022-05-01,Bon Marche,GALITOS,653.1665637542944,993.0,339.8334362457056,52.028602672555465,75.0,13.24,2022,5,May,2,Sunday,True,17
2022-05-01,OASIS,CHICKEN INN,1659.9877738510093,1345.5,-314.48777385100925,-18.94518615166836,145.0,9.279310344827586,2022,5,May,2,Sunday,True,17
2022-05-01,OASIS,PIZZA INN,4662.017573433124,4709.0,46.9824265668758,1.0077702588383382,319.0,14.761755485893415,2022,5,May,2,Sunday,True,17
2022-05-01,OASIS,CREAMY INN,377.8168557696199,407.5,29.68314423038009,7.85649019547182,108.0,3.773148148148149,2022,5,May,2,Sunday,True,17
2022-05-01,TATARAFEL,CHICKEN INN,1714.063732004165,2017.0,302.9362679958349,17.67357084451156,201.0,10.034825870646769,2022,5,May,2,Sunday,True,17
2022-05-01,TATARAFEL,PIZZA INN,4064.746923742685,3695.25,-369.4969237426849,-9.09028115832767,210.0,17.59642857142857,2022,5,May,2,Sunday,True,17
2022-05-01,TATARAFEL,CREAMY INN,210.0,440.5,230.5,109.76190476190476,102.0,4.318627450980392,2022,5,May,2,Sunday,True,17
2022-05-02,LA PIAZZA,CHICKEN INN,878.3740188879751,1633.0,754.6259811120249,85.91169193134654,200.0,8.165,2022,5,May,2,Monday,False,18
2022-05-02,LA PIAZZA,PIZZA INN,1596.0072904350898,2309.75,713.7427095649102,44.72051686996591,185.0,12.485135135135137,2022,5,May,2,Monday,False,18
2022-05-02,LA PIAZZA,CREAMY INN,497.8589280421201,643.75,145.8910719578799,29.303697039563207,150.0,4.291666666666667,2022,5,May,2,Monday,False,18
2022-05-02,LA PIAZZA,GALITOS,771.5641497395613,1112.75,341.18585026043866,44.22002374988583,124.0,8.973790322580646,2022,5,May,2,Monday,False,18
2022-05-02,CARREFOUR,CHICKEN INN,1066.9964758390172,1758.5,691.5035241609828,64.80841688040525,179.0,9.824022346368714,2022,5,May,2,Monday,False,18
2022-05-02,CARREFOUR,PIZZA INN,2427.3222839693967,3238.0,810.6777160306033,33.3980255273273,237.0,13.662447257383969,2022,5,May,2,Monday,False,18
2022-05-02,CARREFOUR,CREAMY INN,601.8758816175858,872.75,270.87411838241417,45.00497970684919,201.0,4.342039800995025,2022,5,May,2,Monday,False,18
2022-05-02,CARREFOUR,GALITOS,632.5710915349443,956.25,323.67890846505566,51.16877973029772,201.0,4.757462686567164,2022,5,May,2,Monday,False,18
2022-05-02,ALILAC,CHICKEN INN,453.9921541324476,683.25,229.2578458675524,50.49819557028486,87.0,7.853448275862069,2022,5,May,2,Monday,False,18
2022-05-02,ALILAC,PIZZA INN,1074.3659919719232,1588.25,513.8840080280768,47.83137328136,106.0,14.983490566037736,2022,5,May,2,Monday,False,18
2022-05-02,ALILAC,CREAMY INN,148.93195930404607,147.25,-1.6819593040460743,-1.1293474630333291,28.0,5.258928571428571,2022,5,May,2,Monday,False,18
2022-05-02,KOLWEZI,CHICKEN INN,700.755720955591,675.25,-25.50572095559096,-3.6397449486120337,62.0,10.891129032258064,2022,5,May,2,Monday,False,18
2022-05-02,KOLWEZI,PIZZA INN,1386.9327499566773,1183.25,-203.6827499566773,-14.685841830690032,71.0,16.66549295774648,2022,5,May,2,Monday,False,18
2022-05-02,KOLWEZI,CREAMY INN,297.521382297825,135.75,-161.77138229782503,-54.37302725889077,27.0,5.027777777777778,2022,5,May,2,Monday,False,18
2022-05-02,KOLWEZI,GALITOS,389.003249292944,592.75,203.74675070705604,52.376619238370914,48.0,12.348958333333334,2022,5,May,2,Monday,False,18
2022-05-02,JUNCTION,CHICKEN INN,1551.9237969291537,1941.25,389.3262030708463,25.086682982838447,214.0,9.07126168224299,2022,5,May,2,Monday,False,18
2022-05-02,JUNCTION,PIZZA INN,3367.767876376565,4895.75,1527.9821236234352,45.37076721770432,295.0,16.595762711864406,2022,5,May,2,Monday,False,18
2022-05-02,JUNCTION,CREAMY INN,199.522449680582,502.5,302.977550319418,151.85135848344814,83.0,6.054216867469879,2022,5,May,2,Monday,False,18
2022-05-02,JUNCTION,GALITOS,1081.560581110954,1360.5,278.939418889046,25.790457211608608,137.0,9.930656934306567,2022,5,May,2,Monday,False,18
2022-05-02,Bon Marche,CHICKEN INN,507.877284460907,508.0,0.1227155390930079,0.0241624390079319,62.0,8.193548387096774,2022,5,May,2,Monday,False,18
2022-05-02,Bon Marche,PIZZA INN,1195.6050458507648,1557.25,361.6449541492352,30.24786114815173,109.0,14.286697247706424,2022,5,May,2,Monday,False,18
2022-05-02,Bon Marche,CREAMY INN,134.044729754936,372.25,238.205270245064,177.7058081138714,104.0,3.579326923076923,2022,5,May,2,Monday,False,18
2022-05-02,Bon Marche,GALITOS,412.1924916896033,454.25,42.05750831039671,10.203365941480474,52.0,8.735576923076923,2022,5,May,2,Monday,False,18
2022-05-02,OASIS,CHICKEN INN,536.6159686055582,533.25,-3.365968605558237,-0.6272583751663204,77.0,6.925324675324675,2022,5,May,2,Monday,False,18
2022-05-02,OASIS,PIZZA INN,1370.924086604878,1963.0,592.0759133951221,43.18808890880388,158.0,12.424050632911392,2022,5,May,2,Monday,False,18
2022-05-02,OASIS,CREAMY INN,85.16972371215547,153.0,67.83027628784453,79.64130131158772,52.0,2.9423076923076925,2022,5,May,2,Monday,False,18
2022-05-02,TATARAFEL,CHICKEN INN,554.0968338985058,1053.0,498.9031661014942,90.03898517003232,126.0,8.357142857142858,2022,5,May,2,Monday,False,18
2022-05-02,TATARAFEL,PIZZA INN,1195.289244610966,2121.25,925.960755389034,77.46750500464925,138.0,15.371376811594205,2022,5,May,2,Monday,False,18
2022-05-02,TATARAFEL,CREAMY INN,138.0,209.5,71.5,51.81159420289855,54.0,3.8796296296296298,2022,5,May,2,Monday,False,18
2022-05-03,LA PIAZZA,CHICKEN INN,1128.3551365349444,1112.75,-15.60513653494445,-1.3829986703358417,143.0,7.781468531468532,2022,5,May,2,Tuesday,False,18
2022-05-03,LA PIAZZA,PIZZA INN,4603.131154021883,4522.25,-80.88115402188305,-1.7570899310834311,261.0,17.32662835249042,2022,5,May,2,Tuesday,False,18
2022-05-03,LA PIAZZA,CREAMY INN,390.5803478819605,474.0,83.41965211803955,21.357872348265275,127.0,3.732283464566929,2022,5,May,2,Tuesday,False,18
2022-05-03,LA PIAZZA,GALITOS,599.8840086720501,650.75,50.86599132794993,8.479304430960052,81.0,8.033950617283951,2022,5,May,2,Tuesday,False,18
2022-05-03,CARREFOUR,CHICKEN INN,892.8785943061816,1816.75,923.8714056938184,103.47111147979976,196.0,9.269132653061224,2022,5,May,2,Tuesday,False,18
2022-05-03,CARREFOUR,PIZZA INN,6061.806744292565,7198.0,1136.1932557074351,18.74347539662505,409.0,17.599022004889974,2022,5,May,2,Tuesday,False,18
2022-05-03,CARREFOUR,CREAMY INN,745.8092552046171,754.5,8.690744795382898,1.1652771448912285,180.0,4.191666666666666,2022,5,May,2,Tuesday,False,18
2022-05-03,CARREFOUR,GALITOS,715.9429066955641,670.25,-45.69290669556415,-6.382199791106228,77.0,8.704545454545455,2022,5,May,2,Tuesday,False,18
2022-05-03,ALILAC,CHICKEN INN,583.1961875539536,707.0,123.80381244604644,21.22850167544912,84.0,8.416666666666666,2022,5,May,2,Tuesday,False,18
2022-05-03,ALILAC,PIZZA INN,3098.637204294598,3140.25,41.61279570540182,1.342938619846428,209.0,15.02511961722488,2022,5,May,2,Tuesday,False,18
2022-05-03,ALILAC,CREAMY INN,116.84011915679652,172.25,55.40988084320348,47.423677109439446,44.0,3.914772727272727,2022,5,May,2,Tuesday,False,18
2022-05-03,KOLWEZI,CHICKEN INN,586.4028581601837,837.75,251.34714183981637,42.862536964503946,88.0,9.519886363636363,2022,5,May,2,Tuesday,False,18
2022-05-03,KOLWEZI,PIZZA INN,3463.618470893426,1869.5,-1594.118470893426,-46.02465555284528,100.0,18.695,2022,5,May,2,Tuesday,False,18
2022-05-03,KOLWEZI,CREAMY INN,368.6710288882685,242.5,-126.17102888826844,-34.22320144567328,57.0,4.254385964912281,2022,5,May,2,Tuesday,False,18
2022-05-03,KOLWEZI,GALITOS,440.2732289536257,419.0,-21.273228953625733,-4.831824320589444,35.0,11.971428571428572,2022,5,May,2,Tuesday,False,18
2022-05-03,JUNCTION,CHICKEN INN,1697.476898380273,1795.5,98.02310161972696,5.774635384626459,229.0,7.8406113537117905,2022,5,May,2,Tuesday,False,18
2022-05-03,JUNCTION,PIZZA INN,5786.696375539057,5903.75,117.05362446094296,2.022805705786471,378.0,15.618386243386244,2022,5,May,2,Tuesday,False,18
2022-05-03,JUNCTION,CREAMY INN,284.86505999317467,457.0,172.13494000682533,60.4268350814767,104.0,4.394230769230769,2022,5,May,2,Tuesday,False,18
2022-05-03,JUNCTION,GALITOS,1064.227879490586,978.75,-85.47787949058602,-8.031915075510117,113.0,8.66150442477876,2022,5,May,2,Tuesday,False,18
2022-05-03,Bon Marche,CHICKEN INN,555.5104956122094,577.0,21.48950438779059,3.868424549586184,66.0,8.742424242424242,2022,5,May,2,Tuesday,False,18
2022-05-03,Bon Marche,PIZZA INN,2054.3587442388293,2334.5,280.14125576117067,13.636433098493086,146.0,15.98972602739726,2022,5,May,2,Tuesday,False,18
2022-05-03,Bon Marche,CREAMY INN,191.38026845870743,323.0,131.61973154129257,68.7739298315861,93.0,3.4731182795698925,2022,5,May,2,Tuesday,False,18
2022-05-03,Bon Marche,GALITOS,405.5868427843212,482.75,77.16315721567884,19.02506419733933,48.0,10.057291666666666,2022,5,May,2,Tuesday,False,18
2022-05-03,OASIS,CHICKEN INN,658.6826711415277,514.5,-144.18267114152775,-21.889549772374075,73.0,7.0479452054794525,2022,5,May,2,Tuesday,False,18
2022-05-03,OASIS,PIZZA INN,2450.9281576704666,2394.25,-56.67815767046659,-2.3125181165790463,184.0,13.012228260869565,2022,5,May,2,Tuesday,False,18
2022-05-03,OASIS,CREAMY INN,133.2014865033129,112.5,-20.701486503312907,-15.541483092080982,34.0,3.3088235294117645,2022,5,May,2,Tuesday,False,18
2022-05-03,TATARAFEL,CHICKEN INN,680.1399957808688,628.0,-52.13999578086885,-7.66606817777374,89.0,7.056179775280899,2022,5,May,2,Tuesday,False,18
2022-05-03,TATARAFEL,PIZZA INN,2136.92945860541,2207.75,70.82054139458978,3.3141263091018573,151.0,14.620860927152318,2022,5,May,2,Tuesday,False,18
2022-05-03,TATARAFEL,CREAMY INN,151.0,176.25,25.25,16.721854304635762,59.0,2.98728813559322,2022,5,May,2,Tuesday,False,18
2022-05-04,LA PIAZZA,CHICKEN INN,986.164042093549,955.5,-30.66404209354903,-3.1094260979594903,150.0,6.37,2022,5,May,2,Wednesday,False,18
2022-05-04,LA PIAZZA,PIZZA INN,1659.8946879677246,1576.5,-83.39468796772462,-5.024095117132284,143.0,11.024475524475523,2022,5,May,2,Wednesday,False,18
2022-05-04,LA PIAZZA,CREAMY INN,323.6853711728954,408.5,84.81462882710463,26.20279950242212,104.0,3.927884615384616,2022,5,May,2,Wednesday,False,18
2022-05-04,LA PIAZZA,GALITOS,602.7311088555908,580.0,-22.731108855590836,-3.7713515233601473,72.0,8.055555555555555,2022,5,May,2,Wednesday,False,18
2022-05-04,CARREFOUR,CHICKEN INN,1397.6631153162843,1400.5,2.8368846837156525,0.2029734241841017,158.0,8.863924050632912,2022,5,May,2,Wednesday,False,18
2022-05-04,CARREFOUR,PIZZA INN,2477.882776136296,2481.25,3.367223863704112,0.1358911687079299,177.0,14.018361581920905,2022,5,May,2,Wednesday,False,18
2022-05-04,CARREFOUR,CREAMY INN,737.9965877447781,718.25,-19.74658774477814,-2.6757017678253976,185.0,3.8824324324324326,2022,5,May,2,Wednesday,False,18
2022-05-04,CARREFOUR,GALITOS,734.0235413087106,689.0,-45.023541308710605,-6.133800726395901,74.0,9.31081081081081,2022,5,May,2,Wednesday,False,18
2022-05-04,ALILAC,CHICKEN INN,509.70398505731714,728.5,218.7960149426829,42.92609462688012,75.0,9.713333333333331,2022,5,May,2,Wednesday,False,18
2022-05-04,ALILAC,PIZZA INN,1117.3723414015317,1197.75,80.37765859846854,7.1934533924161785,87.0,13.767241379310343,2022,5,May,2,Wednesday,False,18
2022-05-04,ALILAC,CREAMY INN,96.82882803049436,107.75,10.92117196950565,11.27884349283484,19.0,5.671052631578948,2022,5,May,2,Wednesday,False,18
2022-05-04,KOLWEZI,CHICKEN INN,917.9228293667486,679.0,-238.9228293667486,-26.028640068966947,74.0,9.175675675675675,2022,5,May,2,Wednesday,False,18
2022-05-04,KOLWEZI,PIZZA INN,1415.82219859039,1366.25,-49.572198590390144,-3.5013011266347447,72.0,18.975694444444443,2022,5,May,2,Wednesday,False,18
2022-05-04,KOLWEZI,CREAMY INN,364.8090438958853,213.0,-151.80904389588528,-41.61328959246165,52.0,4.096153846153846,2022,5,May,2,Wednesday,False,18
2022-05-04,KOLWEZI,GALITOS,451.39201972341215,624.0,172.60798027658785,38.239041173646,45.0,13.866666666666667,2022,5,May,2,Wednesday,False,18
2022-05-04,JUNCTION,CHICKEN INN,1728.0816067979754,2178.25,450.1683932020246,26.05018139369922,174.0,12.51867816091954,2022,5,May,2,Wednesday,False,18
2022-05-04,JUNCTION,PIZZA INN,3548.3445728034603,3605.0,56.65542719653968,1.5966720828292504,240.0,15.020833333333334,2022,5,May,2,Wednesday,False,18
2022-05-04,JUNCTION,CREAMY INN,786.009337901824,393.5,-392.509337901824,-49.93698153123597,71.0,5.542253521126761,2022,5,May,2,Wednesday,False,18
2022-05-04,JUNCTION,GALITOS,360.9823990801945,957.25,596.2676009198055,165.17913406280536,103.0,9.29368932038835,2022,5,May,2,Wednesday,False,18
2022-05-04,Bon Marche,CHICKEN INN,565.5260880231621,431.5,-134.02608802316206,-23.699364337312907,51.0,8.46078431372549,2022,5,May,2,Wednesday,False,18
2022-05-04,Bon Marche,PIZZA INN,1259.712317294706,1124.0,-135.71231729470605,-10.773278583649551,77.0,14.597402597402596,2022,5,May,2,Wednesday,False,18
2022-05-04,Bon Marche,CREAMY INN,528.062929522863,248.5,-279.562929522863,-52.94121474792127,64.0,3.8828125,2022,5,May,2,Wednesday,False,18
2022-05-04,Bon Marche,GALITOS,137.57364786734195,318.5,180.92635213265805,131.5123607881066,28.0,11.375,2022,5,May,2,Wednesday,False,18
2022-05-04,OASIS,CHICKEN INN,620.1824153294493,512.5,-107.68241532944931,-17.363022986107556,73.0,7.02054794520548,2022,5,May,2,Wednesday,False,18
2022-05-04,OASIS,PIZZA INN,1993.629136588641,1474.75,-518.8791365886407,-26.026863626025776,109.0,13.529816513761467,2022,5,May,2,Wednesday,False,18
2022-05-04,OASIS,CREAMY INN,94.082834333195,168.0,73.917165666805,78.56604894047608,41.0,4.097560975609756,2022,5,May,2,Wednesday,False,18
2022-05-04,TATARAFEL,CHICKEN INN,640.3855510795856,659.5,19.11444892041436,2.9848345091781843,88.0,7.494318181818182,2022,5,May,2,Wednesday,False,18
2022-05-04,TATARAFEL,PIZZA INN,1738.2169355627177,1222.5,-515.7169355627175,-29.669307956418173,83.0,14.728915662650602,2022,5,May,2,Wednesday,False,18
2022-05-04,TATARAFEL,CREAMY INN,83.0,173.5,90.5,109.03614457831326,57.0,3.043859649122807,2022,5,May,2,Wednesday,False,18
2022-05-05,LA PIAZZA,CHICKEN INN,835.6593554368301,1275.25,439.5906445631699,52.60404753482113,149.0,8.558724832214764,2022,5,May,2,Thursday,False,18
2022-05-05,LA PIAZZA,PIZZA INN,2311.72278998272,2972.0,660.2772100172801,28.5621274695404,220.0,13.50909090909091,2022,5,May,2,Thursday,False,18
2022-05-05,LA PIAZZA,CREAMY INN,446.9940840006651,435.75,-11.244084000665111,-2.5154883259368552,125.0,3.486,2022,5,May,2,Thursday,False,18
2022-05-05,LA PIAZZA,GALITOS,923.8840095589948,598.0,-325.8840095589949,-35.2732600832167,92.0,6.5,2022,5,May,2,Thursday,False,18
2022-05-05,CARREFOUR,CHICKEN INN,1187.6203094310415,1677.75,490.1296905689585,41.269898020164966,193.0,8.69300518134715,2022,5,May,2,Thursday,False,18
2022-05-05,CARREFOUR,PIZZA INN,3102.4650161722225,4478.0,1375.5349838277775,44.33684108144733,262.0,17.091603053435115,2022,5,May,2,Thursday,False,18
2022-05-05,CARREFOUR,CREAMY INN,767.4443343241708,779.75,12.305665675829232,1.6034603586807226,198.0,3.938131313131313,2022,5,May,2,Thursday,False,18
2022-05-05,CARREFOUR,GALITOS,652.9118054747341,1188.0,535.0881945252659,81.95413071696592,115.0,10.330434782608696,2022,5,May,2,Thursday,False,18
2022-05-05,ALILAC,CHICKEN INN,431.91485943083705,493.75,61.83514056916295,14.316511511237936,76.0,6.496710526315789,2022,5,May,2,Thursday,False,18
2022-05-05,ALILAC,PIZZA INN,1556.1560171487808,2304.5,748.3439828512192,48.08926448277015,162.0,14.225308641975309,2022,5,May,2,Thursday,False,18
2022-05-05,ALILAC,CREAMY INN,133.71600061353982,170.5,36.78399938646018,27.509048444225986,47.0,3.627659574468085,2022,5,May,2,Thursday,False,18
2022-05-05,KOLWEZI,CHICKEN INN,779.9760777114454,834.5,54.52392228855456,6.990460841893391,65.0,12.83846153846154,2022,5,May,2,Thursday,False,18
2022-05-05,KOLWEZI,PIZZA INN,1772.6984030680858,1833.25,60.55159693191422,3.415786736599692,93.0,19.712365591397848,2022,5,May,2,Thursday,False,18
2022-05-05,KOLWEZI,CREAMY INN,379.3657565594833,238.5,-140.86575655948332,-37.131911387314695,50.0,4.77,2022,5,May,2,Thursday,False,18
2022-05-05,KOLWEZI,GALITOS,401.5118889089537,468.25,66.73811109104628,16.621702354168576,34.0,13.772058823529411,2022,5,May,2,Thursday,False,18
2022-05-05,JUNCTION,CHICKEN INN,1999.668271260577,1390.5,-609.1682712605771,-30.46346636667699,168.0,8.276785714285714,2022,5,May,2,Thursday,False,18
2022-05-05,JUNCTION,PIZZA INN,5828.905866128469,7526.75,1697.844133871531,29.128007431679983,447.0,16.838366890380314,2022,5,May,2,Thursday,False,18
2022-05-05,JUNCTION,CREAMY INN,254.8587540841809,451.5,196.6412459158191,77.15695174860177,71.0,6.359154929577465,2022,5,May,2,Thursday,False,18
2022-05-05,JUNCTION,GALITOS,1165.4508569535344,1053.5,-111.9508569535344,-9.60579815833434,104.0,10.129807692307692,2022,5,May,2,Thursday,False,18
2022-05-05,Bon Marche,CHICKEN INN,654.4046128038208,416.0,-238.4046128038208,-36.43076594194032,58.0,7.172413793103448,2022,5,May,2,Thursday,False,18
2022-05-05,Bon Marche,PIZZA INN,2069.3437081033185,1774.25,-295.0937081033185,-14.260255894067503,113.0,15.701327433628318,2022,5,May,2,Thursday,False,18
2022-05-05,Bon Marche,CREAMY INN,171.2211977729065,253.5,82.27880222709351,48.05409803067798,83.0,3.0542168674698797,2022,5,May,2,Thursday,False,18
2022-05-05,Bon Marche,GALITOS,444.1638323911687,493.75,49.58616760883132,11.163936365976214,53.0,9.316037735849056,2022,5,May,2,Thursday,False,18
2022-05-05,OASIS,CHICKEN INN,679.5742828225005,562.25,-117.32428282250056,-17.26437944873566,69.0,8.148550724637682,2022,5,May,2,Thursday,False,18
2022-05-05,OASIS,PIZZA INN,2333.4412283180613,2125.75,-207.69122831806132,-8.900641070260196,161.0,13.203416149068325,2022,5,May,2,Thursday,False,18
2022-05-05,OASIS,CREAMY INN,155.9794358681917,133.5,-22.4794358681917,-14.411794569630093,40.0,3.3375,2022,5,May,2,Thursday,False,18
2022-05-05,TATARAFEL,CHICKEN INN,701.7121750761388,1032.5,330.7878249238612,47.14010055304645,102.0,10.122549019607844,2022,5,May,2,Thursday,False,18
2022-05-05,TATARAFEL,PIZZA INN,2034.494273164123,2343.5,309.00572683587734,15.188331120504944,155.0,15.119354838709675,2022,5,May,2,Thursday,False,18
2022-05-05,TATARAFEL,CREAMY INN,155.0,176.0,21.0,13.548387096774196,51.0,3.450980392156863,2022,5,May,2,Thursday,False,18
2022-05-06,LA PIAZZA,CHICKEN INN,866.3336439554375,1531.25,664.9163560445625,76.7506099623166,171.0,8.9546783625731,2022,5,May,2,Friday,False,18
2022-05-06,LA PIAZZA,PIZZA INN,1881.5869015256703,2079.0,197.41309847432967,10.491840600838517,185.0,11.237837837837835,2022,5,May,2,Friday,False,18
2022-05-06,LA PIAZZA,CREAMY INN,337.5576013660195,507.5,169.94239863398047,50.34471093118979,136.0,3.731617647058824,2022,5,May,2,Friday,False,18
2022-05-06,LA PIAZZA,GALITOS,839.6098441261869,1042.25,202.64015587381311,24.13503811222083,122.0,8.543032786885245,2022,5,May,2,Friday,False,18
2022-05-06,CARREFOUR,CHICKEN INN,1297.755114015064,1843.5,545.744885984936,42.052994443341575,197.0,9.357868020304569,2022,5,May,2,Friday,False,18
2022-05-06,CARREFOUR,PIZZA INN,2520.235585865934,3242.5,722.2644141340661,28.658607083587444,209.0,15.514354066985646,2022,5,May,2,Friday,False,18
2022-05-06,CARREFOUR,CREAMY INN,845.2705217125655,783.0,-62.27052171256548,-7.366934030350652,202.0,3.876237623762376,2022,5,May,2,Friday,False,18
2022-05-06,CARREFOUR,GALITOS,1174.4878900789736,1317.5,143.01210992102642,12.176550403717672,100.0,13.175,2022,5,May,2,Friday,False,18
2022-05-06,ALILAC,CHICKEN INN,447.7690240823292,695.75,247.98097591767083,55.38144949304839,75.0,9.276666666666667,2022,5,May,2,Friday,False,18
2022-05-06,ALILAC,PIZZA INN,1266.6063557816935,1943.25,676.6436442183065,53.42177868677375,125.0,15.546,2022,5,May,2,Friday,False,18
2022-05-06,ALILAC,CREAMY INN,100.97863494608696,155.75,54.77136505391303,54.24054809530329,37.0,4.20945945945946,2022,5,May,2,Friday,False,18
2022-05-06,KOLWEZI,CHICKEN INN,852.3077077928779,692.5,-159.80770779287786,-18.750001476193766,53.0,13.066037735849056,2022,5,May,2,Friday,False,18
2022-05-06,KOLWEZI,PIZZA INN,1440.0219100397742,1270.2,-169.82191003977414,-11.79300876297664,70.0,18.145714285714288,2022,5,May,2,Friday,False,18
2022-05-06,KOLWEZI,CREAMY INN,417.8370685989924,259.25,-158.5870685989924,-37.954284221535154,65.0,3.9884615384615385,2022,5,May,2,Friday,False,18
2022-05-06,KOLWEZI,GALITOS,722.2581170873755,914.75,192.49188291262453,26.651397659451675,66.0,13.859848484848484,2022,5,May,2,Friday,False,18
2022-05-06,JUNCTION,CHICKEN INN,1796.038518402637,1578.0,-218.038518402637,-12.139968946576737,185.0,8.52972972972973,2022,5,May,2,Friday,False,18
2022-05-06,JUNCTION,PIZZA INN,4873.822481430755,4788.5,-85.32248143075503,-1.750627597862527,294.0,16.287414965986393,2022,5,May,2,Friday,False,18
2022-05-06,JUNCTION,CREAMY INN,402.1624376374231,560.25,158.08756236257693,39.30938038154216,90.0,6.225,2022,5,May,2,Friday,False,18
2022-05-06,JUNCTION,GALITOS,2236.149611715725,2250.0,13.85038828427514,0.6193855818818933,174.0,12.93103448275862,2022,5,May,2,Friday,False,18
2022-05-06,Bon Marche,CHICKEN INN,587.7654349514193,284.75,-303.01543495141925,-51.553803087530056,30.0,9.491666666666667,2022,5,May,2,Friday,False,18
2022-05-06,Bon Marche,PIZZA INN,1730.2756500097764,1247.5,-482.7756500097764,-27.90166121837573,96.0,12.994791666666666,2022,5,May,2,Friday,False,18
2022-05-06,Bon Marche,CREAMY INN,270.1839084122928,198.5,-71.6839084122928,-26.5315239658556,70.0,2.835714285714286,2022,5,May,2,Friday,False,18
2022-05-06,Bon Marche,GALITOS,852.2167841001285,632.0,-220.2167841001285,-25.84046550229112,49.0,12.89795918367347,2022,5,May,2,Friday,False,18
2022-05-06,OASIS,CHICKEN INN,692.1092498310843,597.25,-94.8592498310843,-13.705820266704366,69.0,8.655797101449275,2022,5,May,2,Friday,False,18
2022-05-06,OASIS,PIZZA INN,2184.089313986018,1939.5,-244.58931398601817,-11.198686446555453,144.0,13.46875,2022,5,May,2,Friday,False,18
2022-05-06,OASIS,CREAMY INN,139.1435602506726,141.0,1.856439749327393,1.334190203256941,47.0,3.0,2022,5,May,2,Friday,False,18
2022-05-06,TATARAFEL,CHICKEN INN,714.6554826533009,631.25,-83.40548265330085,-11.670725920081292,88.0,7.173295454545454,2022,5,May,2,Friday,False,18
2022-05-06,TATARAFEL,PIZZA INN,1904.2764597874136,1361.5,-542.7764597874136,-28.50302838107904,89.0,15.297752808988765,2022,5,May,2,Friday,False,18
2022-05-06,TATARAFEL,CREAMY INN,89.0,250.5,161.5,181.46067415730337,59.0,4.245762711864407,2022,5,May,2,Friday,False,18
2022-05-07,LA PIAZZA,CHICKEN INN,1360.2756917831075,1444.0,83.7243082168925,6.154951435406678,171.0,8.444444444444445,2022,5,May,2,Saturday,True,18
2022-05-07,LA PIAZZA,PIZZA INN,2771.2998754594173,2672.25,-99.04987545941732,-3.5741305492245634,187.0,14.29010695187166,2022,5,May,2,Saturday,True,18
2022-05-07,LA PIAZZA,CREAMY INN,462.40767310413634,643.0,180.5923268958637,39.05478593889887,154.0,4.175324675324675,2022,5,May,2,Saturday,True,18
2022-05-07,LA PIAZZA,GALITOS,792.0632710610552,1022.75,230.68672893894484,29.12478552753933,88.0,11.622159090909092,2022,5,May,2,Saturday,True,18
2022-05-07,CARREFOUR,CHICKEN INN,1586.4656374603228,2654.75,1068.2843625396772,67.3373779623635,243.0,10.924897119341564,2022,5,May,2,Saturday,True,18
2022-05-07,CARREFOUR,PIZZA INN,4782.459802114533,4516.5,-265.959802114533,-5.561150811909399,283.0,15.959363957597173,2022,5,May,2,Saturday,True,18
2022-05-07,CARREFOUR,CREAMY INN,937.8205823906566,1184.5,246.67941760934343,26.30347661815201,263.0,4.503802281368821,2022,5,May,2,Saturday,True,18
2022-05-07,CARREFOUR,GALITOS,854.3099854711713,1104.5,250.19001452882867,29.28562451378152,100.0,11.045,2022,5,May,2,Saturday,True,18
2022-05-07,ALILAC,CHICKEN INN,703.0655259002818,1037.25,334.18447409971816,47.53247909173073,132.0,7.857954545454546,2022,5,May,2,Saturday,True,18
2022-05-07,ALILAC,PIZZA INN,1865.524272723061,2532.2,666.6757272769389,35.73664181296384,159.0,15.92578616352201,2022,5,May,2,Saturday,True,18
2022-05-07,ALILAC,CREAMY INN,138.32689718642052,261.0,122.67310281357948,88.68347755119184,52.0,5.019230769230769,2022,5,May,2,Saturday,True,18
2022-05-07,KOLWEZI,CHICKEN INN,1041.9199095063468,989.5,-52.41990950634681,-5.031088189032009,109.0,9.077981651376149,2022,5,May,2,Saturday,True,18
2022-05-07,KOLWEZI,PIZZA INN,2732.620290560313,1977.0,-755.6202905603132,-27.65185829771381,103.0,19.194174757281555,2022,5,May,2,Saturday,True,18
2022-05-07,KOLWEZI,CREAMY INN,463.5867369703005,502.5,38.91326302969952,8.393955203294025,88.0,5.7102272727272725,2022,5,May,2,Saturday,True,18
2022-05-07,KOLWEZI,GALITOS,525.3628638724078,939.0,413.63713612759216,78.73360767807334,66.0,14.227272727272728,2022,5,May,2,Saturday,True,18
2022-05-07,JUNCTION,CHICKEN INN,2981.187778231453,2672.0,-309.1877782314532,-10.371294974745751,245.0,10.906122448979591,2022,5,May,2,Saturday,True,18
2022-05-07,JUNCTION,PIZZA INN,7575.979160051198,7664.5,88.52083994880195,1.1684409114478571,422.0,18.16232227488152,2022,5,May,2,Saturday,True,18
2022-05-07,JUNCTION,CREAMY INN,761.8484162608161,476.25,-285.59841626081607,-37.48756447674264,108.0,4.409722222222222,2022,5,May,2,Saturday,True,18
2022-05-07,JUNCTION,GALITOS,1291.6329247498124,1111.0,-180.63292474981245,-13.98484981983568,93.0,11.946236559139784,2022,5,May,2,Saturday,True,18
2022-05-07,Bon Marche,CHICKEN INN,975.6133363456336,767.75,-207.86333634563343,-21.30591378795924,75.0,10.236666666666666,2022,5,May,2,Saturday,True,18
2022-05-07,Bon Marche,PIZZA INN,2689.579342612819,2293.5,-396.0793426128189,-14.726442025244127,129.0,17.77906976744186,2022,5,May,2,Saturday,True,18
2022-05-07,Bon Marche,CREAMY INN,511.8309505291013,390.0,-121.83095052910124,-23.802966663731347,88.0,4.431818181818182,2022,5,May,2,Saturday,True,18
2022-05-07,Bon Marche,GALITOS,492.2529564216224,494.25,1.9970435783776,0.4056945829020273,48.0,10.296875,2022,5,May,2,Saturday,True,18
2022-05-07,OASIS,CHICKEN INN,1214.1010902599614,738.0,-476.10109025996144,-39.21428735048903,84.0,8.785714285714286,2022,5,May,2,Saturday,True,18
2022-05-07,OASIS,PIZZA INN,3145.146990738302,2582.0,-563.1469907383021,-17.905267779109654,174.0,14.839080459770114,2022,5,May,2,Saturday,True,18
2022-05-07,OASIS,CREAMY INN,169.349101799751,255.0,85.650898200249,50.57652936448874,56.0,4.553571428571429,2022,5,May,2,Saturday,True,18
2022-05-07,TATARAFEL,CHICKEN INN,1253.6517910451175,1199.75,-53.901791045117534,-4.299582342572322,114.0,10.524122807017545,2022,5,May,2,Saturday,True,18
2022-05-07,TATARAFEL,PIZZA INN,2742.2090015649023,2621.75,-120.45900156490234,-4.392772450829231,157.0,16.69904458598726,2022,5,May,2,Saturday,True,18
2022-05-07,TATARAFEL,CREAMY INN,157.0,244.5,87.5,55.73248407643312,67.0,3.649253731343284,2022,5,May,2,Saturday,True,18
2022-05-08,LA PIAZZA,CHICKEN INN,1840.457311116449,1906.5,66.04268888355091,3.588384717463967,190.0,10.034210526315787,2022,5,May,2,Sunday,True,18
2022-05-08,LA PIAZZA,PIZZA INN,4627.567347548191,3500.75,-1126.8173475481908,-24.350101531103785,230.0,15.220652173913043,2022,5,May,2,Sunday,True,18
2022-05-08,LA PIAZZA,CREAMY INN,630.107522549903,796.25,166.14247745009698,26.3673216878535,157.0,5.071656050955414,2022,5,May,2,Sunday,True,18
2022-05-08,LA PIAZZA,GALITOS,1172.1511455637542,860.0,-312.1511455637542,-26.630622402678533,94.0,9.148936170212766,2022,5,May,2,Sunday,True,18
2022-05-08,CARREFOUR,CHICKEN INN,3198.367170265051,3479.0,280.63282973494915,8.774253073379718,291.0,11.9553264604811,2022,5,May,2,Sunday,True,18
2022-05-08,CARREFOUR,PIZZA INN,7760.543865575002,7188.25,-572.2938655750022,-7.374404107341505,432.0,16.63946759259259,2022,5,May,2,Sunday,True,18
2022-05-08,CARREFOUR,CREAMY INN,1711.8756353346912,1864.5,152.6243646653088,8.91562222833255,310.0,6.014516129032258,2022,5,May,2,Sunday,True,18
2022-05-08,CARREFOUR,GALITOS,1564.2260139623534,1865.25,301.02398603764664,19.244276936369346,149.0,12.518456375838928,2022,5,May,2,Sunday,True,18
2022-05-08,ALILAC,CHICKEN INN,951.249879089528,1613.25,662.0001209104721,69.59266281790163,166.0,9.718373493975903,2022,5,May,2,Sunday,True,18
2022-05-08,ALILAC,PIZZA INN,3115.0866374865686,4346.75,1231.6633625134314,39.53865512733245,249.0,17.45682730923695,2022,5,May,2,Sunday,True,18
2022-05-08,ALILAC,CREAMY INN,188.4934518993624,482.25,293.75654810063764,155.84443127365284,93.0,5.185483870967742,2022,5,May,2,Sunday,True,18
2022-05-08,KOLWEZI,CHICKEN INN,2100.5449811981675,1548.5,-552.0449811981675,-26.28103592827023,130.0,11.91153846153846,2022,5,May,2,Sunday,True,18
2022-05-08,KOLWEZI,PIZZA INN,4434.249426096013,3622.0,-812.2494260960129,-18.31763051748604,175.0,20.697142857142858,2022,5,May,2,Sunday,True,18
2022-05-08,KOLWEZI,CREAMY INN,846.2203269848773,753.5,-92.72032698487726,-10.956995953434982,125.0,6.028,2022,5,May,2,Sunday,True,18
2022-05-08,KOLWEZI,GALITOS,961.9298292361048,1211.5,249.57017076389516,25.944737669907347,98.0,12.362244897959185,2022,5,May,2,Sunday,True,18
2022-05-08,JUNCTION,CHICKEN INN,4625.889628237893,4206.25,-419.6396282378928,-9.071544329036296,356.0,11.815308988764045,2022,5,May,2,Sunday,True,18
2022-05-08,JUNCTION,PIZZA INN,11024.169852817058,10723.0,-301.1698528170582,-2.7319050489783487,530.0,20.232075471698117,2022,5,May,2,Sunday,True,18
2022-05-08,JUNCTION,CREAMY INN,837.0590271755667,850.25,13.190972824433288,1.5758712822132417,204.0,4.167892156862745,2022,5,May,2,Sunday,True,18
2022-05-08,JUNCTION,GALITOS,1964.603952996628,2047.25,82.6460470033719,4.206753573783212,166.0,12.332831325301203,2022,5,May,2,Sunday,True,18
2022-05-08,Bon Marche,CHICKEN INN,1513.8528497688771,1531.0,17.14715023112285,1.132682759340892,132.0,11.598484848484848,2022,5,May,2,Sunday,True,18
2022-05-08,Bon Marche,PIZZA INN,3913.735621388824,3775.5,-138.23562138882426,-3.5320633471856766,212.0,17.808962264150942,2022,5,May,2,Sunday,True,18
2022-05-08,Bon Marche,CREAMY INN,562.3595303000048,820.75,258.39046969999515,45.94755770603732,207.0,3.964975845410628,2022,5,May,2,Sunday,True,18
2022-05-08,Bon Marche,GALITOS,748.7282845840422,798.75,50.02171541595783,6.680890310394447,74.0,10.79391891891892,2022,5,May,2,Sunday,True,18
2022-05-08,OASIS,CHICKEN INN,1858.756536415693,1615.5,-243.25653641569303,-13.087057484396174,158.0,10.224683544303796,2022,5,May,2,Sunday,True,18
2022-05-08,OASIS,PIZZA INN,4588.071348747552,4125.75,-462.3213487475523,-10.07659457767056,256.0,16.1162109375,2022,5,May,2,Sunday,True,18
2022-05-08,OASIS,CREAMY INN,405.0513604450185,431.5,26.44863955498153,6.529700215282119,106.0,4.070754716981132,2022,5,May,2,Sunday,True,18
2022-05-08,TATARAFEL,CHICKEN INN,1919.307609299162,1805.0,-114.3076092991621,-5.955669051971387,187.0,9.6524064171123,2022,5,May,2,Sunday,True,18
2022-05-08,TATARAFEL,PIZZA INN,4000.274260442164,3358.5,-641.7742604421642,-16.043256503398514,196.0,17.135204081632654,2022,5,May,2,Sunday,True,18
2022-05-08,TATARAFEL,CREAMY INN,196.0,434.5,238.5,121.68367346938776,126.0,3.4484126984126986,2022,5,May,2,Sunday,True,18
2022-05-09,LA PIAZZA,CHICKEN INN,1392.0966826762426,1106.0,-286.0966826762426,-20.551495182520995,168.0,6.583333333333333,2022,5,May,2,Monday,False,19
2022-05-09,LA PIAZZA,PIZZA INN,1903.6677992904056,1676.5,-227.1677992904058,-11.933163936222634,142.0,11.806338028169014,2022,5,May,2,Monday,False,19
2022-05-09,LA PIAZZA,CREAMY INN,442.9865508337626,450.0,7.013449166237365,1.5832194347745034,142.0,3.1690140845070425,2022,5,May,2,Monday,False,19
2022-05-09,LA PIAZZA,GALITOS,474.61160059625416,821.75,347.13839940374584,73.14157491465362,109.0,7.5389908256880735,2022,5,May,2,Monday,False,19
2022-05-09,CARREFOUR,CHICKEN INN,1175.5579260718391,1503.5,327.9420739281609,27.896717520674528,156.0,9.637820512820513,2022,5,May,2,Monday,False,19
2022-05-09,CARREFOUR,PIZZA INN,2364.2117293331867,2494.75,130.53827066681333,5.521428941714579,187.0,13.340909090909092,2022,5,May,2,Monday,False,19
2022-05-09,CARREFOUR,CREAMY INN,654.1606561565073,969.5,315.33934384349266,48.20518337135335,214.0,4.530373831775701,2022,5,May,2,Monday,False,19
2022-05-09,CARREFOUR,GALITOS,569.2888703889316,922.0,352.7111296110684,61.95644214335337,75.0,12.293333333333331,2022,5,May,2,Monday,False,19
2022-05-09,ALILAC,CHICKEN INN,719.5123696041663,759.25,39.73763039583366,5.522855766565207,83.0,9.147590361445785,2022,5,May,2,Monday,False,19
2022-05-09,ALILAC,PIZZA INN,1281.470301437088,1513.0,231.529698562912,18.067504046193356,104.0,14.548076923076923,2022,5,May,2,Monday,False,19
2022-05-09,ALILAC,CREAMY INN,132.51716750459087,229.25,96.73283249540911,72.99645345351797,34.0,6.742647058823529,2022,5,May,2,Monday,False,19
2022-05-09,KOLWEZI,CHICKEN INN,772.05404203586,690.0,-82.05404203586,-10.628017932460846,62.0,11.129032258064516,2022,5,May,2,Monday,False,19
2022-05-09,KOLWEZI,PIZZA INN,1350.8723983210666,884.0,-466.8723983210666,-34.5608066980508,52.0,17.0,2022,5,May,2,Monday,False,19
2022-05-09,KOLWEZI,CREAMY INN,323.36697416992763,304.0,-19.36697416992763,-5.989162690358845,63.0,4.825396825396825,2022,5,May,2,Monday,False,19
2022-05-09,KOLWEZI,GALITOS,350.0874815986916,601.25,251.16251840130843,71.74278761821546,39.0,15.416666666666666,2022,5,May,2,Monday,False,19
2022-05-09,JUNCTION,CHICKEN INN,1609.27750246784,1389.25,-220.0275024678399,-13.672440093795258,178.0,7.804775280898877,2022,5,May,2,Monday,False,19
2022-05-09,JUNCTION,PIZZA INN,3696.951950914114,2986.0,-710.9519509141141,-19.230759835499704,215.0,13.888372093023255,2022,5,May,2,Monday,False,19
2022-05-09,JUNCTION,CREAMY INN,284.86505999317467,219.5,-65.36505999317467,-22.945973084498608,71.0,3.091549295774648,2022,5,May,2,Monday,False,19
2022-05-09,JUNCTION,GALITOS,1252.1143650553738,858.5,-393.6143650553738,-31.435975501963554,96.0,8.942708333333334,2022,5,May,2,Monday,False,19
2022-05-09,Bon Marche,CHICKEN INN,526.646662364897,580.0,53.353337635103,10.130765358982972,63.0,9.206349206349206,2022,5,May,2,Monday,False,19
2022-05-09,Bon Marche,PIZZA INN,1312.4700303087377,1022.25,-290.2200303087377,-22.11250722734355,76.0,13.450657894736842,2022,5,May,2,Monday,False,19
2022-05-09,Bon Marche,CREAMY INN,191.38026845870743,178.0,-13.380268458707434,-6.991456625317874,56.0,3.1785714285714284,2022,5,May,2,Monday,False,19
2022-05-09,Bon Marche,GALITOS,477.1920769175792,236.0,-241.1920769175792,-50.54402379762018,28.0,8.428571428571429,2022,5,May,2,Monday,False,19
2022-05-09,OASIS,CHICKEN INN,603.1706743892287,468.75,-134.42067438922868,-22.2856780173113,65.0,7.211538461538462,2022,5,May,2,Monday,False,19
2022-05-09,OASIS,PIZZA INN,1752.0876855597826,1380.0,-372.0876855597826,-21.23681871783161,106.0,13.0188679245283,2022,5,May,2,Monday,False,19
2022-05-09,OASIS,CREAMY INN,117.85112932263372,148.0,30.14887067736628,25.58216527126319,48.0,3.083333333333333,2022,5,May,2,Monday,False,19
2022-05-09,TATARAFEL,CHICKEN INN,622.8196336534372,715.0,92.18036634656278,14.80049140484479,108.0,6.62037037037037,2022,5,May,2,Monday,False,19
2022-05-09,TATARAFEL,PIZZA INN,1527.620374189636,1180.25,-347.37037418963587,-22.739312728393475,89.0,13.26123595505618,2022,5,May,2,Monday,False,19
2022-05-09,TATARAFEL,CREAMY INN,89.0,202.0,113.0,126.96629213483146,68.0,2.9705882352941178,2022,5,May,2,Monday,False,19
2022-05-10,LA PIAZZA,CHICKEN INN,1353.1088019423114,943.5,-409.6088019423114,-30.2716826137219,151.0,6.248344370860927,2022,5,May,2,Tuesday,False,19
2022-05-10,LA PIAZZA,PIZZA INN,4238.649134918647,3768.0,-470.6491349186472,-11.103753104765543,240.0,15.7,2022,5,May,2,Tuesday,False,19
2022-05-10,LA PIAZZA,CREAMY INN,447.30235578273454,517.0,69.69764421726546,15.581774456631583,141.0,3.6666666666666665,2022,5,May,2,Tuesday,False,19
2022-05-10,LA PIAZZA,GALITOS,656.2565923061583,619.75,-36.50659230615827,-5.5628534226025925,73.0,8.48972602739726,2022,5,May,2,Tuesday,False,19
2022-05-10,CARREFOUR,CHICKEN INN,1489.179893411103,1278.0,-211.17989341110297,-14.180952505837029,149.0,8.577181208053691,2022,5,May,2,Tuesday,False,19
2022-05-10,CARREFOUR,PIZZA INN,6771.795615810879,7015.75,243.9543841891209,3.6025066028208665,419.0,16.744033412887827,2022,5,May,2,Tuesday,False,19
2022-05-10,CARREFOUR,CREAMY INN,680.9040178459558,1016.75,335.84598215404424,49.32354243061969,222.0,4.579954954954955,2022,5,May,2,Tuesday,False,19
2022-05-10,CARREFOUR,GALITOS,824.1755944492605,739.75,-84.42559444926053,-10.243641648437348,70.0,10.567857142857145,2022,5,May,2,Tuesday,False,19
2022-05-10,ALILAC,CHICKEN INN,699.3612818228305,771.5,72.1387181771695,10.314943084802405,91.0,8.478021978021978,2022,5,May,2,Tuesday,False,19
2022-05-10,ALILAC,PIZZA INN,2853.283008009551,3464.25,610.9669919904491,21.412772244301813,218.0,15.89105504587156,2022,5,May,2,Tuesday,False,19
2022-05-10,ALILAC,CREAMY INN,133.80821854499746,140.25,6.441781455002541,4.814189685094925,27.0,5.194444444444445,2022,5,May,2,Tuesday,False,19
2022-05-10,KOLWEZI,CHICKEN INN,978.0269696010818,1103.25,125.22303039891824,12.803637761645192,77.0,14.32792207792208,2022,5,May,2,Tuesday,False,19
2022-05-10,KOLWEZI,PIZZA INN,3869.294645218017,1997.75,-1871.5446452180167,-48.36914261701474,96.0,20.80989583333333,2022,5,May,2,Tuesday,False,19
2022-05-10,KOLWEZI,CREAMY INN,336.5868458746238,324.75,-11.836845874623805,-3.5167286005683493,64.0,5.07421875,2022,5,May,2,Tuesday,False,19
2022-05-10,KOLWEZI,GALITOS,506.8315459227639,420.0,-86.8315459227639,-17.132229953183728,40.0,10.5,2022,5,May,2,Tuesday,False,19
2022-05-10,JUNCTION,CHICKEN INN,1922.5540453262088,1947.25,24.69595467379077,1.284538904579948,189.0,10.302910052910052,2022,5,May,2,Tuesday,False,19
2022-05-10,JUNCTION,PIZZA INN,5487.733297222329,5872.25,384.5167027776706,7.006840200712698,365.0,16.088356164383562,2022,5,May,2,Tuesday,False,19
2022-05-10,JUNCTION,CREAMY INN,317.2095196093628,431.5,114.29048039063724,36.0299654724687,102.0,4.230392156862745,2022,5,May,2,Tuesday,False,19
2022-05-10,JUNCTION,GALITOS,1057.5259015307106,892.25,-165.2759015307106,-15.6285440660586,119.0,7.4978991596638656,2022,5,May,2,Tuesday,False,19
2022-05-10,Bon Marche,CHICKEN INN,629.1684744455149,314.25,-314.9184744455149,-50.05312364435488,41.0,7.664634146341464,2022,5,May,2,Tuesday,False,19
2022-05-10,Bon Marche,PIZZA INN,1948.2226392341297,1883.75,-64.4726392341297,-3.3093055144598207,117.0,16.10042735042735,2022,5,May,2,Tuesday,False,19
2022-05-10,Bon Marche,CREAMY INN,213.110175821324,180.5,-32.61017582132396,-15.302026614001305,41.0,4.402439024390244,2022,5,May,2,Tuesday,False,19
2022-05-10,Bon Marche,GALITOS,403.0326585409454,205.75,-197.28265854094545,-48.94954648468092,24.0,8.572916666666666,2022,5,May,2,Tuesday,False,19
2022-05-10,OASIS,CHICKEN INN,804.6255013128948,497.0,-307.6255013128948,-38.2321341805532,60.0,8.283333333333333,2022,5,May,2,Tuesday,False,19
2022-05-10,OASIS,PIZZA INN,2715.091315593266,2093.25,-621.8413155932658,-22.903145541437866,160.0,13.0828125,2022,5,May,2,Tuesday,False,19
2022-05-10,OASIS,CREAMY INN,129.7352768173531,148.0,18.26472318264689,14.078455475422272,43.0,3.441860465116279,2022,5,May,2,Tuesday,False,19
2022-05-10,TATARAFEL,CHICKEN INN,830.8370768578261,894.0,63.162923142173895,7.602323596468771,111.0,8.054054054054054,2022,5,May,2,Tuesday,False,19
2022-05-10,TATARAFEL,PIZZA INN,2367.2495650013484,1945.0,-422.2495650013484,-17.83713771644976,124.0,15.685483870967742,2022,5,May,2,Tuesday,False,19
2022-05-10,TATARAFEL,CREAMY INN,124.0,212.0,88.0,70.96774193548387,68.0,3.117647058823529,2022,5,May,2,Tuesday,False,19
2022-05-11,LA PIAZZA,CHICKEN INN,1257.0724780756434,991.0,-266.0724780756434,-21.16604115642986,131.0,7.564885496183206,2022,5,May,2,Wednesday,False,19
2022-05-11,LA PIAZZA,PIZZA INN,1738.79709598038,1576.25,-162.54709598037994,-9.348249796146089,152.0,10.370065789473683,2022,5,May,2,Wednesday,False,19
2022-05-11,LA PIAZZA,CREAMY INN,368.0765077908925,402.75,34.67349220910751,9.420186150213592,115.0,3.502173913043478,2022,5,May,2,Wednesday,False,19
2022-05-11,LA PIAZZA,GALITOS,591.3427081214276,649.0,57.65729187857244,9.75023300139062,66.0,9.833333333333334,2022,5,May,2,Wednesday,False,19
2022-05-11,CARREFOUR,CHICKEN INN,1330.5333296650708,1857.0,526.4666703349292,39.56809338007747,171.0,10.859649122807015,2022,5,May,2,Wednesday,False,19
2022-05-11,CARREFOUR,PIZZA INN,2936.188858801473,2292.75,-643.4388588014735,-21.91408283812233,174.0,13.176724137931034,2022,5,May,2,Wednesday,False,19
2022-05-11,CARREFOUR,CREAMY INN,737.3956133247906,821.25,83.85438667520941,11.371695892944675,183.0,4.487704918032787,2022,5,May,2,Wednesday,False,19
2022-05-11,CARREFOUR,GALITOS,793.0367237266194,692.25,-100.78672372661936,-12.708960469447716,64.0,10.81640625,2022,5,May,2,Wednesday,False,19
2022-05-11,ALILAC,CHICKEN INN,649.7244111849814,625.75,-23.974411184981363,-3.689935420658786,78.0,8.022435897435898,2022,5,May,2,Wednesday,False,19
2022-05-11,ALILAC,PIZZA INN,1170.4861738768084,1547.5,377.0138261231916,32.21001960872984,120.0,12.895833333333334,2022,5,May,2,Wednesday,False,19
2022-05-11,ALILAC,CREAMY INN,110.10821016039073,123.0,12.891789839609274,11.708291162693737,33.0,3.727272727272727,2022,5,May,2,Wednesday,False,19
2022-05-11,KOLWEZI,CHICKEN INN,873.8349786504469,701.75,-172.08497865044694,-19.693075106264963,65.0,10.796153846153846,2022,5,May,2,Wednesday,False,19
2022-05-11,KOLWEZI,PIZZA INN,1677.6908922330106,1282.25,-395.4408922330106,-23.57054532892396,68.0,18.856617647058822,2022,5,May,2,Wednesday,False,19
2022-05-11,KOLWEZI,CREAMY INN,364.5119681272405,231.75,-132.76196812724044,-36.42184063511932,51.0,4.544117647058823,2022,5,May,2,Wednesday,False,19
2022-05-11,KOLWEZI,GALITOS,487.6825173747984,557.5,69.81748262520165,14.316174998650784,44.0,12.670454545454543,2022,5,May,2,Wednesday,False,19
2022-05-11,JUNCTION,CHICKEN INN,1268.5290166203515,1297.5,28.97098337964826,2.283825044604302,160.0,8.109375,2022,5,May,2,Wednesday,False,19
2022-05-11,JUNCTION,PIZZA INN,2926.691187732171,3476.25,549.5588122678291,18.77747862744857,193.0,18.011658031088082,2022,5,May,2,Wednesday,False,19
2022-05-11,JUNCTION,CREAMY INN,245.11644697087124,268.5,23.383553029128763,9.539773164184115,30.0,8.95,2022,5,May,2,Wednesday,False,19
2022-05-11,JUNCTION,GALITOS,1345.71095380536,978.75,-366.9609538053601,-27.26892820242558,86.0,11.380813953488373,2022,5,May,2,Wednesday,False,19
2022-05-11,Bon Marche,CHICKEN INN,415.1344759941327,280.25,-134.88447599413269,-32.491754791293,42.0,6.672619047619048,2022,5,May,2,Wednesday,False,19
2022-05-11,Bon Marche,PIZZA INN,1039.016606888109,1177.0,137.98339311189102,13.280191307543785,81.0,14.530864197530864,2022,5,May,2,Wednesday,False,19
2022-05-11,Bon Marche,CREAMY INN,164.67604495284127,136.5,-28.176044952841263,-17.109984005815853,48.0,2.84375,2022,5,May,2,Wednesday,False,19
2022-05-11,Bon Marche,GALITOS,512.8625810061025,195.25,-317.61258100610246,-61.9293730462904,27.0,7.231481481481482,2022,5,May,2,Wednesday,False,19
2022-05-11,OASIS,CHICKEN INN,653.0120908281209,425.5,-227.5120908281209,-34.84041015834794,50.0,8.51,2022,5,May,2,Wednesday,False,19
2022-05-11,OASIS,PIZZA INN,1937.926223914312,1000.25,-937.6762239143118,-48.3855480329045,89.0,11.23876404494382,2022,5,May,2,Wednesday,False,19
2022-05-11,OASIS,CREAMY INN,119.33664775947364,108.5,-10.83664775947365,-9.080737529442938,34.0,3.1911764705882355,2022,5,May,2,Wednesday,False,19
2022-05-11,TATARAFEL,CHICKEN INN,674.2846899721527,636.75,-37.53468997215271,-5.56659383348936,93.0,6.846774193548387,2022,5,May,2,Wednesday,False,19
2022-05-11,TATARAFEL,PIZZA INN,1689.650356958049,1444.25,-245.4003569580491,-14.523735987595328,88.0,16.411931818181817,2022,5,May,2,Wednesday,False,19
2022-05-11,TATARAFEL,CREAMY INN,88.0,136.5,48.5,55.11363636363637,46.0,2.967391304347826,2022,5,May,2,Wednesday,False,19
2022-05-12,LA PIAZZA,CHICKEN INN,986.4507176871808,974.25,-12.20071768718094,-1.2368299265660812,145.0,6.718965517241379,2022,5,May,2,Thursday,False,19
2022-05-12,LA PIAZZA,PIZZA INN,2269.9162902148205,2933.75,663.8337097851795,29.24485421100509,186.0,15.772849462365592,2022,5,May,2,Thursday,False,19
2022-05-12,LA PIAZZA,CREAMY INN,371.4674973936562,398.5,27.032502606343822,7.277218813493286,130.0,3.065384615384616,2022,5,May,2,Thursday,False,19
2022-05-12,LA PIAZZA,GALITOS,637.4657310947888,528.25,-109.2157310947888,-17.132800363593006,72.0,7.336805555555555,2022,5,May,2,Thursday,False,19
2022-05-12,CARREFOUR,CHICKEN INN,1433.0635882182914,1893.5,460.43641178170856,32.12951718033412,173.0,10.945086705202312,2022,5,May,2,Thursday,False,19
2022-05-12,CARREFOUR,PIZZA INN,4095.078568341556,4402.0,306.9214316584439,7.494885056203998,287.0,15.337979094076656,2022,5,May,2,Thursday,False,19
2022-05-12,CARREFOUR,CREAMY INN,930.0079149308178,747.25,-182.75791493081783,-19.65122145701448,197.0,3.793147208121828,2022,5,May,2,Thursday,False,19
2022-05-12,CARREFOUR,GALITOS,677.521558142628,1046.5,368.978441857372,54.46002971018329,107.0,9.780373831775702,2022,5,May,2,Thursday,False,19
2022-05-12,ALILAC,CHICKEN INN,509.8521548204152,790.0,280.1478451795848,54.9468787237471,80.0,9.875,2022,5,May,2,Thursday,False,19
2022-05-12,ALILAC,PIZZA INN,1528.013613374567,2462.25,934.2363866254328,61.14058006081523,172.0,14.315406976744184,2022,5,May,2,Thursday,False,19
2022-05-12,ALILAC,CREAMY INN,111.12260740642448,216.75,105.62739259357552,95.05481832985566,47.0,4.611702127659575,2022,5,May,2,Thursday,False,19
2022-05-12,KOLWEZI,CHICKEN INN,941.1722818929233,779.25,-161.92228189292325,-17.20431901875167,61.0,12.774590163934429,2022,5,May,2,Thursday,False,19
2022-05-12,KOLWEZI,PIZZA INN,2339.861755312841,1674.0,-665.8617553128415,-28.457311796346502,81.0,20.666666666666668,2022,5,May,2,Thursday,False,19
2022-05-12,KOLWEZI,CREAMY INN,459.7247519779173,256.25,-203.4747519779173,-44.26012545604487,49.0,5.229591836734694,2022,5,May,2,Thursday,False,19
2022-05-12,KOLWEZI,GALITOS,416.6457985678297,498.0,81.35420143217033,19.525986272228284,36.0,13.833333333333334,2022,5,May,2,Thursday,False,19
2022-05-12,JUNCTION,CHICKEN INN,1690.9703855670607,1474.0,-216.9703855670607,-12.831116820197918,180.0,8.188888888888888,2022,5,May,2,Thursday,False,19
2022-05-12,JUNCTION,PIZZA INN,5675.053521731557,6465.0,789.9464782684427,13.919630453589384,389.0,16.619537275064268,2022,5,May,2,Thursday,False,19
2022-05-12,JUNCTION,CREAMY INN,402.1624376374231,411.25,9.087562362576932,2.259674577258752,97.0,4.239690721649485,2022,5,May,2,Thursday,False,19
2022-05-12,JUNCTION,GALITOS,1030.255784314665,1099.75,69.4942156853349,6.745336133352849,103.0,10.677184466019416,2022,5,May,2,Thursday,False,19
2022-05-12,Bon Marche,CHICKEN INN,553.3811964382273,490.25,-63.131196438227335,-11.408265558093374,53.0,9.25,2022,5,May,2,Thursday,False,19
2022-05-12,Bon Marche,PIZZA INN,2014.72395815938,1970.5,-44.22395815937989,-2.195038083519005,138.0,14.278985507246375,2022,5,May,2,Thursday,False,19
2022-05-12,Bon Marche,CREAMY INN,270.1839084122928,236.25,-33.933908412292794,-12.559559380017047,64.0,3.69140625,2022,5,May,2,Thursday,False,19
2022-05-12,Bon Marche,GALITOS,392.6397709299682,224.0,-168.63977092996822,-42.95025196519052,33.0,6.787878787878788,2022,5,May,2,Thursday,False,19
2022-05-12,OASIS,CHICKEN INN,611.2288674661753,486.25,-124.9788674661753,-20.447147397384903,54.0,9.00462962962963,2022,5,May,2,Thursday,False,19
2022-05-12,OASIS,PIZZA INN,2391.5765825938893,1902.0,-489.57658259388927,-20.470872066446542,144.0,13.208333333333334,2022,5,May,2,Thursday,False,19
2022-05-12,OASIS,CREAMY INN,117.35595651035376,116.0,-1.3559565103537494,-1.1554219748821355,46.0,2.5217391304347827,2022,5,May,2,Thursday,False,19
2022-05-12,TATARAFEL,CHICKEN INN,631.1403313816128,893.0,261.8596686183872,41.48992792857288,131.0,6.816793893129771,2022,5,May,2,Thursday,False,19
2022-05-12,TATARAFEL,PIZZA INN,2085.1816630615717,2037.0,-48.18166306157127,-2.3106698047031773,134.0,15.201492537313433,2022,5,May,2,Thursday,False,19
2022-05-12,TATARAFEL,CREAMY INN,134.0,186.0,52.0,38.80597014925373,52.0,3.576923076923077,2022,5,May,2,Thursday,False,19
2022-05-13,LA PIAZZA,CHICKEN INN,969.536857662902,1022.5,52.96314233709802,5.462726034445692,147.0,6.95578231292517,2022,5,May,2,Friday,False,19
2022-05-13,LA PIAZZA,PIZZA INN,1608.667005153538,1594.25,-14.417005153537955,-0.8962081715700967,144.0,11.071180555555555,2022,5,May,2,Friday,False,19
2022-05-13,LA PIAZZA,CREAMY INN,393.9713374847241,415.75,21.77866251527587,5.527981465433463,118.0,3.5233050847457625,2022,5,May,2,Friday,False,19
2022-05-13,LA PIAZZA,GALITOS,783.5219705104327,1022.25,238.72802948956732,30.468581415023472,85.0,12.026470588235297,2022,5,May,2,Friday,False,19
2022-05-13,CARREFOUR,CHICKEN INN,1408.4143700494865,2259.75,851.3356299505135,60.44638907799561,177.0,12.766949152542374,2022,5,May,2,Friday,False,19
2022-05-13,CARREFOUR,PIZZA INN,2661.2655741265794,3513.0,851.7344258734206,32.00486393218977,217.0,16.1889400921659,2022,5,May,2,Friday,False,19
2022-05-13,CARREFOUR,CREAMY INN,714.5585853652616,785.0,70.44141463473841,9.858032088261986,182.0,4.313186813186813,2022,5,May,2,Friday,False,19
2022-05-13,CARREFOUR,GALITOS,1077.8067188836765,1811.75,733.9432811163235,68.09600165384896,132.0,13.725378787878787,2022,5,May,2,Friday,False,19
2022-05-13,ALILAC,CHICKEN INN,501.1101387976298,598.25,97.13986120237018,19.384932309581448,66.0,9.06439393939394,2022,5,May,2,Friday,False,19
2022-05-13,ALILAC,PIZZA INN,1082.887987481016,2561.0,1478.112012518984,136.49722128299967,164.0,15.615853658536585,2022,5,May,2,Friday,False,19
2022-05-13,ALILAC,CREAMY INN,117.85451640283028,191.75,73.89548359716973,62.70059549062401,44.0,4.357954545454546,2022,5,May,2,Friday,False,19
2022-05-13,KOLWEZI,CHICKEN INN,924.9837742080312,1019.0,94.01622579196874,10.164094594250066,82.0,12.426829268292684,2022,5,May,2,Friday,False,19
2022-05-13,KOLWEZI,PIZZA INN,1520.6041675901938,1245.0,-275.6041675901938,-18.124648969426588,68.0,18.308823529411764,2022,5,May,2,Friday,False,19
2022-05-13,KOLWEZI,CREAMY INN,353.2230889187358,281.5,-71.72308891873581,-20.30532294428713,50.0,5.63,2022,5,May,2,Friday,False,19
2022-05-13,KOLWEZI,GALITOS,662.8034719989342,870.5,207.69652800106576,31.336065180026655,57.0,15.271929824561404,2022,5,May,2,Friday,False,19
2022-05-13,JUNCTION,CHICKEN INN,2087.3857032609203,1756.5,-330.8857032609203,-15.851680058170832,221.0,7.947963800904978,2022,5,May,2,Friday,False,19
2022-05-13,JUNCTION,PIZZA INN,5110.345484911072,4791.75,-318.59548491107216,-6.234323801624857,314.0,15.260350318471335,2022,5,May,2,Friday,False,19
2022-05-13,JUNCTION,CREAMY INN,316.04044275576564,632.5,316.4595572442344,100.13261419482082,113.0,5.597345132743363,2022,5,May,2,Friday,False,19
2022-05-13,JUNCTION,GALITOS,2539.356338728026,2178.75,-360.606338728026,-14.20069854822562,157.0,13.877388535031848,2022,5,May,2,Friday,False,19
2022-05-13,Bon Marche,CHICKEN INN,683.1107201863938,474.75,-208.3607201863938,-30.501749427902467,48.0,9.890625,2022,5,May,2,Friday,False,19
2022-05-13,Bon Marche,PIZZA INN,1814.2446487060588,1089.75,-724.4946487060588,-39.93367979466149,86.0,12.671511627906977,2022,5,May,2,Friday,False,19
2022-05-13,Bon Marche,CREAMY INN,212.32475748291617,155.75,-56.57475748291617,-26.645388956805107,48.0,3.2447916666666665,2022,5,May,2,Friday,False,19
2022-05-13,Bon Marche,GALITOS,967.7716022831968,767.25,-200.52160228319667,-20.719930385446307,61.0,12.577868852459016,2022,5,May,2,Friday,False,19
2022-05-13,OASIS,CHICKEN INN,488.2668101438783,580.25,91.98318985612173,18.838714396544155,60.0,9.670833333333333,2022,5,May,2,Friday,False,19
2022-05-13,OASIS,PIZZA INN,2173.143326779272,1757.0,-416.1433267792722,-19.149373244332736,120.0,14.641666666666667,2022,5,May,2,Friday,False,19
2022-05-13,OASIS,CREAMY INN,116.3656108857938,150.5,34.1343891142062,29.33374289394412,44.0,3.4204545454545454,2022,5,May,2,Friday,False,19
2022-05-13,TATARAFEL,CHICKEN INN,504.1726475294524,779.25,275.0773524705476,54.56014994436571,101.0,7.715346534653466,2022,5,May,2,Friday,False,19
2022-05-13,TATARAFEL,PIZZA INN,1894.7328089699024,1272.75,-621.9828089699022,-32.82694034881107,89.0,14.30056179775281,2022,5,May,2,Friday,False,19
2022-05-13,TATARAFEL,CREAMY INN,89.0,202.5,113.5,127.52808988764043,66.0,3.0681818181818183,2022,5,May,2,Friday,False,19
2022-05-14,LA PIAZZA,CHICKEN INN,1449.4318014026114,1277.5,-171.93180140261143,-11.862013875798327,152.0,8.404605263157896,2022,5,May,2,Saturday,True,19
2022-05-14,LA PIAZZA,PIZZA INN,2950.007941368677,2836.5,-113.50794136867717,-3.847716468044976,191.0,14.850785340314136,2022,5,May,2,Saturday,True,19
2022-05-14,LA PIAZZA,CREAMY INN,694.5363250024127,520.0,-174.5363250024127,-25.129905912668622,146.0,3.5616438356164384,2022,5,May,2,Saturday,True,19
2022-05-14,LA PIAZZA,GALITOS,889.434097338151,834.0,-55.43409733815099,-6.232513179340783,100.0,8.34,2022,5,May,2,Saturday,True,19
2022-05-14,CARREFOUR,CHICKEN INN,2109.0815077840293,2306.25,197.16849221597067,9.348547767749942,209.0,11.03468899521531,2022,5,May,2,Saturday,True,19
2022-05-14,CARREFOUR,PIZZA INN,3674.782915373967,4329.25,654.4670846260333,17.80968018241238,286.0,15.137237762237762,2022,5,May,2,Saturday,True,19
2022-05-14,CARREFOUR,CREAMY INN,804.4042611534085,984.5,180.09573884659153,22.38871019757631,229.0,4.299126637554585,2022,5,May,2,Saturday,True,19
2022-05-14,CARREFOUR,GALITOS,850.5431865934326,975.25,124.70681340656743,14.66202015044516,80.0,12.190625,2022,5,May,2,Saturday,True,19
2022-05-14,ALILAC,CHICKEN INN,749.1463222237777,889.75,140.6036777762223,18.768520061455035,101.0,8.80940594059406,2022,5,May,2,Saturday,True,19
2022-05-14,ALILAC,PIZZA INN,1985.8231395607213,1988.75,2.9268604392786983,0.147387769886,137.0,14.516423357664234,2022,5,May,2,Saturday,True,19
2022-05-14,ALILAC,CREAMY INN,207.7669995740036,196.5,-11.26699957400362,-5.42290142183551,43.0,4.569767441860465,2022,5,May,2,Saturday,True,19
2022-05-14,KOLWEZI,CHICKEN INN,1385.1507160594294,1391.5,6.349283940570558,0.4583821722038617,87.0,15.994252873563218,2022,5,May,2,Saturday,True,19
2022-05-14,KOLWEZI,PIZZA INN,2099.711607302036,1635.0,-464.7116073020361,-22.132163564078876,93.0,17.580645161290324,2022,5,May,2,Saturday,True,19
2022-05-14,KOLWEZI,CREAMY INN,397.6359163311421,392.0,-5.635916331142084,-1.4173559529387738,86.0,4.558139534883721,2022,5,May,2,Saturday,True,19
2022-05-14,KOLWEZI,GALITOS,523.0464491287024,632.0,108.95355087129758,20.83056888213156,45.0,14.044444444444444,2022,5,May,2,Saturday,True,19
2022-05-14,JUNCTION,CHICKEN INN,3921.4993707186513,2881.75,-1039.749370718651,-26.51407720430432,265.0,10.874528301886793,2022,5,May,2,Saturday,True,19
2022-05-14,JUNCTION,PIZZA INN,8750.102327275037,6924.75,-1825.3523272750367,-20.860925495524917,421.0,16.44833729216152,2022,5,May,2,Saturday,True,19
2022-05-14,JUNCTION,CREAMY INN,873.690101921611,713.25,-160.44010192161102,-18.363502295463334,129.0,5.52906976744186,2022,5,May,2,Saturday,True,19
2022-05-14,JUNCTION,GALITOS,1400.4822909257225,1391.25,-9.23229092572251,-0.6592222540436367,119.0,11.691176470588236,2022,5,May,2,Saturday,True,19
2022-05-14,Bon Marche,CHICKEN INN,1283.3364984522264,852.75,-430.5864984522264,-33.552111934129286,77.0,11.074675324675324,2022,5,May,2,Saturday,True,19
2022-05-14,Bon Marche,PIZZA INN,3106.4096096362878,2145.0,-961.4096096362872,-30.949222106895736,133.0,16.127819548872182,2022,5,May,2,Saturday,True,19
2022-05-14,Bon Marche,CREAMY INN,586.9693049034502,385.5,-201.46930490345017,-34.32365256929229,108.0,3.5694444444444446,2022,5,May,2,Saturday,True,19
2022-05-14,Bon Marche,GALITOS,533.7364315467939,410.0,-123.73643154679394,-23.183058946941244,45.0,9.11111111111111,2022,5,May,2,Saturday,True,19
2022-05-14,OASIS,CHICKEN INN,961.0141373247484,881.25,-79.76413732474839,-8.299996246339743,97.0,9.085051546391751,2022,5,May,2,Saturday,True,19
2022-05-14,OASIS,PIZZA INN,3244.3906080794645,2446.75,-797.6406080794645,-24.58522121513699,178.0,13.745786516853933,2022,5,May,2,Saturday,True,19
2022-05-14,OASIS,CREAMY INN,189.65118710322992,299.0,109.34881289677008,57.65785839096801,82.0,3.6463414634146334,2022,5,May,2,Saturday,True,19
2022-05-14,TATARAFEL,CHICKEN INN,992.3202475824186,893.5,-98.82024758241856,-9.95850360034208,106.0,8.429245283018869,2022,5,May,2,Saturday,True,19
2022-05-14,TATARAFEL,PIZZA INN,2828.738102310338,2099.75,-728.988102310338,-25.770788102120367,130.0,16.151923076923076,2022,5,May,2,Saturday,True,19
2022-05-14,TATARAFEL,CREAMY INN,130.0,421.0,291.0,223.84615384615384,82.0,5.134146341463414,2022,5,May,2,Saturday,True,19
2022-05-15,LA PIAZZA,CHICKEN INN,2358.480108809194,1716.75,-641.730108809194,-27.20947725665603,198.0,8.670454545454545,2022,5,May,2,Sunday,True,19
2022-05-15,LA PIAZZA,PIZZA INN,4512.157855231172,3589.25,-922.907855231172,-20.45380247859012,239.0,15.017782426778243,2022,5,May,2,Sunday,True,19
2022-05-15,LA PIAZZA,CREAMY INN,733.3785695431602,731.5,-1.8785695431602107,-0.2561527730937677,166.0,4.406626506024097,2022,5,May,2,Sunday,True,19
2022-05-15,LA PIAZZA,GALITOS,902.8154682007928,1151.75,248.9345317992071,27.573135437666448,120.0,9.597916666666666,2022,5,May,2,Sunday,True,19
2022-05-15,CARREFOUR,CHICKEN INN,3530.0827126431186,3979.5,449.4172873568814,12.73106960772554,298.0,13.354026845637584,2022,5,May,2,Sunday,True,19
2022-05-15,CARREFOUR,PIZZA INN,7888.059899834558,7355.5,-532.5598998345577,-6.751468759076327,450.0,16.345555555555556,2022,5,May,2,Sunday,True,19
2022-05-15,CARREFOUR,CREAMY INN,1993.7326383088773,1494.75,-498.9826383088776,-25.027560301772677,283.0,5.281802120141343,2022,5,May,2,Sunday,True,19
2022-05-15,CARREFOUR,GALITOS,1380.65734865388,1717.0,336.34265134612,24.36105176089121,132.0,13.007575757575758,2022,5,May,2,Sunday,True,19
2022-05-15,ALILAC,CHICKEN INN,1218.992641007717,1398.25,179.25735899228266,14.70536842979578,136.0,10.28125,2022,5,May,2,Sunday,True,19
2022-05-15,ALILAC,PIZZA INN,3037.3977481943725,3179.75,142.35225180562747,4.686651654043365,196.0,16.223214285714285,2022,5,May,2,Sunday,True,19
2022-05-15,ALILAC,CREAMY INN,219.3864589376629,273.25,53.86354106233708,24.5518986555328,69.0,3.960144927536232,2022,5,May,2,Sunday,True,19
2022-05-15,KOLWEZI,CHICKEN INN,2318.400962276768,1519.5,-798.9009622767676,-34.45913693428652,120.0,12.6625,2022,5,May,2,Sunday,True,19
2022-05-15,KOLWEZI,PIZZA INN,4507.110028590859,2713.5,-1793.6100285908587,-39.79512408645653,132.0,20.556818181818183,2022,5,May,2,Sunday,True,19
2022-05-15,KOLWEZI,CREAMY INN,985.5488624793156,522.0,-463.5488624793155,-47.03458957003711,95.0,5.494736842105263,2022,5,May,2,Sunday,True,19
2022-05-15,KOLWEZI,GALITOS,849.0432173928567,1207.0,357.9567826071433,42.16001909847598,91.0,13.263736263736265,2022,5,May,2,Sunday,True,19
2022-05-15,JUNCTION,CHICKEN INN,4093.07852342262,4100.25,7.171476577379963,0.1752098459958983,399.0,10.276315789473683,2022,5,May,2,Sunday,True,19
2022-05-15,JUNCTION,PIZZA INN,9960.690498203336,10926.75,966.0595017966624,9.698720203894656,560.0,19.51205357142857,2022,5,May,2,Sunday,True,19
2022-05-15,JUNCTION,CREAMY INN,956.3048662424768,936.5,-19.80486624247692,-2.0709782979871685,177.0,5.290960451977401,2022,5,May,2,Sunday,True,19
2022-05-15,JUNCTION,GALITOS,2563.622120996541,1700.5,-863.1221209965411,-33.668071200018545,137.0,12.412408759124087,2022,5,May,2,Sunday,True,19
2022-05-15,Bon Marche,CHICKEN INN,1339.4869062994571,1263.75,-75.73690629945713,-5.654172948109827,118.0,10.709745762711863,2022,5,May,2,Sunday,True,19
2022-05-15,Bon Marche,PIZZA INN,3536.1854667438706,3282.5,-253.68546674387065,-7.173986464501391,192.0,17.096354166666668,2022,5,May,2,Sunday,True,19
2022-05-15,Bon Marche,CREAMY INN,642.4722008176033,796.0,153.52779918239673,23.89641123569532,214.0,3.7196261682242993,2022,5,May,2,Sunday,True,19
2022-05-15,Bon Marche,GALITOS,977.0195107505916,888.75,-88.26951075059162,-9.034569911790085,80.0,11.109375,2022,5,May,2,Sunday,True,19
2022-05-15,OASIS,CHICKEN INN,1832.1943444213136,1948.75,116.55565557868636,6.361533422127208,172.0,11.329941860465116,2022,5,May,2,Sunday,True,19
2022-05-15,OASIS,PIZZA INN,4524.584622948427,3684.0,-840.5846229484268,-18.57816115727024,252.0,14.61904761904762,2022,5,May,2,Sunday,True,19
2022-05-15,OASIS,CREAMY INN,326.3188832925026,479.5,153.18111670749738,46.94215522004908,104.0,4.610576923076923,2022,5,May,2,Sunday,True,19
2022-05-15,TATARAFEL,CHICKEN INN,1891.880124195176,1994.25,102.369875804824,5.411012806552589,201.0,9.921641791044776,2022,5,May,2,Sunday,True,19
2022-05-15,TATARAFEL,PIZZA INN,3944.921085700599,2813.25,-1131.6710857005992,-28.68678640499648,191.0,14.729057591623036,2022,5,May,2,Sunday,True,19
2022-05-15,TATARAFEL,CREAMY INN,191.0,441.0,250.0,130.89005235602093,139.0,3.172661870503597,2022,5,May,2,Sunday,True,19
2022-05-16,LA PIAZZA,CHICKEN INN,1365.7225280621126,1405.25,39.52747193788741,2.8942534904198136,189.0,7.435185185185185,2022,5,May,2,Monday,False,20
2022-05-16,LA PIAZZA,PIZZA INN,2137.13649165621,2152.5,15.363508343789816,0.7188828792064472,154.0,13.977272727272728,2022,5,May,2,Monday,False,20
2022-05-16,LA PIAZZA,CREAMY INN,547.1824131732279,576.5,29.31758682677207,5.357918332344256,154.0,3.743506493506493,2022,5,May,2,Monday,False,20
2022-05-16,LA PIAZZA,GALITOS,489.1318115323122,771.25,282.11818846768773,57.67733396523339,103.0,7.487864077669903,2022,5,May,2,Monday,False,20
2022-05-16,CARREFOUR,CHICKEN INN,1835.0556249499732,1752.5,-82.55562494997343,-4.498807765144669,180.0,9.73611111111111,2022,5,May,2,Monday,False,20
2022-05-16,CARREFOUR,PIZZA INN,3991.455360536375,3105.5,-885.9553605363749,-22.196298856197643,203.0,15.298029556650246,2022,5,May,2,Monday,False,20
2022-05-16,CARREFOUR,CREAMY INN,1150.8660142762624,808.25,-342.6160142762624,-29.77027821016342,191.0,4.231675392670157,2022,5,May,2,Monday,False,20
2022-05-16,CARREFOUR,GALITOS,599.4232614108424,773.25,173.82673858915757,28.99899783335525,76.0,10.174342105263158,2022,5,May,2,Monday,False,20
2022-05-16,ALILAC,CHICKEN INN,705.880751399145,876.0,170.11924860085503,24.100281565074148,96.0,9.125,2022,5,May,2,Monday,False,20
2022-05-16,ALILAC,PIZZA INN,1438.6317535001272,1671.5,232.86824649987284,16.186786224710715,127.0,13.161417322834646,2022,5,May,2,Monday,False,20
2022-05-16,ALILAC,CREAMY INN,163.68682833726427,126.0,-37.686828337264274,-23.023739124331637,31.0,4.064516129032258,2022,5,May,2,Monday,False,20
2022-05-16,KOLWEZI,CHICKEN INN,1205.1827316901513,636.5,-568.6827316901513,-47.18643212657297,51.0,12.480392156862743,2022,5,May,2,Monday,False,20
2022-05-16,KOLWEZI,PIZZA INN,2280.653127966682,822.0,-1458.653127966682,-63.95769308711778,58.0,14.172413793103448,2022,5,May,2,Monday,False,20
2022-05-16,KOLWEZI,CREAMY INN,568.9000969549026,293.5,-275.4000969549025,-48.40921954997204,55.0,5.336363636363636,2022,5,May,2,Monday,False,20
2022-05-16,KOLWEZI,GALITOS,368.6187995483356,572.75,204.13120045166443,55.37731681123808,44.0,13.017045454545457,2022,5,May,2,Monday,False,20
2022-05-16,JUNCTION,CHICKEN INN,2790.089087087848,1633.0,-1157.089087087848,-41.471402918376285,200.0,8.165,2022,5,May,2,Monday,False,20
2022-05-16,JUNCTION,PIZZA INN,6762.50986508246,3544.25,-3218.25986508246,-47.58972525422286,232.0,15.276939655172416,2022,5,May,2,Monday,False,20
2022-05-16,JUNCTION,CREAMY INN,547.5176597680033,299.0,-248.5176597680033,-45.38988931851191,73.0,4.095890410958904,2022,5,May,2,Monday,False,20
2022-05-16,JUNCTION,GALITOS,1356.572780154124,882.25,-474.3227801541241,-34.96478678425458,91.0,9.695054945054943,2022,5,May,2,Monday,False,20
2022-05-16,Bon Marche,CHICKEN INN,913.0750309764568,385.25,-527.8250309764567,-57.80741046132785,51.0,7.553921568627451,2022,5,May,2,Monday,False,20
2022-05-16,Bon Marche,PIZZA INN,2400.7862816267657,1196.75,-1204.0362816267657,-50.15174781867356,88.0,13.599431818181818,2022,5,May,2,Monday,False,20
2022-05-16,Bon Marche,CREAMY INN,367.8375884876661,180.42,-187.41758848766608,-50.95117909461565,54.0,3.341111111111112,2022,5,May,2,Monday,False,20
2022-05-16,Bon Marche,GALITOS,517.002120986746,258.5,-258.50212098674604,-50.000205123602,30.0,8.616666666666667,2022,5,May,2,Monday,False,20
2022-05-16,OASIS,CHICKEN INN,746.128988606171,533.5,-212.628988606171,-28.497617952544516,56.0,9.526785714285714,2022,5,May,2,Monday,False,20
2022-05-16,OASIS,PIZZA INN,2190.6569063100656,1442.25,-748.4069063100656,-34.16358372478689,111.0,12.993243243243244,2022,5,May,2,Monday,False,20
2022-05-16,OASIS,CREAMY INN,138.64838743839263,162.0,23.351612561607368,16.842325390898242,45.0,3.6,2022,5,May,2,Monday,False,20
2022-05-16,TATARAFEL,CHICKEN INN,770.4349748310702,618.0,-152.43497483107024,-19.785573060788675,76.0,8.131578947368421,2022,5,May,2,Monday,False,20
2022-05-16,TATARAFEL,PIZZA INN,1910.0026502779203,1331.25,-578.7526502779203,-30.30114383316208,89.0,14.957865168539326,2022,5,May,2,Monday,False,20
2022-05-16,TATARAFEL,CREAMY INN,89.0,175.5,86.5,97.19101123595506,50.0,3.51,2022,5,May,2,Monday,False,20
2022-05-17,LA PIAZZA,CHICKEN INN,1064.9998303423065,1092.5,27.500169657693505,2.58217596606138,146.0,7.482876712328767,2022,5,May,2,Tuesday,False,20
2022-05-17,LA PIAZZA,PIZZA INN,4297.237116987746,4378.0,80.76288301225395,1.8794141634163928,240.0,18.241666666666667,2022,5,May,2,Tuesday,False,20
2022-05-17,LA PIAZZA,CREAMY INN,461.7911295399975,567.75,105.95887046000252,22.945193980999807,137.0,4.144160583941606,2022,5,May,2,Tuesday,False,20
2022-05-17,LA PIAZZA,GALITOS,700.3866451510409,762.5,62.11335484895915,8.86843792339361,93.0,8.198924731182796,2022,5,May,2,Tuesday,False,20
2022-05-17,CARREFOUR,CHICKEN INN,1228.00307111185,2197.5,969.49692888815,78.94906386596858,219.0,10.034246575342468,2022,5,May,2,Tuesday,False,20
2022-05-17,CARREFOUR,PIZZA INN,5824.241558682641,10174.25,4350.008441317359,74.68798121589703,535.0,19.017289719626167,2022,5,May,2,Tuesday,False,20
2022-05-17,CARREFOUR,CREAMY INN,850.3788042824602,1324.5,474.12119571753976,55.75411726278829,235.0,5.636170212765958,2022,5,May,2,Tuesday,False,20
2022-05-17,CARREFOUR,GALITOS,801.3236812576448,1141.0,339.6763187423552,42.389402271158026,108.0,10.564814814814817,2022,5,May,2,Tuesday,False,20
2022-05-17,ALILAC,CHICKEN INN,550.4506699092829,1217.25,666.7993300907171,121.13698221143216,117.0,10.403846153846152,2022,5,May,2,Tuesday,False,20
2022-05-17,ALILAC,PIZZA INN,2892.7220104818653,4538.75,1646.0279895181347,56.90239101972823,247.0,18.375506072874494,2022,5,May,2,Tuesday,False,20
2022-05-17,ALILAC,CREAMY INN,138.1424613235053,297.0,158.8575386764947,114.99544539349009,53.0,5.60377358490566,2022,5,May,2,Tuesday,False,20
2022-05-17,KOLWEZI,CHICKEN INN,806.4976754079707,872.75,66.25232459202925,8.21481903943681,63.0,13.853174603174605,2022,5,May,2,Tuesday,False,20
2022-05-17,KOLWEZI,PIZZA INN,3327.877560694583,2578.75,-749.1275606945828,-22.510670751306957,123.0,20.965447154471544,2022,5,May,2,Tuesday,False,20
2022-05-17,KOLWEZI,CREAMY INN,420.3622126324737,348.25,-72.1122126324737,-17.154779964849514,69.0,5.047101449275362,2022,5,May,2,Tuesday,False,20
2022-05-17,KOLWEZI,GALITOS,492.77862981095046,770.25,277.47137018904954,56.30750876828783,52.0,14.8125,2022,5,May,2,Tuesday,False,20
2022-05-17,JUNCTION,CHICKEN INN,1408.0575691703484,2947.0,1538.9424308296516,109.295419770118,291.0,10.127147766323024,2022,5,May,2,Tuesday,False,20
2022-05-17,JUNCTION,PIZZA INN,5226.983544705485,10271.0,5044.016455294515,96.49956637808243,591.0,17.37901861252115,2022,5,May,2,Tuesday,False,20
2022-05-17,JUNCTION,CREAMY INN,335.52505698238497,819.5,483.97494301761503,144.2440535947882,174.0,4.709770114942529,2022,5,May,2,Tuesday,False,20
2022-05-17,JUNCTION,GALITOS,973.866728376402,1361.75,387.88327162359815,39.82919431596808,134.0,10.162313432835822,2022,5,May,2,Tuesday,False,20
2022-05-17,Bon Marche,CHICKEN INN,460.7961138361924,776.75,315.9538861638076,68.56695980646343,84.0,9.24702380952381,2022,5,May,2,Tuesday,False,20
2022-05-17,Bon Marche,PIZZA INN,1855.6528032901813,3614.75,1759.0971967098185,94.79667713652228,203.0,17.80665024630542,2022,5,May,2,Tuesday,False,20
2022-05-17,Bon Marche,CREAMY INN,225.41506312304665,530.5,305.0849368769534,135.34363349552095,145.0,3.658620689655173,2022,5,May,2,Tuesday,False,20
2022-05-17,Bon Marche,GALITOS,371.1493931581172,598.5,227.35060684188284,61.255820710725736,48.0,12.46875,2022,5,May,2,Tuesday,False,20
2022-05-17,OASIS,CHICKEN INN,640.1786722240947,695.75,55.57132777590528,8.680596556402072,98.0,7.099489795918367,2022,5,May,2,Tuesday,False,20
2022-05-17,OASIS,PIZZA INN,2694.6588061406737,3885.5,1190.8411938593265,44.19265218830672,280.0,13.876785714285717,2022,5,May,2,Tuesday,False,20
2022-05-17,OASIS,CREAMY INN,102.00559932967457,352.0,249.99440067032543,245.0790959644892,86.0,4.093023255813954,2022,5,May,2,Tuesday,False,20
2022-05-17,TATARAFEL,CHICKEN INN,661.0332084050583,1003.75,342.7167915949417,51.84562397732621,101.0,9.938118811881187,2022,5,May,2,Tuesday,False,20
2022-05-17,TATARAFEL,PIZZA INN,2349.4347501419943,2700.0,350.5652498580057,14.921259244880853,175.0,15.428571428571429,2022,5,May,2,Tuesday,False,20
2022-05-17,TATARAFEL,CREAMY INN,175.0,295.0,120.0,68.57142857142857,62.0,4.758064516129032,2022,5,May,2,Tuesday,False,20
2022-05-18,LA PIAZZA,CHICKEN INN,1006.804684835042,1068.75,61.94531516495806,6.152664573179592,139.0,7.688848920863309,2022,5,May,2,Wednesday,False,20
2022-05-18,LA PIAZZA,PIZZA INN,1600.423469988037,1874.0,273.5765300119631,17.094008875913826,152.0,12.328947368421051,2022,5,May,2,Wednesday,False,20
2022-05-18,LA PIAZZA,CREAMY INN,363.7607028419205,426.75,62.98929715807947,17.31613576342047,121.0,3.5268595041322315,2022,5,May,2,Wednesday,False,20
2022-05-18,LA PIAZZA,GALITOS,498.811952156351,568.5,69.68804784364897,13.97080553952033,83.0,6.849397590361446,2022,5,May,2,Wednesday,False,20
2022-05-18,CARREFOUR,CHICKEN INN,1321.617655008269,1172.0,-149.6176550082689,-11.320797239753338,131.0,8.946564885496183,2022,5,May,2,Wednesday,False,20
2022-05-18,CARREFOUR,PIZZA INN,2501.0064366208685,2053.25,-447.7564366208685,-17.90305015071597,157.0,13.078025477707008,2022,5,May,2,Wednesday,False,20
2022-05-18,CARREFOUR,CREAMY INN,794.7886704336067,787.75,-7.03867043360674,-0.8856027640362194,185.0,4.258108108108108,2022,5,May,2,Wednesday,False,20
2022-05-18,CARREFOUR,GALITOS,571.2978297903924,688.75,117.45217020960764,20.55883360395409,69.0,9.981884057971014,2022,5,May,2,Wednesday,False,20
2022-05-18,ALILAC,CHICKEN INN,520.3722080003773,755.25,234.87779199962267,45.1364981427779,83.0,9.099397590361448,2022,5,May,2,Wednesday,False,20
2022-05-18,ALILAC,PIZZA INN,1077.338781103002,1830.75,753.411218896998,69.93261842162963,127.0,14.41535433070866,2022,5,May,2,Wednesday,False,20
2022-05-18,ALILAC,CREAMY INN,108.81715911998414,125.75,16.93284088001586,15.560818732039628,36.0,3.493055555555556,2022,5,May,2,Wednesday,False,20
2022-05-18,KOLWEZI,CHICKEN INN,867.9795609771882,672.0,-195.97956097718816,-22.57882210458396,51.0,13.176470588235292,2022,5,May,2,Wednesday,False,20
2022-05-18,KOLWEZI,PIZZA INN,1429.0346847265482,1189.0,-240.03468472654825,-16.796981017467736,67.0,17.746268656716417,2022,5,May,2,Wednesday,False,20
2022-05-18,KOLWEZI,CREAMY INN,392.88270403282434,252.5,-140.38270403282434,-35.73145434803761,55.0,4.590909090909091,2022,5,May,2,Wednesday,False,20
2022-05-18,KOLWEZI,GALITOS,351.3229027953345,539.5,188.17709720466547,53.56243379165328,38.0,14.197368421052632,2022,5,May,2,Wednesday,False,20
2022-05-18,JUNCTION,CHICKEN INN,1502.0405320278594,1095.0,-407.0405320278594,-27.099170984309342,134.0,8.171641791044776,2022,5,May,2,Wednesday,False,20
2022-05-18,JUNCTION,PIZZA INN,3430.707471811666,2963.5,-467.207471811666,-13.618400159455918,207.0,14.316425120772946,2022,5,May,2,Wednesday,False,20
2022-05-18,JUNCTION,CREAMY INN,257.97629236044,352.5,94.52370763955996,36.64046287923741,94.0,3.75,2022,5,May,2,Wednesday,False,20
2022-05-18,JUNCTION,GALITOS,1100.973206925766,1001.0,-99.97320692576614,-9.080439587164896,95.0,10.536842105263158,2022,5,May,2,Wednesday,False,20
2022-05-18,Bon Marche,CHICKEN INN,491.5526574603778,348.0,-143.55265746037782,-29.20392256692235,35.0,9.942857142857145,2022,5,May,2,Wednesday,False,20
2022-05-18,Bon Marche,PIZZA INN,1217.949489009649,925.0,-292.9494890096489,-24.052679659798937,70.0,13.214285714285714,2022,5,May,2,Wednesday,False,20
2022-05-18,Bon Marche,CREAMY INN,173.31564667532737,177.25,3.934353324672628,2.270050858156426,47.0,3.771276595744681,2022,5,May,2,Wednesday,False,20
2022-05-18,Bon Marche,GALITOS,419.59081846351927,154.25,-265.34081846351927,-63.2379944430526,19.0,8.118421052631579,2022,5,May,2,Wednesday,False,20
2022-05-18,OASIS,CHICKEN INN,395.1499123658282,360.75,-34.399912365828186,-8.70553460580826,47.0,7.675531914893617,2022,5,May,2,Wednesday,False,20
2022-05-18,OASIS,PIZZA INN,1454.113589376146,1211.75,-242.3635893761461,-16.667445455903252,98.0,12.364795918367347,2022,5,May,2,Wednesday,False,20
2022-05-18,OASIS,CREAMY INN,147.56149805943215,131.0,-16.561498059432154,-11.223454815267472,47.0,2.7872340425531914,2022,5,May,2,Wednesday,False,20
2022-05-18,TATARAFEL,CHICKEN INN,408.0223626705349,670.0,261.97763732946515,64.20668602936448,86.0,7.790697674418604,2022,5,May,2,Wednesday,False,20
2022-05-18,TATARAFEL,PIZZA INN,1267.8209908240517,1243.0,-24.82099082405148,-1.9577677766573705,77.0,16.142857142857142,2022,5,May,2,Wednesday,False,20
2022-05-18,TATARAFEL,CREAMY INN,77.0,197.5,120.5,156.4935064935065,51.0,3.872549019607843,2022,5,May,2,Wednesday,False,20
2022-05-19,LA PIAZZA,CHICKEN INN,808.1384984481729,776.25,-31.888498448172868,-3.9459199765147592,109.0,7.121559633027523,2022,5,May,2,Thursday,False,20
2022-05-19,LA PIAZZA,PIZZA INN,2245.1856847183167,3337.75,1092.564315281683,48.66253703282264,233.0,14.32510729613734,2022,5,May,2,Thursday,False,20
2022-05-19,LA PIAZZA,CREAMY INN,369.0013231371008,423.0,53.99867686289923,14.633735294991412,115.0,3.6782608695652175,2022,5,May,2,Thursday,False,20
2022-05-19,LA PIAZZA,GALITOS,675.0474535175275,594.5,-80.54745351752752,-11.932117230842367,78.0,7.621794871794871,2022,5,May,2,Thursday,False,20
2022-05-19,CARREFOUR,CHICKEN INN,1120.228298054628,1626.0,505.7717019453721,45.14898461534027,179.0,9.083798882681563,2022,5,May,2,Thursday,False,20
2022-05-19,CARREFOUR,PIZZA INN,3632.09907218897,4150.25,518.1509278110302,14.26588090007012,247.0,16.80263157894737,2022,5,May,2,Thursday,False,20
2022-05-19,CARREFOUR,CREAMY INN,737.0951261147968,793.5,56.40487388520319,7.6523194750332095,190.0,4.176315789473684,2022,5,May,2,Thursday,False,20
2022-05-19,CARREFOUR,GALITOS,594.9031027575558,938.5,343.59689724244424,57.75678352487468,81.0,11.58641975308642,2022,5,May,2,Thursday,False,20
2022-05-19,ALILAC,CHICKEN INN,417.69056217342353,768.75,351.05943782657647,84.04773045382288,89.0,8.637640449438202,2022,5,May,2,Thursday,False,20
2022-05-19,ALILAC,PIZZA INN,1511.365994240525,2343.48,832.114005759475,55.05708140387397,187.0,12.531978609625668,2022,5,May,2,Thursday,False,20
2022-05-19,ALILAC,CREAMY INN,110.38486395476356,175.5,65.11513604523644,58.98918901772715,39.0,4.5,2022,5,May,2,Thursday,False,20
2022-05-19,KOLWEZI,CHICKEN INN,735.7160088282833,778.0,42.28399117171671,5.747325145073176,70.0,11.114285714285714,2022,5,May,2,Thursday,False,20
2022-05-19,KOLWEZI,PIZZA INN,2075.3227486827027,1442.25,-633.0727486827027,-30.50478529590356,86.0,16.7703488372093,2022,5,May,2,Thursday,False,20
2022-05-19,KOLWEZI,CREAMY INN,364.363430242918,304.0,-60.363430242918014,-16.5668190692667,62.0,4.903225806451613,2022,5,May,2,Thursday,False,20
2022-05-19,KOLWEZI,GALITOS,365.83910185588894,543.0,177.16089814411106,48.42590560860773,49.0,11.081632653061224,2022,5,May,2,Thursday,False,20
2022-05-19,JUNCTION,CHICKEN INN,1841.343126139078,1562.75,-278.5931261390781,-15.129886558581354,194.0,8.05541237113402,2022,5,May,2,Thursday,False,20
2022-05-19,JUNCTION,PIZZA INN,5264.697349906676,5349.5,84.80265009332379,1.610779204522118,338.0,15.826923076923077,2022,5,May,2,Thursday,False,20
2022-05-19,JUNCTION,CREAMY INN,383.0675156953361,289.5,-93.56751569533613,-24.425854937215004,74.0,3.9121621621621614,2022,5,May,2,Thursday,False,20
2022-05-19,JUNCTION,GALITOS,1079.942862293053,1208.0,128.05713770694706,11.857769718949957,136.0,8.882352941176471,2022,5,May,2,Thursday,False,20
2022-05-19,Bon Marche,CHICKEN INN,602.5916662369239,452.5,-150.09166623692386,-24.907690339333637,50.0,9.05,2022,5,May,2,Thursday,False,20
2022-05-19,Bon Marche,PIZZA INN,1869.0417355004647,1836.75,-32.291735500465165,-1.7277161278487208,118.0,15.565677966101696,2022,5,May,2,Thursday,False,20
2022-05-19,Bon Marche,CREAMY INN,257.35540888496496,139.25,-118.10540888496496,-45.89194740327248,50.0,2.785,2022,5,May,2,Thursday,False,20
2022-05-19,Bon Marche,GALITOS,411.5759644584436,276.0,-135.5759644584436,-32.94069045961807,35.0,7.885714285714286,2022,5,May,2,Thursday,False,20
2022-05-19,OASIS,CHICKEN INN,690.9154434493144,555.75,-135.16544344931435,-19.56323957306797,63.0,8.821428571428571,2022,5,May,2,Thursday,False,20
2022-05-19,OASIS,PIZZA INN,2914.30828275604,2091.25,-823.0582827560402,-28.24197726870817,136.0,15.376838235294118,2022,5,May,2,Thursday,False,20
2022-05-19,OASIS,CREAMY INN,148.5518436839921,141.0,-7.551843683992104,-5.08364184294933,41.0,3.4390243902439024,2022,5,May,2,Thursday,False,20
2022-05-19,TATARAFEL,CHICKEN INN,713.4227866935711,618.0,-95.42278669357108,-13.375348877741557,88.0,7.0227272727272725,2022,5,May,2,Thursday,False,20
2022-05-19,TATARAFEL,PIZZA INN,2540.9440098800537,1574.5,-966.4440098800536,-38.03484083561822,107.0,14.714953271028037,2022,5,May,2,Thursday,False,20
2022-05-19,TATARAFEL,CREAMY INN,107.0,199.0,92.0,85.98130841121495,46.0,4.326086956521739,2022,5,May,2,Thursday,False,20
2022-05-20,LA PIAZZA,CHICKEN INN,899.5880128167317,1180.75,281.16198718326825,31.25452798141585,137.0,8.61861313868613,2022,5,May,2,Friday,False,20
2022-05-20,LA PIAZZA,PIZZA INN,1988.4584467069908,1862.0,-126.4584467069908,-6.359622295171104,156.0,11.935897435897436,2022,5,May,2,Friday,False,20
2022-05-20,LA PIAZZA,CREAMY INN,484.9115131952043,403.75,-81.1615131952043,-16.73738630382492,119.0,3.392857142857143,2022,5,May,2,Friday,False,20
2022-05-20,LA PIAZZA,GALITOS,1007.588754955095,693.0,-314.58875495509506,-31.221939844804563,76.0,9.11842105263158,2022,5,May,2,Friday,False,20
2022-05-20,CARREFOUR,CHICKEN INN,1689.258121738744,1864.5,175.24187826125603,10.373895854405042,191.0,9.761780104712042,2022,5,May,2,Friday,False,20
2022-05-20,CARREFOUR,PIZZA INN,3462.5125802646403,3283.0,-179.5125802646403,-5.184460015764625,206.0,15.936893203883496,2022,5,May,2,Friday,False,20
2022-05-20,CARREFOUR,CREAMY INN,903.865527661357,899.0,-4.865527661356964,-0.5383021602722177,188.0,4.781914893617022,2022,5,May,2,Friday,False,20
2022-05-20,CARREFOUR,GALITOS,1039.6364902559228,1403.25,363.6135097440772,34.97506225994126,115.0,12.202173913043476,2022,5,May,2,Friday,False,20
2022-05-20,ALILAC,CHICKEN INN,464.9567166017039,781.5,316.5432833982961,68.08016146360066,86.0,9.08720930232558,2022,5,May,2,Friday,False,20
2022-05-20,ALILAC,PIZZA INN,1338.5478527538037,1624.0,285.4521472461963,21.325509331544158,115.0,14.121739130434785,2022,5,May,2,Friday,False,20
2022-05-20,ALILAC,CREAMY INN,145.05880618282632,120.5,-24.55880618282632,-16.93024148556233,34.0,3.544117647058824,2022,5,May,2,Friday,False,20
2022-05-20,KOLWEZI,CHICKEN INN,1109.429430915684,945.0,-164.42943091568395,-14.821080668463042,72.0,13.125,2022,5,May,2,Friday,False,20
2022-05-20,KOLWEZI,PIZZA INN,1978.423766148136,985.75,-992.6737661481357,-50.17498187867041,55.0,17.922727272727272,2022,5,May,2,Friday,False,20
2022-05-20,KOLWEZI,CREAMY INN,446.8019560418661,259.75,-187.05195604186605,-41.86462335548482,61.0,4.258196721311475,2022,5,May,2,Friday,False,20
2022-05-20,KOLWEZI,GALITOS,639.3304692627186,831.25,191.91953073728143,30.018830630519567,62.0,13.40725806451613,2022,5,May,2,Friday,False,20
2022-05-20,JUNCTION,CHICKEN INN,1897.2509399414944,1476.5,-420.7509399414946,-22.176873447983077,165.0,8.94848484848485,2022,5,May,2,Friday,False,20
2022-05-20,JUNCTION,PIZZA INN,4022.1398606621337,3905.0,-117.13986066213374,-2.912376613448989,245.0,15.93877551020408,2022,5,May,2,Friday,False,20
2022-05-20,JUNCTION,CREAMY INN,395.9273610849049,455.25,59.32263891509507,14.98321276724636,101.0,4.507425742574258,2022,5,May,2,Friday,False,20
2022-05-20,JUNCTION,GALITOS,2786.174009802064,1816.5,-969.674009802064,-34.80306708736228,155.0,11.719354838709677,2022,5,May,2,Friday,False,20
2022-05-20,Bon Marche,CHICKEN INN,620.8878665466957,454.0,-166.8878665466957,-26.878906085716597,61.0,7.442622950819672,2022,5,May,2,Friday,False,20
2022-05-20,Bon Marche,PIZZA INN,1427.9163199629722,1197.5,-230.41631996297224,-16.13654222881543,76.0,15.75657894736842,2022,5,May,2,Friday,False,20
2022-05-20,Bon Marche,CREAMY INN,265.9950106074511,248.0,-17.995010607451093,-6.765168476790599,70.0,3.5428571428571427,2022,5,May,2,Friday,False,20
2022-05-20,Bon Marche,GALITOS,1061.836042694414,722.5,-339.3360426944139,-31.957480161753328,51.0,14.166666666666666,2022,5,May,2,Friday,False,20
2022-05-20,OASIS,CHICKEN INN,548.5540324232569,711.0,162.4459675767431,29.613485267646706,71.0,10.014084507042254,2022,5,May,2,Friday,False,20
2022-05-20,OASIS,PIZZA INN,2378.927886266094,1014.75,-1364.177886266094,-57.34423032079688,96.0,10.5703125,2022,5,May,2,Friday,False,20
2022-05-20,OASIS,CREAMY INN,94.57800714547496,173.0,78.42199285452503,82.91778947498905,49.0,3.5306122448979598,2022,5,May,2,Friday,False,20
2022-05-20,TATARAFEL,CHICKEN INN,566.4237934958028,482.75,-83.67379349580278,-14.772294959467096,61.0,7.913934426229508,2022,5,May,2,Friday,False,20
2022-05-20,TATARAFEL,PIZZA INN,2074.153444339114,1287.0,-787.1534443391138,-37.950588780567486,85.0,15.141176470588237,2022,5,May,2,Friday,False,20
2022-05-20,TATARAFEL,CREAMY INN,85.0,147.5,62.5,73.52941176470588,46.0,3.2065217391304346,2022,5,May,2,Friday,False,20
2022-05-21,LA PIAZZA,CHICKEN INN,1503.9001641926625,1334.0,-169.9001641926625,-11.297303387414008,159.0,8.38993710691824,2022,5,May,2,Saturday,True,20
2022-05-21,LA PIAZZA,PIZZA INN,2917.9170366172616,2302.5,-615.4170366172616,-21.090971021256795,195.0,11.807692307692308,2022,5,May,2,Saturday,True,20
2022-05-21,LA PIAZZA,CREAMY INN,522.8289423897435,532.0,9.171057610256526,1.7541220209304995,141.0,3.773049645390071,2022,5,May,2,Saturday,True,20
2022-05-21,LA PIAZZA,GALITOS,832.4920936673346,695.0,-137.49209366733464,-16.515723658305003,86.0,8.081395348837209,2022,5,May,2,Saturday,True,20
2022-05-21,CARREFOUR,CHICKEN INN,1733.0498178471526,2546.5,813.4501821528474,46.93749560894563,232.0,10.976293103448276,2022,5,May,2,Saturday,True,20
2022-05-21,CARREFOUR,PIZZA INN,4532.4808619286805,4645.0,112.5191380713195,2.482506633760829,273.0,17.014652014652015,2022,5,May,2,Saturday,True,20
2022-05-21,CARREFOUR,CREAMY INN,1140.649449136473,1084.5,-56.149449136473095,-4.9225859162059775,227.0,4.777533039647577,2022,5,May,2,Saturday,True,20
2022-05-21,CARREFOUR,GALITOS,884.6954964182647,1647.0,762.3045035817353,86.16574930786517,123.0,13.390243902439025,2022,5,May,2,Saturday,True,20
2022-05-21,ALILAC,CHICKEN INN,777.2985772124086,1186.5,409.20142278759135,52.64404628850502,116.0,10.22844827586207,2022,5,May,2,Saturday,True,20
2022-05-21,ALILAC,PIZZA INN,1964.220871874881,2474.75,510.52912812511886,25.991431790347,165.0,14.998484848484848,2022,5,May,2,Saturday,True,20
2022-05-21,ALILAC,CREAMY INN,156.4016117521128,236.25,79.84838824788719,51.05343055827461,52.0,4.543269230769231,2022,5,May,2,Saturday,True,20
2022-05-21,KOLWEZI,CHICKEN INN,1138.1898647813962,1099.5,-38.68986478139618,-3.39924523830012,84.0,13.089285714285714,2022,5,May,2,Saturday,True,20
2022-05-21,KOLWEZI,PIZZA INN,2589.786361488375,1608.75,-981.036361488375,-37.88097644180055,93.0,17.298387096774192,2022,5,May,2,Saturday,True,20
2022-05-21,KOLWEZI,CREAMY INN,563.84980888794,394.0,-169.84980888793996,-30.12323604807607,76.0,5.184210526315789,2022,5,May,2,Saturday,True,20
2022-05-21,KOLWEZI,GALITOS,544.0486094716323,604.0,59.95139052836771,11.019491546277663,52.0,11.615384615384617,2022,5,May,2,Saturday,True,20
2022-05-21,JUNCTION,CHICKEN INN,2789.607123175758,2521.75,-267.8571231757578,-9.601965844954634,251.0,10.046812749003983,2022,5,May,2,Saturday,True,20
2022-05-21,JUNCTION,PIZZA INN,7107.179078179438,6909.75,-197.429078179438,-2.777882420123443,381.0,18.135826771653544,2022,5,May,2,Saturday,True,20
2022-05-21,JUNCTION,CREAMY INN,645.7201154701648,921.25,275.5298845298352,42.67017209603499,154.0,5.982142857142857,2022,5,May,2,Saturday,True,20
2022-05-21,JUNCTION,GALITOS,1342.7066188578297,1692.0,349.29338114217035,26.01412521815793,166.0,10.19277108433735,2022,5,May,2,Saturday,True,20
2022-05-21,Bon Marche,CHICKEN INN,912.9173051117172,610.5,-302.4173051117172,-33.12647305713076,65.0,9.392307692307693,2022,5,May,2,Saturday,True,20
2022-05-21,Bon Marche,PIZZA INN,2523.148708449226,1692.5,-830.648708449226,-32.921115813255334,104.0,16.27403846153846,2022,5,May,2,Saturday,True,20
2022-05-21,Bon Marche,CREAMY INN,433.8127289139237,223.0,-210.81272891392365,-48.59533039560781,73.0,3.054794520547945,2022,5,May,2,Saturday,True,20
2022-05-21,Bon Marche,GALITOS,511.7176018625203,342.25,-169.46760186252033,-33.11740718820339,29.0,11.801724137931034,2022,5,May,2,Saturday,True,20
2022-05-21,OASIS,CHICKEN INN,995.9329739915172,1145.25,149.3170260084828,14.99267821307768,127.0,9.01771653543307,2022,5,May,2,Saturday,True,20
2022-05-21,OASIS,PIZZA INN,2766.9023217051963,2277.25,-489.6523217051963,-17.696769338912972,180.0,12.651388888888889,2022,5,May,2,Saturday,True,20
2022-05-21,OASIS,CREAMY INN,192.1270511646298,258.5,66.37294883537021,34.54638398550997,29.0,8.913793103448276,2022,5,May,2,Saturday,True,20
2022-05-21,TATARAFEL,CHICKEN INN,1028.3766044045126,1043.0,14.623395595487407,1.421988358433647,123.0,8.479674796747968,2022,5,May,2,Saturday,True,20
2022-05-21,TATARAFEL,PIZZA INN,2412.4228455375687,1677.5,-734.9228455375687,-30.46409740717753,110.0,15.25,2022,5,May,2,Saturday,True,20
2022-05-21,TATARAFEL,CREAMY INN,110.0,261.5,151.5,137.72727272727272,71.0,3.683098591549296,2022,5,May,2,Saturday,True,20
2022-05-22,LA PIAZZA,CHICKEN INN,1943.3738492302816,1958.25,14.87615076971838,0.7654806498302127,207.0,9.460144927536232,2022,5,May,2,Sunday,True,20
2022-05-22,LA PIAZZA,PIZZA INN,3529.4106987153395,3170.0,-359.41069871533955,-10.183306205938583,194.0,16.34020618556701,2022,5,May,2,Sunday,True,20
2022-05-22,LA PIAZZA,CREAMY INN,475.971631515191,702.75,226.778368484809,47.64535393903432,134.0,5.244402985074627,2022,5,May,2,Sunday,True,20
2022-05-22,LA PIAZZA,GALITOS,1091.5782103695492,1115.25,23.671789630450803,2.168583927892516,113.0,9.869469026548671,2022,5,May,2,Sunday,True,20
2022-05-22,CARREFOUR,CHICKEN INN,2938.2392508665976,3544.5,606.2607491334024,20.63347118362105,300.0,11.815,2022,5,May,2,Sunday,True,20
2022-05-22,CARREFOUR,PIZZA INN,7081.925282090917,7599.25,517.3247179090831,7.30485986935384,443.0,17.154063205417607,2022,5,May,2,Sunday,True,20
2022-05-22,CARREFOUR,CREAMY INN,1322.1437239727295,1582.5,260.3562760272705,19.691979873788718,248.0,6.381048387096774,2022,5,May,2,Sunday,True,20
2022-05-22,CARREFOUR,GALITOS,1354.0386365845254,1776.5,422.4613634154746,31.20009665906624,131.0,13.561068702290076,2022,5,May,2,Sunday,True,20
2022-05-22,ALILAC,CHICKEN INN,1004.4428240417304,1503.0,498.5571759582696,49.63519714861904,134.0,11.21641791044776,2022,5,May,2,Sunday,True,20
2022-05-22,ALILAC,PIZZA INN,2375.8530735582763,3925.25,1549.3969264417235,65.21434105860835,230.0,17.066304347826087,2022,5,May,2,Sunday,True,20
2022-05-22,ALILAC,CREAMY INN,142.3844861705555,276.25,133.8655138294445,94.01692377433132,58.0,4.762931034482759,2022,5,May,2,Sunday,True,20
2022-05-22,KOLWEZI,CHICKEN INN,1929.7045596724984,1484.5,-445.2045596724986,-23.07112544461505,125.0,11.876,2022,5,May,2,Sunday,True,20
2022-05-22,KOLWEZI,PIZZA INN,4046.497727700138,2651.0,-1395.497727700138,-34.48655656340332,124.0,21.37903225806452,2022,5,May,2,Sunday,True,20
2022-05-22,KOLWEZI,CREAMY INN,653.5666910186869,661.0,7.4333089813130755,1.1373451376059405,118.0,5.601694915254237,2022,5,May,2,Sunday,True,20
2022-05-22,KOLWEZI,GALITOS,832.6738865373378,740.0,-92.6738865373378,-11.129673697673024,71.0,10.422535211267606,2022,5,May,2,Sunday,True,20
2022-05-22,JUNCTION,CHICKEN INN,3723.8941667618337,3651.0,-72.89416676183373,-1.9574714934828532,317.0,11.517350157728709,2022,5,May,2,Sunday,True,20
2022-05-22,JUNCTION,PIZZA INN,9013.349682785338,9760.75,747.4003172146622,8.292148241426021,516.0,18.91618217054264,2022,5,May,2,Sunday,True,20
2022-05-22,JUNCTION,CREAMY INN,727.555495221966,790.75,63.194504778034,8.685867290268261,152.0,5.202302631578948,2022,5,May,2,Sunday,True,20
2022-05-22,JUNCTION,GALITOS,1764.4690249534476,1849.25,84.78097504655238,4.804900162460442,150.0,12.328333333333331,2022,5,May,2,Sunday,True,20
2022-05-22,Bon Marche,CHICKEN INN,1218.6688939090675,1431.25,212.5811060909325,17.443713149110256,117.0,12.232905982905985,2022,5,May,2,Sunday,True,20
2022-05-22,Bon Marche,PIZZA INN,3199.8661298325724,3333.5,133.63387016742763,4.176233153054431,196.0,17.007653061224488,2022,5,May,2,Sunday,True,20
2022-05-22,Bon Marche,CREAMY INN,488.7920126024716,603.25,114.45798739752836,23.41650117973912,152.0,3.96875,2022,5,May,2,Sunday,True,20
2022-05-22,Bon Marche,GALITOS,672.4550585577182,737.0,64.54494144228181,9.598402245752723,75.0,9.826666666666666,2022,5,May,2,Sunday,True,20
2022-05-22,OASIS,CHICKEN INN,1718.7827381531754,1438.0,-280.7827381531754,-16.336139054717016,149.0,9.651006711409396,2022,5,May,2,Sunday,True,20
2022-05-22,OASIS,PIZZA INN,4338.016352113448,3767.0,-571.0163521134482,-13.163075142288328,259.0,14.544401544401545,2022,5,May,2,Sunday,True,20
2022-05-22,OASIS,CREAMY INN,285.21953987326486,423.0,137.78046012673514,48.30680962039166,113.0,3.743362831858407,2022,5,May,2,Sunday,True,20
2022-05-22,TATARAFEL,CHICKEN INN,1774.7740080208534,1764.5,-10.274008020853444,-0.5788910573640047,190.0,9.286842105263158,2022,5,May,2,Sunday,True,20
2022-05-22,TATARAFEL,PIZZA INN,3782.254859544352,2978.25,-804.0048595443518,-21.257289352553315,155.0,19.21451612903226,2022,5,May,2,Sunday,True,20
2022-05-22,TATARAFEL,CREAMY INN,155.0,414.5,259.5,167.4193548387097,116.0,3.5732758620689653,2022,5,May,2,Sunday,True,20
2022-05-23,LA PIAZZA,CHICKEN INN,1049.232672692555,1151.75,102.51732730744492,9.770695287668042,177.0,6.507062146892656,2022,5,May,2,Monday,False,21
2022-05-23,LA PIAZZA,PIZZA INN,1686.097353315211,1854.75,168.65264668478903,10.002545010416128,153.0,12.122549019607844,2022,5,May,2,Monday,False,21
2022-05-23,LA PIAZZA,CREAMY INN,361.417837298193,495.5,134.08216270180702,37.0989333852885,127.0,3.9015748031496074,2022,5,May,2,Monday,False,21
2022-05-23,LA PIAZZA,GALITOS,583.9402476442215,850.75,266.8097523557785,45.69127636469036,110.0,7.734090909090909,2022,5,May,2,Monday,False,21
2022-05-23,CARREFOUR,CHICKEN INN,1234.2964885166512,1519.0,284.70351148334885,23.06605537098294,158.0,9.613924050632912,2022,5,May,2,Monday,False,21
2022-05-23,CARREFOUR,PIZZA INN,2429.201385642459,2673.5,244.29861435754083,10.056746048369734,169.0,15.819526627218934,2022,5,May,2,Monday,False,21
2022-05-23,CARREFOUR,CREAMY INN,827.5417763229312,780.0,-47.54177632293124,-5.744939733940276,175.0,4.457142857142857,2022,5,May,2,Monday,False,21
2022-05-23,CARREFOUR,GALITOS,596.4098223086514,1023.0,426.5901776913486,71.52635012616902,84.0,12.178571428571429,2022,5,May,2,Monday,False,21
2022-05-23,ALILAC,CHICKEN INN,542.3013329388898,852.5,310.1986670611102,57.20042497038551,86.0,9.91279069767442,2022,5,May,2,Monday,False,21
2022-05-23,ALILAC,PIZZA INN,1135.0108902459333,1445.5,310.4891097540667,27.355606225662747,103.0,14.033980582524272,2022,5,May,2,Monday,False,21
2022-05-23,ALILAC,CREAMY INN,108.11630284090629,112.25,4.133697159093714,3.8233800550657673,37.0,3.033783783783784,2022,5,May,2,Monday,False,21
2022-05-23,KOLWEZI,CHICKEN INN,810.630911412624,472.0,-338.630911412624,-41.77374766310329,49.0,9.63265306122449,2022,5,May,2,Monday,False,21
2022-05-23,KOLWEZI,PIZZA INN,1388.006438303742,900.75,-487.256438303742,-35.10476787839756,48.0,18.765625,2022,5,May,2,Monday,False,21
2022-05-23,KOLWEZI,CREAMY INN,409.07333342396913,254.75,-154.32333342396913,-37.72510227745067,55.0,4.631818181818182,2022,5,May,2,Monday,False,21
2022-05-23,KOLWEZI,GALITOS,366.7656677533712,438.75,71.98433224662881,19.62679132089161,32.0,13.7109375,2022,5,May,2,Monday,False,21
2022-05-23,JUNCTION,CHICKEN INN,1579.6367218743171,1417.75,-161.88672187431712,-10.248351385642044,168.0,8.438988095238095,2022,5,May,2,Monday,False,21
2022-05-23,JUNCTION,PIZZA INN,3397.489351998696,2973.5,-423.98935199869584,-12.47949023737981,199.0,14.94221105527638,2022,5,May,2,Monday,False,21
2022-05-23,JUNCTION,CREAMY INN,301.6218282280673,398.25,96.62817177193271,32.03619987969459,90.0,4.425,2022,5,May,2,Monday,False,21
2022-05-23,JUNCTION,GALITOS,1077.862938098609,798.75,-279.112938098609,-25.89503064192696,86.0,9.28779069767442,2022,5,May,2,Monday,False,21
2022-05-23,Bon Marche,CHICKEN INN,516.9465216834232,505.25,-11.696521683423155,-2.262617348760513,51.0,9.90686274509804,2022,5,May,2,Monday,False,21
2022-05-23,Bon Marche,PIZZA INN,1206.156588453571,1202.75,-3.406588453570976,-0.2824333495486358,85.0,14.15,2022,5,May,2,Monday,False,21
2022-05-23,Bon Marche,CREAMY INN,202.6379313092196,236.0,33.362068690780404,16.463881404252422,63.0,3.746031746031746,2022,5,May,2,Monday,False,21
2022-05-23,Bon Marche,GALITOS,410.7832865898098,246.25,-164.5332865898098,-40.05354939236015,28.0,8.794642857142858,2022,5,May,2,Monday,False,21
2022-05-23,OASIS,CHICKEN INN,624.0622860702015,750.75,126.68771392979852,20.30049191524887,80.0,9.384375,2022,5,May,2,Monday,False,21
2022-05-23,OASIS,PIZZA INN,1326.6536494575948,1390.25,63.59635054240516,4.793741800537515,103.0,13.49757281553398,2022,5,May,2,Monday,False,21
2022-05-23,OASIS,CREAMY INN,95.56835277003492,101.5,5.93164722996508,6.206706569734792,34.0,2.985294117647059,2022,5,May,2,Monday,False,21
2022-05-23,TATARAFEL,CHICKEN INN,644.3918129487072,715.5,71.10818705129282,11.03493024312414,87.0,8.224137931034482,2022,5,May,2,Monday,False,21
2022-05-23,TATARAFEL,PIZZA INN,1156.6904790823648,1010.25,-146.44047908236485,-12.66029951232418,66.0,15.306818181818182,2022,5,May,2,Monday,False,21
2022-05-23,TATARAFEL,CREAMY INN,66.0,126.0,60.0,90.9090909090909,37.0,3.4054054054054053,2022,5,May,2,Monday,False,21
2022-05-24,LA PIAZZA,CHICKEN INN,871.4938046408108,1260.75,389.2561953591892,44.66540017684032,163.0,7.734662576687117,2022,5,May,2,Tuesday,False,21
2022-05-24,LA PIAZZA,PIZZA INN,4784.194515692715,3802.5,-981.694515692715,-20.51953599446349,246.0,15.457317073170731,2022,5,May,2,Tuesday,False,21
2022-05-24,LA PIAZZA,CREAMY INN,401.6781320364597,445.75,44.071867963540285,10.971936097218244,117.0,3.80982905982906,2022,5,May,2,Tuesday,False,21
2022-05-24,LA PIAZZA,GALITOS,607.5711791676102,619.0,11.42882083238976,1.8810669801763096,77.0,8.03896103896104,2022,5,May,2,Tuesday,False,21
2022-05-24,CARREFOUR,CHICKEN INN,1322.1421064586689,1465.25,143.10789354133112,10.823941907775916,171.0,8.568713450292398,2022,5,May,2,Tuesday,False,21
2022-05-24,CARREFOUR,PIZZA INN,6181.319557954935,7061.0,879.6804420450653,14.231272688579526,404.0,17.47772277227723,2022,5,May,2,Tuesday,False,21
2022-05-24,CARREFOUR,CREAMY INN,812.2169286132473,721.25,-90.96692861324732,-11.199831647015936,162.0,4.452160493827161,2022,5,May,2,Tuesday,False,21
2022-05-24,CARREFOUR,GALITOS,935.421721305148,856.5,-78.92172130514791,-8.437020384242555,87.0,9.844827586206897,2022,5,May,2,Tuesday,False,21
2022-05-24,ALILAC,CHICKEN INN,450.43607981809424,756.0,305.56392018190576,67.83735448219552,91.0,8.307692307692308,2022,5,May,2,Tuesday,False,21
2022-05-24,ALILAC,PIZZA INN,3220.5215586688346,3705.0,484.4784413311654,15.04347766364337,238.0,15.567226890756302,2022,5,May,2,Tuesday,False,21
2022-05-24,ALILAC,CREAMY INN,120.1599646892706,203.75,83.59003531072939,69.56562905697437,41.0,4.969512195121951,2022,5,May,2,Tuesday,False,21
2022-05-24,KOLWEZI,CHICKEN INN,868.3239973109092,768.75,-99.57399731090923,-11.467378261948012,69.0,11.141304347826088,2022,5,May,2,Tuesday,False,21
2022-05-24,KOLWEZI,PIZZA INN,3531.9061623971475,1795.25,-1736.6561623971477,-49.17050687491816,89.0,20.171348314606742,2022,5,May,2,Tuesday,False,21
2022-05-24,KOLWEZI,CREAMY INN,401.4979013235252,356.0,-45.497901323525184,-11.332039637951477,75.0,4.746666666666667,2022,5,May,2,Tuesday,False,21
2022-05-24,KOLWEZI,GALITOS,575.2429946868664,429.25,-145.99299468686638,-25.379360728475746,39.0,11.006410256410255,2022,5,May,2,Tuesday,False,21
2022-05-24,JUNCTION,CHICKEN INN,1580.3596677424516,1753.0,172.64033225754838,10.924116565450294,189.0,9.275132275132275,2022,5,May,2,Tuesday,False,21
2022-05-24,JUNCTION,PIZZA INN,6184.065011797965,5720.5,-463.56501179796487,-7.49612125541331,353.0,16.205382436260624,2022,5,May,2,Tuesday,False,21
2022-05-24,JUNCTION,CREAMY INN,340.2013643967736,447.25,107.0486356032264,31.46625698960354,101.0,4.428217821782178,2022,5,May,2,Tuesday,False,21
2022-05-24,JUNCTION,GALITOS,1419.20160867572,1152.0,-267.20160867571985,-18.827600465098826,110.0,10.472727272727273,2022,5,May,2,Tuesday,False,21
2022-05-24,Bon Marche,CHICKEN INN,517.1831104805323,353.5,-163.68311048053226,-31.64896671286283,42.0,8.416666666666666,2022,5,May,2,Tuesday,False,21
2022-05-24,Bon Marche,PIZZA INN,2195.430208785593,1811.75,-383.6802087855931,-17.476310895704884,120.0,15.097916666666666,2022,5,May,2,Tuesday,False,21
2022-05-24,Bon Marche,CREAMY INN,228.556736476678,172.25,-56.30673647667797,-24.635780745155824,50.0,3.445,2022,5,May,2,Tuesday,False,21
2022-05-24,Bon Marche,GALITOS,540.8705323644987,341.25,-199.62053236449867,-36.907267159079055,33.0,10.340909090909092,2022,5,May,2,Tuesday,False,21
2022-05-24,OASIS,CHICKEN INN,537.2128717964431,599.75,62.5371282035569,11.641033096327789,61.0,9.831967213114757,2022,5,May,2,Tuesday,False,21
2022-05-24,OASIS,PIZZA INN,2643.334288349043,2584.5,-58.83428834904316,-2.225760419647471,190.0,13.602631578947369,2022,5,May,2,Tuesday,False,21
2022-05-24,OASIS,CREAMY INN,207.97258115758893,85.0,-122.97258115758892,-59.12922774392448,31.0,2.7419354838709675,2022,5,May,2,Tuesday,False,21
2022-05-24,TATARAFEL,CHICKEN INN,554.7131818783706,618.5,63.78681812162938,11.499062976227528,79.0,7.829113924050633,2022,5,May,2,Tuesday,False,21
2022-05-24,TATARAFEL,PIZZA INN,2304.6856318643304,1839.0,-465.6856318643304,-20.206037015452864,119.0,15.453781512605042,2022,5,May,2,Tuesday,False,21
2022-05-24,TATARAFEL,CREAMY INN,119.0,172.5,53.5,44.95798319327732,67.0,2.574626865671642,2022,5,May,2,Tuesday,False,21
2022-05-25,LA PIAZZA,CHICKEN INN,1062.41974999962,1081.0,18.58025000037992,1.7488615022816136,143.0,7.559440559440559,2022,5,May,2,Wednesday,False,21
2022-05-25,LA PIAZZA,PIZZA INN,1977.8596157799172,1869.5,-108.35961577991748,-5.478630278680758,155.0,12.061290322580644,2022,5,May,2,Wednesday,False,21
2022-05-25,LA PIAZZA,CREAMY INN,315.1154156313654,494.25,179.1345843686346,56.8472932400722,124.0,3.9858870967741935,2022,5,May,2,Wednesday,False,21
2022-05-25,LA PIAZZA,GALITOS,547.497365294899,486.0,-61.497365294899055,-11.232449540971702,70.0,6.942857142857143,2022,5,May,2,Wednesday,False,21
2022-05-25,CARREFOUR,CHICKEN INN,1279.3993132510602,1654.5,375.1006867489398,29.318499929140785,179.0,9.243016759776536,2022,5,May,2,Wednesday,False,21
2022-05-25,CARREFOUR,PIZZA INN,2403.955216532355,2837.0,433.0447834676452,18.013845702679163,208.0,13.639423076923077,2022,5,May,2,Wednesday,False,21
2022-05-25,CARREFOUR,CREAMY INN,626.5158328370776,759.5,132.9841671629224,21.225986669917773,167.0,4.547904191616767,2022,5,May,2,Wednesday,False,21
2022-05-25,CARREFOUR,GALITOS,746.8306574930228,738.0,-8.83065749302284,-1.1824176477524075,58.0,12.724137931034482,2022,5,May,2,Wednesday,False,21
2022-05-25,ALILAC,CHICKEN INN,549.1171420414004,816.25,267.13285795859963,48.64769964483449,82.0,9.954268292682928,2022,5,May,2,Wednesday,False,21
2022-05-25,ALILAC,PIZZA INN,1331.413158839214,1981.5,650.086841160786,48.82683011241687,130.0,15.242307692307692,2022,5,May,2,Wednesday,False,21
2022-05-25,ALILAC,CREAMY INN,94.2651695359727,113.5,19.234830464027297,20.40502399636279,30.0,3.783333333333333,2022,5,May,2,Wednesday,False,21
2022-05-25,KOLWEZI,CHICKEN INN,840.2524361126391,805.25,-35.00243611263909,-4.165704805876561,63.0,12.781746031746032,2022,5,May,2,Wednesday,False,21
2022-05-25,KOLWEZI,PIZZA INN,1373.5811850190862,1000.0,-373.5811850190862,-27.1976049973264,65.0,15.384615384615383,2022,5,May,2,Wednesday,False,21
2022-05-25,KOLWEZI,CREAMY INN,309.7014888122642,316.75,7.048511187735812,2.275904844619104,57.0,5.557017543859649,2022,5,May,2,Wednesday,False,21
2022-05-25,KOLWEZI,GALITOS,459.2678298520109,510.75,51.48217014798911,11.209618179565968,40.0,12.76875,2022,5,May,2,Wednesday,False,21
2022-05-25,JUNCTION,CHICKEN INN,1837.7283967984044,1473.0,-364.7283967984045,-19.84669755518908,174.0,8.46551724137931,2022,5,May,2,Wednesday,False,21
2022-05-25,JUNCTION,PIZZA INN,3385.5008576301057,3934.5,548.9991423698943,16.216186775808435,254.0,15.49015748031496,2022,5,May,2,Wednesday,False,21
2022-05-25,JUNCTION,CREAMY INN,351.5024406482128,404.0,52.49755935178723,14.93519056509975,81.0,4.987654320987654,2022,5,May,2,Wednesday,False,21
2022-05-25,JUNCTION,GALITOS,1196.880822558468,1310.5,113.61917744153196,9.4929399235137,110.0,11.913636363636364,2022,5,May,2,Wednesday,False,21
2022-05-25,Bon Marche,CHICKEN INN,601.4087222513783,423.25,-178.15872225137832,-29.623568076039824,46.0,9.201086956521738,2022,5,May,2,Wednesday,False,21
2022-05-25,Bon Marche,PIZZA INN,1201.9005040423551,1561.0,359.0994959576449,29.87763918476484,98.0,15.928571428571429,2022,5,May,2,Wednesday,False,21
2022-05-25,Bon Marche,CREAMY INN,236.1491137479536,191.5,-44.649113747953606,-18.90716972819489,47.0,4.074468085106383,2022,5,May,2,Wednesday,False,21
2022-05-25,Bon Marche,GALITOS,456.1420757394135,270.75,-185.39207573941349,-40.64349368316659,34.0,7.963235294117647,2022,5,May,2,Wednesday,False,21
2022-05-25,OASIS,CHICKEN INN,602.8722227937862,597.75,-5.12222279378625,-0.8496365564910622,66.0,9.056818181818182,2022,5,May,2,Wednesday,False,21
2022-05-25,OASIS,PIZZA INN,1782.4932055785214,1350.0,-432.4932055785214,-24.2633859262399,112.0,12.053571428571429,2022,5,May,2,Wednesday,False,21
2022-05-25,OASIS,CREAMY INN,106.46215464019431,124.5,18.037845359805672,16.94296477538654,42.0,2.9642857142857144,2022,5,May,2,Wednesday,False,21
2022-05-25,TATARAFEL,CHICKEN INN,622.5114596635049,768.25,145.7385403364951,23.411382726235,88.0,8.730113636363637,2022,5,May,2,Wednesday,False,21
2022-05-25,TATARAFEL,PIZZA INN,1554.1305153493895,1322.75,-231.3805153493895,-14.888100649472932,89.0,14.862359550561798,2022,5,May,2,Wednesday,False,21
2022-05-25,TATARAFEL,CREAMY INN,89.0,224.5,135.5,152.24719101123597,50.0,4.49,2022,5,May,2,Wednesday,False,21
2022-05-26,LA PIAZZA,CHICKEN INN,825.0982265674328,871.0,45.90177343256721,5.563188957941094,141.0,6.177304964539007,2022,5,May,2,Thursday,False,21
2022-05-26,LA PIAZZA,PIZZA INN,2563.739436470902,3192.25,628.5105635290979,24.515383840811445,218.0,14.64334862385321,2022,5,May,2,Thursday,False,21
2022-05-26,LA PIAZZA,CREAMY INN,405.0691216392234,451.5,46.4308783607766,11.462458104157951,118.0,3.8262711864406778,2022,5,May,2,Thursday,False,21
2022-05-26,LA PIAZZA,GALITOS,413.1142366317725,680.5,267.3857633682275,64.72441268262575,92.0,7.396739130434782,2022,5,May,2,Thursday,False,21
2022-05-26,CARREFOUR,CHICKEN INN,1294.3461795874632,1804.25,509.9038204125368,39.39470200893662,183.0,9.859289617486338,2022,5,May,2,Thursday,False,21
2022-05-26,CARREFOUR,PIZZA INN,3361.693420551904,5322.5,1960.8065794480965,58.32794172902841,293.0,18.16552901023891,2022,5,May,2,Thursday,False,21
2022-05-26,CARREFOUR,CREAMY INN,804.7047483634022,774.25,-30.45474836340225,-3.784586635699703,158.0,4.900316455696203,2022,5,May,2,Thursday,False,21
2022-05-26,CARREFOUR,GALITOS,731.2612221317022,678.0,-53.2612221317022,-7.283474156668696,57.0,11.894736842105264,2022,5,May,2,Thursday,False,21
2022-05-26,ALILAC,CHICKEN INN,426.45628535830457,787.75,361.2937146416954,84.71998820187157,86.0,9.159883720930232,2022,5,May,2,Thursday,False,21
2022-05-26,ALILAC,PIZZA INN,1725.8031835623513,2744.25,1018.4468164376487,59.01291793513796,172.0,15.954941860465116,2022,5,May,2,Thursday,False,21
2022-05-26,ALILAC,CREAMY INN,121.17436193530436,133.0,11.82563806469564,9.759191528492977,33.0,4.03030303030303,2022,5,May,2,Thursday,False,21
2022-05-26,KOLWEZI,CHICKEN INN,850.0688716236906,674.25,-175.8188716236906,-20.68289729135292,60.0,11.2375,2022,5,May,2,Thursday,False,21
2022-05-26,KOLWEZI,PIZZA INN,1920.817326594487,1586.5,-334.317326594487,-17.404951630002987,94.0,16.877659574468087,2022,5,May,2,Thursday,False,21
2022-05-26,KOLWEZI,CREAMY INN,397.7844542154645,368.25,-29.534454215464507,-7.42473817226322,69.0,5.336956521739131,2022,5,May,2,Thursday,False,21
2022-05-26,KOLWEZI,GALITOS,449.69331557802815,490.25,40.55668442197185,9.018743000402614,41.0,11.957317073170731,2022,5,May,2,Thursday,False,21
2022-05-26,JUNCTION,CHICKEN INN,1524.2108719839905,1738.75,214.53912801600973,14.075423024424088,191.0,9.103403141361255,2022,5,May,2,Thursday,False,21
2022-05-26,JUNCTION,PIZZA INN,5284.178653255635,6003.25,719.0713467443647,13.6080059727227,272.0,22.07077205882353,2022,5,May,2,Thursday,False,21
2022-05-26,JUNCTION,CREAMY INN,355.0096712090043,503.5,148.4903287909957,41.827122141575465,95.0,5.3,2022,5,May,2,Thursday,False,21
2022-05-26,JUNCTION,GALITOS,1113.914957468974,1167.0,53.08504253102592,4.765627948083685,125.0,9.336,2022,5,May,2,Thursday,False,21
2022-05-26,Bon Marche,CHICKEN INN,498.8080472383908,335.25,-163.55804723839077,-32.78977717859932,46.0,7.288043478260869,2022,5,May,2,Thursday,False,21
2022-05-26,Bon Marche,PIZZA INN,1875.9578726686912,2146.75,270.79212733130885,14.434872513746097,129.0,16.641472868217054,2022,5,May,2,Thursday,False,21
2022-05-26,Bon Marche,CREAMY INN,238.5053687631771,225.0,-13.505368763177104,-5.662500946294085,62.0,3.629032258064516,2022,5,May,2,Thursday,False,21
2022-05-26,Bon Marche,GALITOS,424.5230363127965,245.0,-179.5230363127965,-42.28817306878032,28.0,8.75,2022,5,May,2,Thursday,False,21
2022-05-26,OASIS,CHICKEN INN,643.1631881785195,711.75,68.58681182148052,10.663982809047717,63.0,11.297619047619047,2022,5,May,2,Thursday,False,21
2022-05-26,OASIS,PIZZA INN,2381.603572027743,2464.25,82.64642797225679,3.4702008740224564,178.0,13.844101123595506,2022,5,May,2,Thursday,False,21
2022-05-26,OASIS,CREAMY INN,128.74493119279316,135.5,6.75506880720684,5.246861949921158,49.0,2.76530612244898,2022,5,May,2,Thursday,False,21
2022-05-26,TATARAFEL,CHICKEN INN,664.1149483043826,581.0,-83.11494830438255,-12.515144933357025,77.0,7.545454545454546,2022,5,May,2,Thursday,False,21
2022-05-26,TATARAFEL,PIZZA INN,2076.4863367611724,2210.25,133.76366323882758,6.441827276719154,135.0,16.372222222222224,2022,5,May,2,Thursday,False,21
2022-05-26,TATARAFEL,CREAMY INN,135.0,260.0,125.0,92.5925925925926,68.0,3.823529411764706,2022,5,May,2,Thursday,False,21
2022-05-27,LA PIAZZA,CHICKEN INN,1098.8275503908644,1166.0,67.17244960913558,6.113102059121255,136.0,8.573529411764707,2022,5,May,2,Friday,False,21
2022-05-27,LA PIAZZA,PIZZA INN,1867.45512695624,2607.0,739.5448730437604,39.601747981443744,164.0,15.896341463414634,2022,5,May,2,Friday,False,21
2022-05-27,LA PIAZZA,CREAMY INN,438.9790176668601,446.75,7.770982333139898,1.7702400389071151,110.0,4.0613636363636365,2022,5,May,2,Friday,False,21
2022-05-27,LA PIAZZA,GALITOS,1163.8945550314857,883.25,-280.64455503148565,-24.112541279471287,108.0,8.17824074074074,2022,5,May,2,Friday,False,21
2022-05-27,CARREFOUR,CHICKEN INN,1173.722345995439,1886.25,712.5276540045611,60.70666171054819,189.0,9.98015873015873,2022,5,May,2,Friday,False,21
2022-05-27,CARREFOUR,PIZZA INN,3066.1973802543143,3333.0,266.80261974568566,8.701416988477002,229.0,14.554585152838428,2022,5,May,2,Friday,False,21
2022-05-27,CARREFOUR,CREAMY INN,777.66089946396,736.0,-41.66089946396005,-5.357206398402802,191.0,3.8534031413612566,2022,5,May,2,Friday,False,21
2022-05-27,CARREFOUR,GALITOS,1243.0436296538207,1528.5,285.45637034617926,22.96430821383775,119.0,12.844537815126053,2022,5,May,2,Friday,False,21
2022-05-27,ALILAC,CHICKEN INN,567.9347019548536,957.75,389.8152980451464,68.63734452277468,90.0,10.641666666666667,2022,5,May,2,Friday,False,21
2022-05-27,ALILAC,PIZZA INN,1257.093430562241,2498.75,1241.656569437759,98.77201958508542,132.0,18.92992424242424,2022,5,May,2,Friday,False,21
2022-05-27,ALILAC,CREAMY INN,131.31833439564187,100.5,-30.81833439564187,-23.468417062609845,24.0,4.1875,2022,5,May,2,Friday,False,21
2022-05-27,KOLWEZI,CHICKEN INN,770.8485148678361,945.75,174.90148513216388,22.689475527127552,74.0,12.780405405405403,2022,5,May,2,Friday,False,21
2022-05-27,KOLWEZI,PIZZA INN,1751.9756616545328,1482.5,-269.4756616545328,-15.38124458875445,81.0,18.30246913580247,2022,5,May,2,Friday,False,21
2022-05-27,KOLWEZI,CREAMY INN,384.4160446264459,345.25,-39.16604462644591,-10.18845211429853,59.0,5.851694915254237,2022,5,May,2,Friday,False,21
2022-05-27,KOLWEZI,GALITOS,764.4168654228157,760.0,-4.416865422815704,-0.5778084737014062,59.0,12.88135593220339,2022,5,May,2,Friday,False,21
2022-05-27,JUNCTION,CHICKEN INN,1954.8456274362256,2080.75,125.90437256377412,6.440629929888496,197.0,10.562182741116752,2022,5,May,2,Friday,False,21
2022-05-27,JUNCTION,PIZZA INN,4656.531021000051,4895.5,238.9689789999493,5.131909954475673,300.0,16.31833333333333,2022,5,May,2,Friday,False,21
2022-05-27,JUNCTION,CREAMY INN,349.5539792255509,326.5,-23.053979225550904,-6.595255839063198,94.0,3.473404255319149,2022,5,May,2,Friday,False,21
2022-05-27,JUNCTION,GALITOS,2735.331418382319,2244.25,-491.08141838231904,-17.95326939478309,177.0,12.679378531073446,2022,5,May,2,Friday,False,21
2022-05-27,Bon Marche,CHICKEN INN,639.7361073830555,428.75,-210.98610738305547,-32.9801780684427,47.0,9.122340425531917,2022,5,May,2,Friday,False,21
2022-05-27,Bon Marche,PIZZA INN,1653.1341200564862,1731.5,78.36587994351385,4.74044295576188,111.0,15.5990990990991,2022,5,May,2,Friday,False,21
2022-05-27,Bon Marche,CREAMY INN,234.84008318394055,139.5,-95.34008318394058,-40.59787489909234,51.0,2.735294117647059,2022,5,May,2,Friday,False,21
2022-05-27,Bon Marche,GALITOS,1042.4594725722532,591.5,-450.9594725722532,-43.25918507503389,52.0,11.375,2022,5,May,2,Friday,False,21
2022-05-27,OASIS,CHICKEN INN,562.5812574090529,489.5,-73.08125740905291,-12.99034698482952,66.0,7.416666666666667,2022,5,May,2,Friday,False,21
2022-05-27,OASIS,PIZZA INN,2000.683217232988,1609.0,-391.683217232988,-19.5774730281738,127.0,12.669291338582678,2022,5,May,2,Friday,False,21
2022-05-27,OASIS,CREAMY INN,73.2855762174361,130.5,57.2144237825639,78.07051091856114,51.0,2.5588235294117645,2022,5,May,2,Friday,False,21
2022-05-27,TATARAFEL,CHICKEN INN,580.907971022627,931.5,350.59202897737305,60.35242180619297,91.0,10.236263736263735,2022,5,May,2,Friday,False,21
2022-05-27,TATARAFEL,PIZZA INN,1744.3672883117804,1338.0,-406.3672883117804,-23.29597046646452,96.0,13.9375,2022,5,May,2,Friday,False,21
2022-05-27,TATARAFEL,CREAMY INN,96.0,143.0,47.0,48.95833333333333,42.0,3.4047619047619047,2022,5,May,2,Friday,False,21
2022-05-28,LA PIAZZA,CHICKEN INN,1639.4977199805253,1379.0,-260.4977199805253,-15.888873574256609,180.0,7.661111111111111,2022,5,May,2,Saturday,True,21
2022-05-28,LA PIAZZA,PIZZA INN,2793.086361253956,2512.25,-280.83636125395606,-10.054696666374277,187.0,13.434491978609625,2022,5,May,2,Saturday,True,21
2022-05-28,LA PIAZZA,CREAMY INN,518.821409222841,528.75,9.928590777159002,1.9136817796380747,127.0,4.163385826771654,2022,5,May,2,Saturday,True,21
2022-05-28,LA PIAZZA,GALITOS,480.5905109816898,714.25,233.65948901831015,48.6192472966268,90.0,7.936111111111111,2022,5,May,2,Saturday,True,21
2022-05-28,CARREFOUR,CHICKEN INN,1813.0286640331688,2392.0,578.9713359668312,31.933931738226462,213.0,11.230046948356808,2022,5,May,2,Saturday,True,21
2022-05-28,CARREFOUR,PIZZA INN,4407.126281407051,5131.25,724.1237185929494,16.430745850145247,336.0,15.27157738095238,2022,5,May,2,Saturday,True,21
2022-05-28,CARREFOUR,CREAMY INN,1105.1919583572044,1210.75,105.55804164279562,9.551104751042592,219.0,5.5285388127853885,2022,5,May,2,Saturday,True,21
2022-05-28,CARREFOUR,GALITOS,1067.0085621008252,1008.5,-58.5085621008252,-5.483420112920944,87.0,11.591954022988508,2022,5,May,2,Saturday,True,21
2022-05-28,ALILAC,CHICKEN INN,847.3828751577897,1024.0,176.61712484221027,20.842659206362026,102.0,10.03921568627451,2022,5,May,2,Saturday,True,21
2022-05-28,ALILAC,PIZZA INN,1880.1900324363835,2591.5,711.3099675636165,37.83181249194734,161.0,16.096273291925467,2022,5,May,2,Saturday,True,21
2022-05-28,ALILAC,CREAMY INN,155.2027786431638,216.75,61.54722135683619,39.6560048053928,45.0,4.816666666666666,2022,5,May,2,Saturday,True,21
2022-05-28,KOLWEZI,CHICKEN INN,1190.7164056738648,1001.0,-189.7164056738648,-15.93296311110269,90.0,11.122222222222222,2022,5,May,2,Saturday,True,21
2022-05-28,KOLWEZI,PIZZA INN,2518.160778750256,1905.5,-612.6607787502558,-24.329692683654404,94.0,20.27127659574468,2022,5,May,2,Saturday,True,21
2022-05-28,KOLWEZI,CREAMY INN,546.3223385378933,333.75,-212.5723385378933,-38.90969186923503,67.0,4.981343283582089,2022,5,May,2,Saturday,True,21
2022-05-28,KOLWEZI,GALITOS,656.1630830669785,842.0,185.83691693302148,28.321757460721397,68.0,12.382352941176473,2022,5,May,2,Saturday,True,21
2022-05-28,JUNCTION,CHICKEN INN,3176.1421806717767,2516.0,-660.1421806717767,-20.784402684773763,253.0,9.944664031620553,2022,5,May,2,Saturday,True,21
2022-05-28,JUNCTION,PIZZA INN,7029.503625082945,7000.75,-28.75362508294529,-0.4090420407544211,386.0,18.13665803108808,2022,5,May,2,Saturday,True,21
2022-05-28,JUNCTION,CREAMY INN,689.7553436223244,547.5,-142.2553436223244,-20.624029221035848,116.0,4.719827586206897,2022,5,May,2,Saturday,True,21
2022-05-28,JUNCTION,GALITOS,1677.3433114750649,1401.0,-276.34331147506487,-16.475059672312824,118.0,11.872881355932204,2022,5,May,2,Saturday,True,21
2022-05-28,Bon Marche,CHICKEN INN,1039.4134486327257,670.5,-368.9134486327257,-35.49246443924744,80.0,8.38125,2022,5,May,2,Saturday,True,21
2022-05-28,Bon Marche,PIZZA INN,2495.572828201556,2002.75,-492.8228282015557,-19.74788403817934,123.0,16.28252032520325,2022,5,May,2,Saturday,True,21
2022-05-28,Bon Marche,CREAMY INN,463.39681966061846,358.5,-104.89681966061846,-22.636499693166336,82.0,4.371951219512195,2022,5,May,2,Saturday,True,21
2022-05-28,Bon Marche,GALITOS,639.2506633938334,324.25,-315.0006633938334,-49.27654853285086,35.0,9.264285714285714,2022,5,May,2,Saturday,True,21
2022-05-28,OASIS,CHICKEN INN,936.8395580939084,942.0,5.160441906091592,0.5508351842647438,93.0,10.129032258064516,2022,5,May,2,Saturday,True,21
2022-05-28,OASIS,PIZZA INN,2714.361583112816,2268.5,-445.8615831128159,-16.426020243091717,165.0,13.748484848484848,2022,5,May,2,Saturday,True,21
2022-05-28,OASIS,CREAMY INN,168.85392898747102,177.5,8.646071012528978,5.120444081091248,55.0,3.227272727272727,2022,5,May,2,Saturday,True,21
2022-05-28,TATARAFEL,CHICKEN INN,967.358154397892,1376.5,409.1418456021081,42.29476370690939,133.0,10.349624060150376,2022,5,May,2,Saturday,True,21
2022-05-28,TATARAFEL,PIZZA INN,2366.6133216135145,1992.25,-374.3633216135145,-15.818525071019218,118.0,16.883474576271187,2022,5,May,2,Saturday,True,21
2022-05-28,TATARAFEL,CREAMY INN,118.0,315.0,197.0,166.94915254237287,70.0,4.5,2022,5,May,2,Saturday,True,21
2022-05-29,LA PIAZZA,CHICKEN INN,1952.260792632869,1833.5,-118.76079263286896,-6.083244261270295,183.0,10.019125683060109,2022,5,May,2,Sunday,True,21
2022-05-29,LA PIAZZA,PIZZA INN,2868.147642915679,3662.25,794.1023570843208,27.686941397377247,233.0,15.717811158798284,2022,5,May,2,Sunday,True,21
2022-05-29,LA PIAZZA,CREAMY INN,610.6474887036668,779.0,168.3525112963332,27.56950849887648,141.0,5.524822695035461,2022,5,May,2,Sunday,True,21
2022-05-29,LA PIAZZA,GALITOS,1068.8014089012224,1336.75,267.9485910987776,25.070007287344534,121.0,11.047520661157025,2022,5,May,2,Sunday,True,21
2022-05-29,CARREFOUR,CHICKEN INN,3186.304786905848,3153.0,-33.30478690584823,-1.045247995192255,274.0,11.507299270072991,2022,5,May,2,Sunday,True,21
2022-05-29,CARREFOUR,PIZZA INN,7907.805071818859,7779.75,-128.05507181885878,-1.6193503842831205,461.0,16.875813449023862,2022,5,May,2,Sunday,True,21
2022-05-29,CARREFOUR,CREAMY INN,1329.355417012581,1741.75,412.39458298741897,31.02214635076152,285.0,6.11140350877193,2022,5,May,2,Sunday,True,21
2022-05-29,CARREFOUR,GALITOS,1450.7198077798223,1812.0,361.2801922201775,24.90351274468911,137.0,13.226277372262771,2022,5,May,2,Sunday,True,21
2022-05-29,ALILAC,CHICKEN INN,1009.0360866977704,1669.25,660.2139133022297,65.43015874317081,118.0,14.146186440677964,2022,5,May,2,Sunday,True,21
2022-05-29,ALILAC,PIZZA INN,2675.3408497433084,3336.75,661.4091502566916,24.722425567574017,221.0,15.09841628959276,2022,5,May,2,Sunday,True,21
2022-05-29,ALILAC,CREAMY INN,323.4995870653382,220.0,-103.49958706533818,-31.9937308125324,52.0,4.230769230769231,2022,5,May,2,Sunday,True,21
2022-05-29,KOLWEZI,CHICKEN INN,2092.622945522582,1694.75,-397.8729455225821,-19.013121612466257,123.0,13.778455284552846,2022,5,May,2,Sunday,True,21
2022-05-29,KOLWEZI,PIZZA INN,4518.392100963123,2987.5,-1530.892100963123,-33.88134687639889,143.0,20.89160839160839,2022,5,May,2,Sunday,True,21
2022-05-29,KOLWEZI,CREAMY INN,657.1316002424253,714.25,57.11839975757471,8.692079293782692,102.0,7.002450980392157,2022,5,May,2,Sunday,True,21
2022-05-29,KOLWEZI,GALITOS,892.128531625779,1121.5,229.37146837422097,25.710585441788712,84.0,13.351190476190476,2022,5,May,2,Sunday,True,21
2022-05-29,JUNCTION,CHICKEN INN,4024.157683993779,3275.75,-748.4076839937788,-18.5978717228352,312.0,10.499198717948715,2022,5,May,2,Sunday,True,21
2022-05-29,JUNCTION,PIZZA INN,9809.585517099227,10687.0,877.4144829007728,8.944460307434388,576.0,18.553819444444443,2022,5,May,2,Sunday,True,21
2022-05-29,JUNCTION,CREAMY INN,801.9867215676519,948.5,146.5132784323481,18.268791052544746,203.0,4.672413793103448,2022,5,May,2,Sunday,True,21
2022-05-29,JUNCTION,GALITOS,1973.61695783922,1741.75,-231.8669578392196,-11.748326184482886,162.0,10.751543209876544,2022,5,May,2,Sunday,True,21
2022-05-29,Bon Marche,CHICKEN INN,1316.9321076417214,1132.0,-184.93210764172136,-14.0426455220145,117.0,9.675213675213676,2022,5,May,2,Sunday,True,21
2022-05-29,Bon Marche,PIZZA INN,3482.541069477502,3798.75,316.2089305224981,9.079833495544106,213.0,17.83450704225352,2022,5,May,2,Sunday,True,21
2022-05-29,Bon Marche,CREAMY INN,538.79698014777,640.0,101.20301985223,18.78314533694568,180.0,3.555555555555556,2022,5,May,2,Sunday,True,21
2022-05-29,Bon Marche,GALITOS,752.163222014789,864.75,112.58677798521104,14.968397109822709,82.0,10.545731707317072,2022,5,May,2,Sunday,True,21
2022-05-29,OASIS,CHICKEN INN,1802.3491848770668,1438.5,-363.8491848770668,-20.18749684744824,158.0,9.104430379746836,2022,5,May,2,Sunday,True,21
2022-05-29,OASIS,PIZZA INN,4496.8547886913375,4555.0,58.14521130866251,1.2930195445689223,285.0,15.982456140350877,2022,5,May,2,Sunday,True,21
2022-05-29,OASIS,CREAMY INN,345.13545015914167,429.5,84.36454984085833,24.443895810169,123.0,3.491869918699187,2022,5,May,2,Sunday,True,21
2022-05-29,TATARAFEL,CHICKEN INN,1861.0627252019333,1577.5,-283.5627252019333,-15.236602257517436,170.0,9.279411764705882,2022,5,May,2,Sunday,True,21
2022-05-29,TATARAFEL,PIZZA INN,3920.743836962904,2750.75,-1169.993836962904,-29.841119073701268,170.0,16.180882352941175,2022,5,May,2,Sunday,True,21
2022-05-29,TATARAFEL,CREAMY INN,170.0,388.5,218.5,128.52941176470588,112.0,3.46875,2022,5,May,2,Sunday,True,21
2022-05-30,LA PIAZZA,CHICKEN INN,1278.0,967.0,-311.0,-24.33489827856025,155.0,6.238709677419354,2022,5,May,2,Monday,False,22
2022-05-30,LA PIAZZA,PIZZA INN,1578.630761777137,1587.5,8.869238222863032,0.561831077767579,137.0,11.587591240875913,2022,5,May,2,Monday,False,22
2022-05-30,LA PIAZZA,CREAMY INN,670.9852762779576,601.25,-69.73527627795761,-10.392966692918842,149.0,4.035234899328859,2022,5,May,2,Monday,False,22
2022-05-30,LA PIAZZA,GALITOS,487.7082614405418,746.5,258.79173855945817,53.062816240812914,95.0,7.8578947368421055,2022,5,May,2,Monday,False,22
2022-05-30,CARREFOUR,CHICKEN INN,1303.2618542442651,1553.25,249.98814575573488,19.181728134036263,145.0,10.712068965517242,2022,5,May,2,Monday,False,22
2022-05-30,CARREFOUR,PIZZA INN,2246.1593573856326,2511.5,265.3406426143674,11.813081816385672,167.0,15.038922155688622,2022,5,May,2,Monday,False,22
2022-05-30,CARREFOUR,CREAMY INN,785.473566923799,689.75,-95.723566923799,-12.186733068394322,182.0,3.7898351648351647,2022,5,May,2,Monday,False,22
2022-05-30,CARREFOUR,GALITOS,593.1452632812777,919.0,325.8547367187223,54.93675106096184,93.0,9.881720430107526,2022,5,May,2,Monday,False,22
2022-05-30,ALILAC,CHICKEN INN,660.5408038911395,713.5,52.95919610886051,8.017551042552771,72.0,9.90972222222222,2022,5,May,2,Monday,False,22
2022-05-30,ALILAC,PIZZA INN,1062.6688327167542,1587.25,524.5811672832458,49.36450106870394,112.0,14.171875,2022,5,May,2,Monday,False,22
2022-05-30,ALILAC,CREAMY INN,194.90216635855555,191.25,-3.6521663585555473,-1.8738459539935377,35.0,5.464285714285714,2022,5,May,2,Monday,False,22
2022-05-30,KOLWEZI,CHICKEN INN,855.9242892969495,652.0,-203.9242892969495,-23.825038247769736,63.0,10.34920634920635,2022,5,May,2,Monday,False,22
2022-05-30,KOLWEZI,PIZZA INN,1283.4191796259452,1384.5,101.08082037405484,7.875900717294487,68.0,20.360294117647054,2022,5,May,2,Monday,False,22
2022-05-30,KOLWEZI,CREAMY INN,388.27802961882907,278.0,-110.27802961882908,-28.40182065595845,47.0,5.914893617021277,2022,5,May,2,Monday,False,22
2022-05-30,KOLWEZI,GALITOS,364.7581083088264,496.5,131.74189169117358,36.11760470575554,37.0,13.41891891891892,2022,5,May,2,Monday,False,22
2022-05-30,JUNCTION,CHICKEN INN,1782.3025469080776,1565.5,-216.8025469080776,-12.164183195730978,167.0,9.374251497005988,2022,5,May,2,Monday,False,22
2022-05-30,JUNCTION,PIZZA INN,3211.917449584888,3719.75,507.8325504151121,15.810884257960767,252.0,14.760912698412698,2022,5,May,2,Monday,False,22
2022-05-30,JUNCTION,CREAMY INN,273.95367602626783,338.5,64.54632397373217,23.56103590577233,83.0,4.078313253012048,2022,5,May,2,Monday,False,22
2022-05-30,JUNCTION,GALITOS,1166.1441650183492,1058.0,-108.1441650183492,-9.273653143618615,134.0,7.895522388059701,2022,5,May,2,Monday,False,22
2022-05-30,Bon Marche,CHICKEN INN,583.2702478063459,431.25,-152.02024780634588,-26.06343258173847,53.0,8.13679245283019,2022,5,May,2,Monday,False,22
2022-05-30,Bon Marche,PIZZA INN,1140.275948504957,1396.5,256.22405149504334,22.47035481463806,98.0,14.25,2022,5,May,2,Monday,False,22
2022-05-30,Bon Marche,CREAMY INN,184.04969730023436,210.25,26.200302699765672,14.235450035555322,52.0,4.043269230769231,2022,5,May,2,Monday,False,22
2022-05-30,Bon Marche,GALITOS,444.42805834737993,360.25,-84.17805834737993,-18.940761449760565,40.0,9.00625,2022,5,May,2,Monday,False,22
2022-05-30,OASIS,CHICKEN INN,935.0488485212536,566.0,-369.0488485212536,-39.468403079143,76.0,7.447368421052632,2022,5,May,2,Monday,False,22
2022-05-30,OASIS,PIZZA INN,1982.9263935420447,1814.0,-168.9263935420447,-8.519045088723457,146.0,12.424657534246576,2022,5,May,2,Monday,False,22
2022-05-30,OASIS,CREAMY INN,55.0,182.5,127.5,231.81818181818184,50.0,3.65,2022,5,May,2,Monday,False,22
2022-05-30,TATARAFEL,CHICKEN INN,600.32293238837,692.25,91.92706761163004,15.312936196840004,85.0,8.144117647058824,2022,5,May,2,Monday,False,22
2022-05-30,TATARAFEL,PIZZA INN,1728.8853658744845,1116.75,-612.1353658744845,-35.40635937796034,71.0,15.72887323943662,2022,5,May,2,Monday,False,22
2022-05-30,TATARAFEL,CREAMY INN,71.0,209.0,138.0,194.3661971830986,54.0,3.87037037037037,2022,5,May,2,Monday,False,22
2022-05-31,LA PIAZZA,CHICKEN INN,1314.0,1202.75,-111.25,-8.466514459665145,169.0,7.116863905325443,2022,5,May,2,Tuesday,False,22
2022-05-31,LA PIAZZA,PIZZA INN,3974.30999537885,4110.0,135.6900046211499,3.414177675594611,249.0,16.50602409638554,2022,5,May,2,Tuesday,False,22
2022-05-31,LA PIAZZA,CREAMY INN,525.229536414761,499.0,-26.22953641476101,-4.993918771934445,136.0,3.669117647058824,2022,5,May,2,Tuesday,False,22
2022-05-31,LA PIAZZA,GALITOS,609.2794392777347,749.5,140.2205607222653,23.01416258006156,86.0,8.715116279069768,2022,5,May,2,Tuesday,False,22
2022-05-31,CARREFOUR,CHICKEN INN,1870.9805493023807,1495.5,-375.4805493023807,-20.068650603683903,161.0,9.288819875776396,2022,5,May,2,Tuesday,False,22
2022-05-31,CARREFOUR,PIZZA INN,4500.107737250279,7254.0,2753.8922627497213,61.19614070467665,439.0,16.52391799544419,2022,5,May,2,Tuesday,False,22
2022-05-31,CARREFOUR,CREAMY INN,1064.6261850080414,843.5,-221.12618500804135,-20.770312445994477,181.0,4.6602209944751385,2022,5,May,2,Tuesday,False,22
2022-05-31,CARREFOUR,GALITOS,1047.1700880114006,764.5,-282.6700880114006,-26.99371298393343,68.0,11.242647058823527,2022,5,May,2,Tuesday,False,22
2022-05-31,ALILAC,CHICKEN INN,679.0620242783966,734.5,55.43797572160338,8.16390458301867,83.0,8.849397590361447,2022,5,May,2,Tuesday,False,22
2022-05-31,ALILAC,PIZZA INN,1930.7181777741132,3778.25,1847.5318222258863,95.69142941181966,230.0,16.42717391304348,2022,5,May,2,Tuesday,False,22
2022-05-31,ALILAC,CREAMY INN,152.5642634821846,148.5,-4.0642634821846,-2.663968212096535,34.0,4.367647058823529,2022,5,May,2,Tuesday,False,22
2022-05-31,KOLWEZI,CHICKEN INN,1228.776620550047,802.5,-426.276620550047,-34.69114023012819,79.0,10.158227848101266,2022,5,May,2,Tuesday,False,22
2022-05-31,KOLWEZI,PIZZA INN,2571.2888808977536,1956.0,-615.2888808977536,-23.92920085598972,104.0,18.807692307692307,2022,5,May,2,Tuesday,False,22
2022-05-31,KOLWEZI,CREAMY INN,526.2697241543655,245.25,-281.01972415436546,-53.398421238447824,55.0,4.459090909090909,2022,5,May,2,Tuesday,False,22
2022-05-31,KOLWEZI,GALITOS,643.9632987501296,572.5,-71.46329875012964,-11.09741795671166,50.0,11.45,2022,5,May,2,Tuesday,False,22
2022-05-31,JUNCTION,CHICKEN INN,2850.093594143028,1537.75,-1312.343594143028,-46.045631513291625,177.0,8.687853107344633,2022,5,May,2,Tuesday,False,22
2022-05-31,JUNCTION,PIZZA INN,6653.364614268416,6222.25,-431.1146142684156,-6.4796481068221095,412.0,15.10254854368932,2022,5,May,2,Tuesday,False,22
2022-05-31,JUNCTION,CREAMY INN,508.5484313147647,295.65,-212.8984313147647,-41.86394416051041,92.0,3.213586956521739,2022,5,May,2,Tuesday,False,22
2022-05-31,JUNCTION,GALITOS,1331.3825871325223,1411.75,80.36741286747747,6.036387560135477,137.0,10.304744525547443,2022,5,May,2,Tuesday,False,22
2022-05-31,Bon Marche,CHICKEN INN,932.7119011365136,389.5,-543.2119011365135,-58.240052525823614,39.0,9.987179487179487,2022,5,May,2,Tuesday,False,22
2022-05-31,Bon Marche,PIZZA INN,2362.0381797996533,1807.25,-554.7881797996533,-23.48768891816601,129.0,14.00968992248062,2022,5,May,2,Tuesday,False,22
2022-05-31,Bon Marche,CREAMY INN,341.6569772074052,198.42,-143.23697720740518,-41.92420666429189,52.0,3.8157692307692312,2022,5,May,2,Tuesday,False,22
2022-05-31,Bon Marche,GALITOS,507.4019112444026,407.0,-100.40191124440264,-19.787452317269967,43.0,9.465116279069768,2022,5,May,2,Tuesday,False,22
2022-05-31,OASIS,CHICKEN INN,581.3837079219285,543.5,-37.88370792192848,-6.516128230930014,61.0,8.90983606557377,2022,5,May,2,Tuesday,False,22
2022-05-31,OASIS,PIZZA INN,3042.011466834741,2099.0,-943.0114668347414,-30.999602635159,159.0,13.20125786163522,2022,5,May,2,Tuesday,False,22
2022-05-31,OASIS,CREAMY INN,242.0,152.0,-90.0,-37.1900826446281,51.0,2.980392156862745,2022,5,May,2,Tuesday,False,22
2022-05-31,TATARAFEL,CHICKEN INN,965.5091104582972,622.25,-343.2591104582973,-35.55213583591799,72.0,8.64236111111111,2022,5,May,2,Tuesday,False,22
2022-05-31,TATARAFEL,PIZZA INN,2652.2866027510186,1873.0,-779.2866027510186,-29.381689065681016,130.0,14.407692307692308,2022,5,May,2,Tuesday,False,22
2022-05-31,TATARAFEL,CREAMY INN,130.0,145.0,15.0,11.538461538461538,44.0,3.2954545454545454,2022,5,May,2,Tuesday,False,22
2022-06-01,LA PIAZZA,CHICKEN INN,1213.2987989990577,1193.25,-20.04879899905768,-1.652420575673318,157.0,7.600318471337579,2022,6,June,2,Wednesday,False,22
2022-06-01,LA PIAZZA,PIZZA INN,2356.3143904175367,1892.25,-464.0643904175368,-19.694502240649854,153.0,12.367647058823527,2022,6,June,2,Wednesday,False,22
2022-06-01,LA PIAZZA,CREAMY INN,470.3318056706354,450.25,-20.08180567063539,-4.269710325458684,111.0,4.056306306306307,2022,6,June,2,Wednesday,False,22
2022-06-01,LA PIAZZA,GALITOS,640.5718960745652,969.0,328.4281039254348,51.271076039715055,100.0,9.69,2022,6,June,2,Wednesday,False,22
2022-06-01,CARREFOUR,CHICKEN INN,1234.4592162118445,1506.0,271.5407837881557,21.99673996694897,158.0,9.531645569620252,2022,6,June,2,Wednesday,False,22
2022-06-01,CARREFOUR,PIZZA INN,2742.015995060456,2648.5,-93.51599506045568,-3.410483207571291,191.0,13.866492146596858,2022,6,June,2,Wednesday,False,22
2022-06-01,CARREFOUR,CREAMY INN,835.7692892589239,928.0,92.23071074107612,11.035427112051105,204.0,4.549019607843137,2022,6,June,2,Wednesday,False,22
2022-06-01,CARREFOUR,GALITOS,729.186432526208,918.25,189.063567473792,25.92801498223114,83.0,11.063253012048191,2022,6,June,2,Wednesday,False,22
2022-06-01,ALILAC,CHICKEN INN,627.099758780712,1034.5,407.400241219288,64.96577865241217,91.0,11.368131868131869,2022,6,June,2,Wednesday,False,22
2022-06-01,ALILAC,PIZZA INN,1586.1732353168177,2423.0,836.8267646831825,52.75758952747916,138.0,17.557971014492754,2022,6,June,2,Wednesday,False,22
2022-06-01,ALILAC,CREAMY INN,140.69736103158004,141.0,0.3026389684199557,0.2150992500506298,40.0,3.525,2022,6,June,2,Wednesday,False,22
2022-06-01,KOLWEZI,CHICKEN INN,810.7377837087813,841.25,30.51221629121869,3.7635123099404906,63.0,13.353174603174605,2022,6,June,2,Wednesday,False,22
2022-06-01,KOLWEZI,PIZZA INN,1566.7436539310163,1063.5,-503.2436539310163,-32.12035693703688,65.0,16.361538461538462,2022,6,June,2,Wednesday,False,22
2022-06-01,KOLWEZI,CREAMY INN,413.1403862771436,272.5,-140.6403862771436,-34.04179086544179,52.0,5.240384615384615,2022,6,June,2,Wednesday,False,22
2022-06-01,KOLWEZI,GALITOS,448.41741171688574,548.5,100.08258828311426,22.319068276122767,54.0,10.157407407407408,2022,6,June,2,Wednesday,False,22
2022-06-01,JUNCTION,CHICKEN INN,2181.2466156966584,1226.5,-954.7466156966584,-43.77068639676611,143.0,8.576923076923077,2022,6,June,2,Wednesday,False,22
2022-06-01,JUNCTION,PIZZA INN,4026.791588302612,3960.0,-66.79158830261213,-1.6586800393800951,248.0,15.96774193548387,2022,6,June,2,Wednesday,False,22
2022-06-01,JUNCTION,CREAMY INN,428.2500246562793,290.83,-137.42002465627934,-32.08873712653606,87.0,3.3428735632183906,2022,6,June,2,Wednesday,False,22
2022-06-01,JUNCTION,GALITOS,1345.4995011491235,1142.5,-202.9995011491235,-15.087296648995546,117.0,9.764957264957266,2022,6,June,2,Wednesday,False,22
2022-06-01,Bon Marche,CHICKEN INN,713.8273220061556,490.25,-223.57732200615555,-31.320925259320287,59.0,8.309322033898304,2022,6,June,2,Wednesday,False,22
2022-06-01,Bon Marche,PIZZA INN,1429.567748815267,1112.0,-317.5677488152669,-22.21424966242044,72.0,15.444444444444445,2022,6,June,2,Wednesday,False,22
2022-06-01,Bon Marche,CREAMY INN,287.71027478108584,205.0,-82.71027478108584,-28.74776538447185,53.0,3.867924528301887,2022,6,June,2,Wednesday,False,22
2022-06-01,Bon Marche,GALITOS,512.781994491791,328.25,-184.531994491791,-35.98644189421615,30.0,10.941666666666666,2022,6,June,2,Wednesday,False,22
2022-06-01,OASIS,CHICKEN INN,849.7951811135727,423.5,-426.2951811135727,-50.16446204777897,48.0,8.822916666666666,2022,6,June,2,Wednesday,False,22
2022-06-01,OASIS,PIZZA INN,2316.4608739283176,1364.0,-952.4608739283176,-41.1170715054258,113.0,12.070796460176991,2022,6,June,2,Wednesday,False,22
2022-06-01,OASIS,CREAMY INN,162.22355499968617,135.5,-26.72355499968617,-16.473288974426602,43.0,3.1511627906976742,2022,6,June,2,Wednesday,False,22
2022-06-01,TATARAFEL,CHICKEN INN,877.478209492778,497.25,-380.228209492778,-43.33192612413328,68.0,7.3125,2022,6,June,2,Wednesday,False,22
2022-06-01,TATARAFEL,PIZZA INN,2019.689343285031,876.75,-1142.939343285031,-56.58985858815478,62.0,14.141129032258064,2022,6,June,2,Wednesday,False,22
2022-06-01,TATARAFEL,CREAMY INN,62.0,166.0,104.0,167.74193548387098,44.0,3.772727272727273,2022,6,June,2,Wednesday,False,22
2022-06-02,LA PIAZZA,CHICKEN INN,1231.7678698406835,1033.5,-198.2678698406835,-16.09620405720823,153.0,6.754901960784314,2022,6,June,2,Thursday,False,22
2022-06-02,LA PIAZZA,PIZZA INN,3666.232750840493,3624.75,-41.48275084049283,-1.131481650503035,221.0,16.40158371040724,2022,6,June,2,Thursday,False,22
2022-06-02,LA PIAZZA,CREAMY INN,505.0682758087916,497.75,-7.318275808791611,-1.448967626618893,122.0,4.079918032786885,2022,6,June,2,Thursday,False,22
2022-06-02,LA PIAZZA,GALITOS,743.596972846859,640.5,-103.096972846859,-13.864630520502594,72.0,8.895833333333334,2022,6,June,2,Thursday,False,22
2022-06-02,CARREFOUR,CHICKEN INN,1465.373129882677,1542.25,76.87687011732305,5.246231730991143,168.0,9.180059523809524,2022,6,June,2,Thursday,False,22
2022-06-02,CARREFOUR,PIZZA INN,5127.202479639896,4978.0,-149.2024796398964,-2.910017309290572,293.0,16.98976109215017,2022,6,June,2,Thursday,False,22
2022-06-02,CARREFOUR,CREAMY INN,999.5520837674268,902.75,-96.80208376742668,-9.68454624220966,200.0,4.51375,2022,6,June,2,Thursday,False,22
2022-06-02,CARREFOUR,GALITOS,1143.7732065143994,1110.5,-33.27320651439936,-2.909073785335299,91.0,12.203296703296704,2022,6,June,2,Thursday,False,22
2022-06-02,ALILAC,CHICKEN INN,636.6455935571431,1017.5,380.8544064428569,59.822043896495245,109.0,9.3348623853211,2022,6,June,2,Thursday,False,22
2022-06-02,ALILAC,PIZZA INN,2467.9560110799466,3072.75,604.7939889200534,24.50586583410792,191.0,16.087696335078533,2022,6,June,2,Thursday,False,22
2022-06-02,ALILAC,CREAMY INN,151.08859892165242,137.5,-13.58859892165242,-8.993795043859556,26.0,5.288461538461538,2022,6,June,2,Thursday,False,22
2022-06-02,KOLWEZI,CHICKEN INN,962.3917485692004,685.5,-276.89174856920044,-28.771209747055583,63.0,10.88095238095238,2022,6,June,2,Thursday,False,22
2022-06-02,KOLWEZI,PIZZA INN,2929.600688641522,1930.5,-999.100688641522,-34.10364738495514,98.0,19.698979591836736,2022,6,June,2,Thursday,False,22
2022-06-02,KOLWEZI,CREAMY INN,494.10206775839504,299.5,-194.60206775839504,-39.384993598843046,65.0,4.607692307692307,2022,6,June,2,Thursday,False,22
2022-06-02,KOLWEZI,GALITOS,703.3699448842611,523.25,-180.11994488426114,-25.608137821967887,48.0,10.901041666666666,2022,6,June,2,Thursday,False,22
2022-06-02,JUNCTION,CHICKEN INN,2462.575391428906,1740.5,-722.0753914289066,-29.32196081964107,186.0,9.35752688172043,2022,6,June,2,Thursday,False,22
2022-06-02,JUNCTION,PIZZA INN,7814.6067081016445,5911.0,-1903.6067081016445,-24.359597087952185,397.0,14.889168765743072,2022,6,June,2,Thursday,False,22
2022-06-02,JUNCTION,CREAMY INN,554.5541793936151,412.83,-141.7241793936151,-25.55641714729936,95.0,4.345578947368421,2022,6,June,2,Thursday,False,22
2022-06-02,JUNCTION,GALITOS,1334.7475073655494,936.0,-398.7475073655494,-29.874377375881007,94.0,9.95744680851064,2022,6,June,2,Thursday,False,22
2022-06-02,Bon Marche,CHICKEN INN,805.8940168672875,497.25,-308.6440168672875,-38.29833829354688,66.0,7.534090909090909,2022,6,June,2,Thursday,False,22
2022-06-02,Bon Marche,PIZZA INN,2774.29548428321,2463.0,-311.29548428321004,-11.220703996627057,142.0,17.345070422535212,2022,6,June,2,Thursday,False,22
2022-06-02,Bon Marche,CREAMY INN,372.5649180344936,179.0,-193.56491803449364,-51.954681899644825,0.0,0.0,2022,6,June,2,Thursday,False,22
2022-06-02,Bon Marche,GALITOS,508.6843126922841,226.5,-282.1843126922841,-55.4733664183162,31.0,7.306451612903226,2022,6,June,2,Thursday,False,22
2022-06-02,OASIS,CHICKEN INN,942.0051301493204,578.75,-363.2551301493203,-38.5619057182565,75.0,7.716666666666667,2022,6,June,2,Thursday,False,22
2022-06-02,OASIS,PIZZA INN,2640.40898012527,2198.75,-441.65898012526986,-16.726915544133472,162.0,13.572530864197532,2022,6,June,2,Thursday,False,22
2022-06-02,OASIS,CREAMY INN,227.5007623899981,144.0,-83.5007623899981,-36.70350882027161,47.0,3.0638297872340425,2022,6,June,2,Thursday,False,22
2022-06-02,TATARAFEL,CHICKEN INN,972.6920007398412,632.5,-340.1920007398412,-34.97427762139373,67.0,9.440298507462687,2022,6,June,2,Thursday,False,22
2022-06-02,TATARAFEL,PIZZA INN,2302.135097162072,1710.25,-591.8850971620718,-25.71026773761934,108.0,15.835648148148149,2022,6,June,2,Thursday,False,22
2022-06-02,TATARAFEL,CREAMY INN,108.0,197.5,89.5,82.87037037037037,56.0,3.5267857142857144,2022,6,June,2,Thursday,False,22
2022-06-03,LA PIAZZA,CHICKEN INN,1501.952502959305,1521.5,19.547497040694907,1.3014723835927149,185.0,8.224324324324325,2022,6,June,2,Friday,False,22
2022-06-03,LA PIAZZA,PIZZA INN,2051.1832709741548,1893.0,-158.18327097415477,-7.711805825085041,156.0,12.134615384615383,2022,6,June,2,Friday,False,22
2022-06-03,LA PIAZZA,CREAMY INN,656.1719209097712,499.0,-157.1719209097712,-23.95285685066423,135.0,3.696296296296296,2022,6,June,2,Friday,False,22
2022-06-03,LA PIAZZA,GALITOS,1273.76458554836,938.5,-335.26458554835995,-26.32076518315411,90.0,10.427777777777775,2022,6,June,2,Friday,False,22
2022-06-03,CARREFOUR,CHICKEN INN,1472.2129969937798,2047.75,575.5370030062202,39.093324415791166,193.0,10.610103626943005,2022,6,June,2,Friday,False,22
2022-06-03,CARREFOUR,PIZZA INN,3855.0873441362737,3767.0,-88.08734413627371,-2.2849636408435137,220.0,17.12272727272727,2022,6,June,2,Friday,False,22
2022-06-03,CARREFOUR,CREAMY INN,945.1698354937296,959.0,13.83016450627042,1.4632464967574783,211.0,4.545023696682464,2022,6,June,2,Friday,False,22
2022-06-03,CARREFOUR,GALITOS,1134.8413550101652,1811.0,676.1586449898348,59.58177695980934,128.0,14.1484375,2022,6,June,2,Friday,False,22
2022-06-03,ALILAC,CHICKEN INN,776.2919184317087,1110.5,334.2080815682913,43.05185634850737,99.0,11.217171717171718,2022,6,June,2,Friday,False,22
2022-06-03,ALILAC,PIZZA INN,1380.7716060216756,2155.0,774.2283939783244,56.07215491699288,137.0,15.72992700729927,2022,6,June,2,Friday,False,22
2022-06-03,ALILAC,CREAMY INN,196.2904837434673,124.25,-72.04048374346726,-36.70095583320138,30.0,4.141666666666667,2022,6,June,2,Friday,False,22
2022-06-03,KOLWEZI,CHICKEN INN,966.8838683814168,783.25,-183.63386838141676,-18.992339658000866,62.0,12.633064516129032,2022,6,June,2,Friday,False,22
2022-06-03,KOLWEZI,PIZZA INN,2202.734645842981,1188.5,-1014.2346458429816,-46.04434073605068,63.0,18.865079365079364,2022,6,June,2,Friday,False,22
2022-06-03,KOLWEZI,CREAMY INN,467.2196453636494,260.0,-207.21964536364945,-44.35165503418951,45.0,5.777777777777778,2022,6,June,2,Friday,False,22
2022-06-03,KOLWEZI,GALITOS,697.8772511714989,592.0,-105.87725117149888,-15.17132862459221,36.0,16.444444444444443,2022,6,June,2,Friday,False,22
2022-06-03,JUNCTION,CHICKEN INN,2722.2217952357405,1862.5,-859.7217952357405,-31.58162192148968,208.0,8.954326923076923,2022,6,June,2,Friday,False,22
2022-06-03,JUNCTION,PIZZA INN,6173.008522759308,4946.75,-1226.258522759308,-19.864844155620503,309.0,16.008899676375403,2022,6,June,2,Friday,False,22
2022-06-03,JUNCTION,CREAMY INN,782.9870842505935,666.0,-116.98708425059353,-14.941125671640329,101.0,6.594059405940594,2022,6,June,2,Friday,False,22
2022-06-03,JUNCTION,GALITOS,3204.0941475050868,2331.0,-873.0941475050868,-27.249328743505675,171.0,13.63157894736842,2022,6,June,2,Friday,False,22
2022-06-03,Bon Marche,CHICKEN INN,890.8650127025132,463.0,-427.8650127025133,-48.02804090426103,65.0,7.123076923076923,2022,6,June,2,Friday,False,22
2022-06-03,Bon Marche,PIZZA INN,2191.504999397874,1325.75,-865.7549993978741,-39.50504332117628,76.0,17.44407894736842,2022,6,June,2,Friday,False,22
2022-06-03,Bon Marche,CREAMY INN,526.0324954810867,197.25,-328.7824954810867,-62.50231654993031,49.0,4.025510204081633,2022,6,June,2,Friday,False,22
2022-06-03,Bon Marche,GALITOS,1221.1091762530775,627.0,-594.1091762530777,-48.65323984183599,44.0,14.25,2022,6,June,2,Friday,False,22
2022-06-03,OASIS,CHICKEN INN,803.8365715941684,604.25,-199.5865715941684,-24.82924746734879,73.0,8.277397260273972,2022,6,June,2,Friday,False,22
2022-06-03,OASIS,PIZZA INN,2079.9079614152456,1488.0,-591.9079614152456,-28.45837279321195,110.0,13.527272727272727,2022,6,June,2,Friday,False,22
2022-06-03,OASIS,CREAMY INN,204.2336389637483,87.5,-116.73363896374828,-57.15691085760297,33.0,2.6515151515151514,2022,6,June,2,Friday,False,22
2022-06-03,TATARAFEL,CHICKEN INN,830.0224468712257,571.25,-258.7724468712257,-31.176560085413342,72.0,7.934027777777778,2022,6,June,2,Friday,False,22
2022-06-03,TATARAFEL,PIZZA INN,1813.4422178088803,1367.0,-446.4422178088803,-24.61849699012197,90.0,15.188888888888888,2022,6,June,2,Friday,False,22
2022-06-03,TATARAFEL,CREAMY INN,90.0,191.5,101.5,112.77777777777776,47.0,4.074468085106383,2022,6,June,2,Friday,False,22
2022-06-04,LA PIAZZA,CHICKEN INN,1860.0141666953396,1732.5,-127.51416669533933,-6.855548144662356,200.0,8.6625,2022,6,June,2,Saturday,True,22
2022-06-04,LA PIAZZA,PIZZA INN,2631.701727088473,2891.25,259.54827291152696,9.862374228810216,226.0,12.793141592920351,2022,6,June,2,Saturday,True,22
2022-06-04,LA PIAZZA,CREAMY INN,671.8033324719415,641.0,-30.80333247194153,-4.585171133134869,151.0,4.245033112582782,2022,6,June,2,Saturday,True,22
2022-06-04,LA PIAZZA,GALITOS,735.0825036921241,1061.75,326.6674963078759,44.439568982680434,110.0,9.652272727272727,2022,6,June,2,Saturday,True,22
2022-06-04,CARREFOUR,CHICKEN INN,2030.6197479442176,2914.75,884.1302520557824,43.53992188595962,250.0,11.659,2022,6,June,2,Saturday,True,22
2022-06-04,CARREFOUR,PIZZA INN,4719.108978856378,5328.25,609.1410211436223,12.907966819008292,302.0,17.6432119205298,2022,6,June,2,Saturday,True,22
2022-06-04,CARREFOUR,CREAMY INN,1069.8355742264157,1042.75,-27.085574226415478,-2.531751128765811,206.0,5.061893203883495,2022,6,June,2,Saturday,True,22
2022-06-04,CARREFOUR,GALITOS,1041.8012351743953,1147.75,105.94876482560473,10.169767634021772,94.0,12.210106382978724,2022,6,June,2,Saturday,True,22
2022-06-04,ALILAC,CHICKEN INN,961.357941032842,1439.75,478.39205896715794,49.76211653832014,127.0,11.336614173228346,2022,6,June,2,Saturday,True,22
2022-06-04,ALILAC,PIZZA INN,1771.552582210853,2613.25,841.697417789147,47.51185069193543,152.0,17.192434210526315,2022,6,June,2,Saturday,True,22
2022-06-04,ALILAC,CREAMY INN,200.96654079399983,241.75,40.783459206000174,20.29365636929838,41.0,5.896341463414634,2022,6,June,2,Saturday,True,22
2022-06-04,KOLWEZI,CHICKEN INN,1333.620529850748,911.5,-422.120529850748,-31.65222193287543,79.0,11.537974683544304,2022,6,June,2,Saturday,True,22
2022-06-04,KOLWEZI,PIZZA INN,2696.4226533146443,2129.75,-566.6726533146443,-21.015720685258596,119.0,17.897058823529413,2022,6,June,2,Saturday,True,22
2022-06-04,KOLWEZI,CREAMY INN,528.844847578505,310.25,-218.59484757850495,-41.334400548557,65.0,4.773076923076923,2022,6,June,2,Saturday,True,22
2022-06-04,KOLWEZI,GALITOS,640.6616916635601,649.75,9.088308336439924,1.4185815157514674,48.0,13.536458333333334,2022,6,June,2,Saturday,True,22
2022-06-04,JUNCTION,CHICKEN INN,3529.6191198083484,3209.75,-319.8691198083484,-9.06242597149453,326.0,9.845858895705522,2022,6,June,2,Saturday,True,22
2022-06-04,JUNCTION,PIZZA INN,7804.19434337407,7190.75,-613.4443433740698,-7.8604442224699005,428.0,16.800817757009344,2022,6,June,2,Saturday,True,22
2022-06-04,JUNCTION,CREAMY INN,889.5562148102207,753.83,-135.72621481022065,-15.2577445416619,123.0,6.12869918699187,2022,6,June,2,Saturday,True,22
2022-06-04,JUNCTION,GALITOS,1464.071488408911,1180.25,-283.8214884089109,-19.38576706506017,136.0,8.678308823529411,2022,6,June,2,Saturday,True,22
2022-06-04,Bon Marche,CHICKEN INN,1155.0911051796925,648.75,-506.3411051796925,-43.83559901977803,72.0,9.010416666666666,2022,6,June,2,Saturday,True,22
2022-06-04,Bon Marche,PIZZA INN,2770.598948101233,2439.25,-331.34894810123296,-11.959469930800177,160.0,15.2453125,2022,6,June,2,Saturday,True,22
2022-06-04,Bon Marche,CREAMY INN,597.6286007261496,488.0,-109.62860072614956,-18.34393477704132,111.0,4.396396396396397,2022,6,June,2,Saturday,True,22
2022-06-04,Bon Marche,GALITOS,557.9708481970517,464.0,-93.97084819705174,-16.841533657304115,51.0,9.098039215686274,2022,6,June,2,Saturday,True,22
2022-06-04,OASIS,CHICKEN INN,1230.929637127996,945.5,-285.4296371279961,-23.188135903036688,103.0,9.179611650485436,2022,6,June,2,Saturday,True,22
2022-06-04,OASIS,PIZZA INN,3210.4307042924765,2766.75,-443.68070429247655,-13.81997448813511,212.0,13.05070754716981,2022,6,June,2,Saturday,True,22
2022-06-04,OASIS,CREAMY INN,361.933031074997,237.0,-124.93303107499702,-34.51827281525718,77.0,3.0779220779220777,2022,6,June,2,Saturday,True,22
2022-06-04,TATARAFEL,CHICKEN INN,1271.0285466473065,1161.75,-109.27854664730648,-8.597646916393753,113.0,10.280973451327434,2022,6,June,2,Saturday,True,22
2022-06-04,TATARAFEL,PIZZA INN,2799.128944413684,1801.75,-997.3789444136842,-35.631761316469074,101.0,17.83910891089109,2022,6,June,2,Saturday,True,22
2022-06-04,TATARAFEL,CREAMY INN,101.0,168.0,67.0,66.33663366336634,47.0,3.574468085106383,2022,6,June,2,Saturday,True,22
2022-06-05,LA PIAZZA,CHICKEN INN,2297.016213867354,2223.0,-74.01621386735405,-3.2222765089993515,196.0,11.341836734693878,2022,6,June,2,Sunday,True,22
2022-06-05,LA PIAZZA,PIZZA INN,3359.584644297606,4078.5,718.9153557023942,21.39893563695875,263.0,15.507604562737642,2022,6,June,2,Sunday,True,22
2022-06-05,LA PIAZZA,CREAMY INN,817.3491423508161,880.0,62.65085764918388,7.6651279609826,147.0,5.98639455782313,2022,6,June,2,Sunday,True,22
2022-06-05,LA PIAZZA,GALITOS,1200.2563351791475,1471.0,270.7436648208525,22.55715357506877,125.0,11.768,2022,6,June,2,Sunday,True,22
2022-06-05,CARREFOUR,CHICKEN INN,3519.2484260046444,4111.75,592.5015739953556,16.83602582918577,323.0,12.729876160990711,2022,6,June,2,Sunday,True,22
2022-06-05,CARREFOUR,PIZZA INN,6536.795644182982,8549.25,2012.454355817018,30.786557594283643,475.0,17.998421052631578,2022,6,June,2,Sunday,True,22
2022-06-05,CARREFOUR,CREAMY INN,1511.5720821338143,1502.5,-9.072082133814549,-0.6001752904173725,272.0,5.523897058823529,2022,6,June,2,Sunday,True,22
2022-06-05,CARREFOUR,GALITOS,1776.9422353700925,1527.75,-249.19223537009248,-14.02365425335236,122.0,12.522540983606556,2022,6,June,2,Sunday,True,22
2022-06-05,ALILAC,CHICKEN INN,1187.2247090493663,1853.5,666.2752909506335,56.12040297612511,152.0,12.19407894736842,2022,6,June,2,Sunday,True,22
2022-06-05,ALILAC,PIZZA INN,2261.533208911889,4062.25,1800.7167910881112,79.62371651197225,245.0,16.58061224489796,2022,6,June,2,Sunday,True,22
2022-06-05,ALILAC,CREAMY INN,244.5058275534031,374.0,129.4941724465969,52.96158939946484,84.0,4.4523809523809526,2022,6,June,2,Sunday,True,22
2022-06-05,KOLWEZI,CHICKEN INN,2311.285485781484,1588.25,-723.0354857814837,-31.28282898107732,121.0,13.12603305785124,2022,6,June,2,Sunday,True,22
2022-06-05,KOLWEZI,PIZZA INN,3735.0194568583447,3081.5,-653.5194568583447,-17.497083064944533,157.0,19.627388535031848,2022,6,June,2,Sunday,True,22
2022-06-05,KOLWEZI,CREAMY INN,747.205576855123,472.75,-274.455576855123,-36.73093260495534,82.0,5.765243902439025,2022,6,June,2,Sunday,True,22
2022-06-05,KOLWEZI,GALITOS,1092.7408991889538,1201.75,109.0091008110462,9.975750051265964,92.0,13.0625,2022,6,June,2,Sunday,True,22
2022-06-05,JUNCTION,CHICKEN INN,5152.815688074662,3783.25,-1369.565688074662,-26.57897683482634,387.0,9.775839793281651,2022,6,June,2,Sunday,True,22
2022-06-05,JUNCTION,PIZZA INN,10016.694867925808,10493.5,476.8051320741925,4.760104389332628,576.0,18.217881944444443,2022,6,June,2,Sunday,True,22
2022-06-05,JUNCTION,CREAMY INN,996.1253453698477,854.83,-141.2953453698476,-14.184494554486674,192.0,4.452239583333333,2022,6,June,2,Sunday,True,22
2022-06-05,JUNCTION,GALITOS,2224.4124813645426,2433.75,209.3375186354574,9.41091278659979,202.0,12.048267326732674,2022,6,June,2,Sunday,True,22
2022-06-05,Bon Marche,CHICKEN INN,1686.292873506589,1754.75,68.45712649341067,4.059622593971851,133.0,13.193609022556393,2022,6,June,2,Sunday,True,22
2022-06-05,Bon Marche,PIZZA INN,3556.0678070617905,3756.0,199.93219293820948,5.622282919948142,228.0,16.473684210526315,2022,6,June,2,Sunday,True,22
2022-06-05,Bon Marche,CREAMY INN,669.2247059712123,746.4200000000001,77.19529402878777,11.535033500707078,194.0,3.8475257731958767,2022,6,June,2,Sunday,True,22
2022-06-05,Bon Marche,GALITOS,847.7436578700936,898.75,51.00634212990644,6.016717631135914,82.0,10.960365853658535,2022,6,June,2,Sunday,True,22
2022-06-05,OASIS,CHICKEN INN,1656.266322680191,2133.5,477.233677319809,28.81382485321222,209.0,10.208133971291868,2022,6,June,2,Sunday,True,22
2022-06-05,OASIS,PIZZA INN,4596.791891249892,4429.25,-167.5418912498917,-3.6447569351314746,296.0,14.963682432432432,2022,6,June,2,Sunday,True,22
2022-06-05,OASIS,CREAMY INN,470.5129403974961,503.5,32.987059602503905,7.010871916643985,135.0,3.72962962962963,2022,6,June,2,Sunday,True,22
2022-06-05,TATARAFEL,CHICKEN INN,1710.221050399634,1966.75,256.5289496003659,14.99975395229884,215.0,9.147674418604652,2022,6,June,2,Sunday,True,22
2022-06-05,TATARAFEL,PIZZA INN,4007.877577622208,2901.75,-1106.1275776222085,-27.59883644645781,172.0,16.870639534883722,2022,6,June,2,Sunday,True,22
2022-06-05,TATARAFEL,CREAMY INN,172.0,548.0,376.0,218.60465116279067,127.0,4.31496062992126,2022,6,June,2,Sunday,True,22
2022-06-06,LA PIAZZA,CHICKEN INN,1063.1631263510037,977.5,-85.66312635100348,-8.05738312661549,135.0,7.24074074074074,2022,6,June,2,Monday,False,23
2022-06-06,LA PIAZZA,PIZZA INN,1679.52143159532,2181.5,501.9785684046801,29.888190704888352,159.0,13.72012578616352,2022,6,June,2,Monday,False,23
2022-06-06,LA PIAZZA,CREAMY INN,570.0254749671437,540.5,-29.525474967143737,-5.179676394084946,131.0,4.125954198473282,2022,6,June,2,Monday,False,23
2022-06-06,LA PIAZZA,GALITOS,656.9423821027357,1014.25,357.3076178972643,54.38949101648718,111.0,9.137387387387388,2022,6,June,2,Monday,False,23
2022-06-06,CARREFOUR,CHICKEN INN,1544.168399002582,1950.0,405.8316009974181,26.281563672689785,195.0,10.0,2022,6,June,2,Monday,False,23
2022-06-06,CARREFOUR,PIZZA INN,2478.935310881884,2819.75,340.8146891181159,13.748430127322308,188.0,14.998670212765957,2022,6,June,2,Monday,False,23
2022-06-06,CARREFOUR,CREAMY INN,931.494767214379,764.0,-167.49476721437895,-17.981289118270578,176.0,4.340909090909091,2022,6,June,2,Monday,False,23
2022-06-06,CARREFOUR,GALITOS,477.8540554765147,750.5,272.6459445234853,57.05632115052441,67.0,11.201492537313433,2022,6,June,2,Monday,False,23
2022-06-06,ALILAC,CHICKEN INN,549.501359952949,562.0,12.498640047051026,2.274542150017831,60.0,9.366666666666667,2022,6,June,2,Monday,False,23
2022-06-06,ALILAC,PIZZA INN,1130.5842521572092,1375.25,244.6657478427908,21.640647070393623,93.0,14.78763440860215,2022,6,June,2,Monday,False,23
2022-06-06,ALILAC,CREAMY INN,170.52021377608776,77.75,-92.77021377608776,-54.40423262540914,23.0,3.380434782608696,2022,6,June,2,Monday,False,23
2022-06-06,KOLWEZI,CHICKEN INN,1014.1409688059312,751.5,-262.64096880593127,-25.89787582639223,63.0,11.928571428571429,2022,6,June,2,Monday,False,23
2022-06-06,KOLWEZI,PIZZA INN,1416.4235999447817,1300.5,-115.9235999447817,-8.184246573503923,67.0,19.41044776119403,2022,6,June,2,Monday,False,23
2022-06-06,KOLWEZI,CREAMY INN,460.4597379778362,253.0,-207.4597379778362,-45.0549137887539,54.0,4.685185185185185,2022,6,June,2,Monday,False,23
2022-06-06,KOLWEZI,GALITOS,293.8591136327737,489.5,195.6408863672263,66.5764229493023,48.0,10.197916666666666,2022,6,June,2,Monday,False,23
2022-06-06,JUNCTION,CHICKEN INN,1464.3731939126549,1934.5,470.12680608734513,32.10430292234553,199.0,9.72110552763819,2022,6,June,2,Monday,False,23
2022-06-06,JUNCTION,PIZZA INN,3056.66394783112,4450.0,1393.33605216888,45.583553702641495,269.0,16.54275092936803,2022,6,June,2,Monday,False,23
2022-06-06,JUNCTION,CREAMY INN,343.8827962965745,382.5,38.6172037034255,11.229757382256746,77.0,4.967532467532467,2022,6,June,2,Monday,False,23
2022-06-06,JUNCTION,GALITOS,910.9189151990817,1352.0,441.08108480091846,48.42155294409712,120.0,11.266666666666667,2022,6,June,2,Monday,False,23
2022-06-06,Bon Marche,CHICKEN INN,479.2257729621345,359.75,-119.4757729621345,-24.93099906201721,47.0,7.654255319148936,2022,6,June,2,Monday,False,23
2022-06-06,Bon Marche,PIZZA INN,1085.1587679579056,1070.0,-15.158767957905638,-1.39691706001989,78.0,13.717948717948715,2022,6,June,2,Monday,False,23
2022-06-06,Bon Marche,CREAMY INN,231.0300247954111,217.75,-13.280024795411094,-5.7481813487970825,65.0,3.35,2022,6,June,2,Monday,False,23
2022-06-06,Bon Marche,GALITOS,347.1594138512535,365.5,18.340586148746524,5.283044450756236,40.0,9.1375,2022,6,June,2,Monday,False,23
2022-06-06,OASIS,CHICKEN INN,606.8292836543011,527.75,-79.0792836543011,-13.031553648513611,68.0,7.761029411764706,2022,6,June,2,Monday,False,23
2022-06-06,OASIS,PIZZA INN,1608.2668603055915,1751.25,142.98313969440846,8.890510848879881,133.0,13.167293233082706,2022,6,June,2,Monday,False,23
2022-06-06,OASIS,CREAMY INN,112.45776322687406,89.0,-23.457763226874064,-20.85917641768315,41.0,2.1707317073170733,2022,6,June,2,Monday,False,23
2022-06-06,TATARAFEL,CHICKEN INN,626.5974262068648,928.25,301.6525737931352,48.141368153904224,106.0,8.757075471698114,2022,6,June,2,Monday,False,23
2022-06-06,TATARAFEL,PIZZA INN,1402.2250388409511,1187.75,-214.47503884095116,-15.295336547279998,85.0,13.973529411764703,2022,6,June,2,Monday,False,23
2022-06-06,TATARAFEL,CREAMY INN,85.0,208.5,123.5,145.2941176470588,59.0,3.5338983050847457,2022,6,June,2,Monday,False,23
2022-06-07,LA PIAZZA,CHICKEN INN,1144.784503941414,998.75,-146.03450394141396,-12.756506000791177,130.0,7.6826923076923075,2022,6,June,2,Tuesday,False,23
2022-06-07,LA PIAZZA,PIZZA INN,4434.749251072093,4290.75,-143.9992510720931,-3.24706635977855,276.0,15.546195652173912,2022,6,June,2,Tuesday,False,23
2022-06-07,LA PIAZZA,CREAMY INN,484.5737584272794,449.75,-34.823758427279415,-7.186472197814125,107.0,4.203271028037383,2022,6,June,2,Tuesday,False,23
2022-06-07,LA PIAZZA,GALITOS,576.9971930525437,859.5,282.5028069474563,48.96086330210803,102.0,8.426470588235293,2022,6,June,2,Tuesday,False,23
2022-06-07,CARREFOUR,CHICKEN INN,1293.5556680517732,1616.75,323.1943319482268,24.98495734899376,151.0,10.706953642384104,2022,6,June,2,Tuesday,False,23
2022-06-07,CARREFOUR,PIZZA INN,6464.093272614826,7208.0,743.9067273851742,11.508291975561988,421.0,17.121140142517813,2022,6,June,2,Tuesday,False,23
2022-06-07,CARREFOUR,CREAMY INN,868.2078233169185,830.75,-37.45782331691851,-4.3143844493146695,208.0,3.9939903846153846,2022,6,June,2,Tuesday,False,23
2022-06-07,CARREFOUR,GALITOS,953.2270410907422,1085.5,132.2729589092578,13.876333046312112,103.0,10.53883495145631,2022,6,June,2,Tuesday,False,23
2022-06-07,ALILAC,CHICKEN INN,591.6877910616931,992.5,400.81220893830687,67.74049000049683,107.0,9.27570093457944,2022,6,June,2,Tuesday,False,23
2022-06-07,ALILAC,PIZZA INN,2985.2894825912376,4084.83,1099.5405174087623,36.83195629170136,268.0,15.241902985074626,2022,6,June,2,Tuesday,False,23
2022-06-07,ALILAC,CREAMY INN,144.9577685665097,121.5,-23.457768566509717,-16.182484594295328,29.0,4.189655172413793,2022,6,June,2,Tuesday,False,23
2022-06-07,KOLWEZI,CHICKEN INN,849.5496988863293,790.25,-59.29969888632934,-6.980133000348894,63.0,12.543650793650794,2022,6,June,2,Tuesday,False,23
2022-06-07,KOLWEZI,PIZZA INN,3693.478495942969,1959.5,-1733.9784959429685,-46.94703103991601,102.0,19.21078431372549,2022,6,June,2,Tuesday,False,23
2022-06-07,KOLWEZI,CREAMY INN,429.17551542488656,209.25,-219.92551542488656,-51.24372372621464,44.0,4.755681818181818,2022,6,June,2,Tuesday,False,23
2022-06-07,KOLWEZI,GALITOS,586.1924790120024,750.25,164.05752098799758,27.98697132117904,45.0,16.67222222222222,2022,6,June,2,Tuesday,False,23
2022-06-07,JUNCTION,CHICKEN INN,2269.8733109417885,1561.75,-708.1233109417885,-31.196600600056502,184.0,8.487771739130435,2022,6,June,2,Tuesday,False,23
2022-06-07,JUNCTION,PIZZA INN,6450.079008558889,6121.75,-328.32900855888875,-5.090309872533574,371.0,16.500673854447438,2022,6,June,2,Tuesday,False,23
2022-06-07,JUNCTION,CREAMY INN,559.981311042485,513.5,-46.48131104248501,-8.300511128836321,111.0,4.626126126126126,2022,6,June,2,Tuesday,False,23
2022-06-07,JUNCTION,GALITOS,1247.4813252616573,1274.25,26.768674738342725,2.145817672479228,107.0,11.908878504672897,2022,6,June,2,Tuesday,False,23
2022-06-07,Bon Marche,CHICKEN INN,742.8309917745468,265.0,-477.8309917745468,-64.32566721981506,34.0,7.794117647058823,2022,6,June,2,Tuesday,False,23
2022-06-07,Bon Marche,PIZZA INN,2289.8689256060893,1951.5,-338.3689256060893,-14.77678140536052,119.0,16.399159663865547,2022,6,June,2,Tuesday,False,23
2022-06-07,Bon Marche,CREAMY INN,376.2110159867885,221.75,-154.46101598678854,-41.05701572338136,56.0,3.959821428571429,2022,6,June,2,Tuesday,False,23
2022-06-07,Bon Marche,GALITOS,475.42638366837866,284.5,-190.92638366837863,-40.15897943971793,47.0,6.053191489361702,2022,6,June,2,Tuesday,False,23
2022-06-07,OASIS,CHICKEN INN,688.500952800249,402.25,-286.250952800249,-41.57597046685533,61.0,6.594262295081967,2022,6,June,2,Tuesday,False,23
2022-06-07,OASIS,PIZZA INN,2638.456014903284,2637.0,-1.4560149032840854,-0.0551843538440589,194.0,13.59278350515464,2022,6,June,2,Tuesday,False,23
2022-06-07,OASIS,CREAMY INN,135.72488665312386,152.0,16.27511334687614,11.991252119053842,52.0,2.923076923076923,2022,6,June,2,Tuesday,False,23
2022-06-07,TATARAFEL,CHICKEN INN,710.9296413114067,541.25,-169.67964131140673,-23.867290298715,77.0,7.029220779220779,2022,6,June,2,Tuesday,False,23
2022-06-07,TATARAFEL,PIZZA INN,2300.432334516242,1671.25,-629.182334516242,-27.35061253816678,123.0,13.58739837398374,2022,6,June,2,Tuesday,False,23
2022-06-07,TATARAFEL,CREAMY INN,123.0,246.5,123.5,100.40650406504066,67.0,3.679104477611941,2022,6,June,2,Tuesday,False,23
2022-06-08,LA PIAZZA,CHICKEN INN,877.8766414559841,1126.25,248.3733585440159,28.2925125029049,151.0,7.458609271523179,2022,6,June,2,Wednesday,False,23
2022-06-08,LA PIAZZA,PIZZA INN,1629.6775697544265,1886.25,256.5724302455735,15.743754163851934,147.0,12.831632653061224,2022,6,June,2,Wednesday,False,23
2022-06-08,LA PIAZZA,CREAMY INN,573.1517572795779,409.25,-163.90175727957785,-28.59657240824408,105.0,3.897619047619048,2022,6,June,2,Wednesday,False,23
2022-06-08,LA PIAZZA,GALITOS,532.4381378094304,681.75,149.31186219056963,28.04304417502323,68.0,10.025735294117649,2022,6,June,2,Wednesday,False,23
2022-06-08,CARREFOUR,CHICKEN INN,1317.0848109139667,1287.0,-30.08481091396675,-2.2841969374083013,124.0,10.379032258064516,2022,6,June,2,Wednesday,False,23
2022-06-08,CARREFOUR,PIZZA INN,2408.6334893183366,2264.75,-143.8834893183366,-5.9736564303544935,147.0,15.406462585034014,2022,6,June,2,Wednesday,False,23
2022-06-08,CARREFOUR,CREAMY INN,801.7406309823998,876.25,74.50936901760019,9.29345054226594,197.0,4.447969543147208,2022,6,June,2,Wednesday,False,23
2022-06-08,CARREFOUR,GALITOS,706.1124828069371,773.5,67.38751719306288,9.543453604613267,67.0,11.544776119402986,2022,6,June,2,Wednesday,False,23
2022-06-08,ALILAC,CHICKEN INN,453.7350820345589,916.5,462.7649179654411,101.99011191517133,94.0,9.75,2022,6,June,2,Wednesday,False,23
2022-06-08,ALILAC,PIZZA INN,1097.031429189963,2016.5,919.4685708100368,83.81424144693496,127.0,15.877952755905511,2022,6,June,2,Wednesday,False,23
2022-06-08,ALILAC,CREAMY INN,171.45542518619428,120.0,-51.45542518619428,-30.010963566953677,24.0,5.0,2022,6,June,2,Wednesday,False,23
2022-06-08,KOLWEZI,CHICKEN INN,865.0025910403531,806.5,-58.50259104035308,-6.763285063688773,63.0,12.801587301587302,2022,6,June,2,Wednesday,False,23
2022-06-08,KOLWEZI,PIZZA INN,1376.2542745313278,1525.25,148.99572546867216,10.82617712627352,84.0,18.15773809523809,2022,6,June,2,Wednesday,False,23
2022-06-08,KOLWEZI,CREAMY INN,396.3192213868641,243.5,-152.81922138686411,-38.55962899101751,43.0,5.662790697674419,2022,6,June,2,Wednesday,False,23
2022-06-08,KOLWEZI,GALITOS,434.2279529589169,704.5,270.2720470410831,62.2419734149759,49.0,14.377551020408164,2022,6,June,2,Wednesday,False,23
2022-06-08,JUNCTION,CHICKEN INN,1689.8698619369616,1046.25,-643.6198619369616,-38.08694837596737,136.0,7.693014705882353,2022,6,June,2,Wednesday,False,23
2022-06-08,JUNCTION,PIZZA INN,3272.2760857264857,3161.5,-110.77608572648568,-3.385291547057589,199.0,15.886934673366834,2022,6,June,2,Wednesday,False,23
2022-06-08,JUNCTION,CREAMY INN,277.7704653012503,356.67,78.89953469874973,28.404580239724496,70.0,5.095285714285715,2022,6,June,2,Wednesday,False,23
2022-06-08,JUNCTION,GALITOS,1090.4522067480632,1336.5,246.0477932519368,22.563831017014337,129.0,10.36046511627907,2022,6,June,2,Wednesday,False,23
2022-06-08,Bon Marche,CHICKEN INN,553.0210428315581,387.75,-165.27104283155813,-29.88512733355378,49.0,7.913265306122449,2022,6,June,2,Wednesday,False,23
2022-06-08,Bon Marche,PIZZA INN,1161.7041147505497,1081.25,-80.45411475054948,-6.925525504213716,77.0,14.042207792207792,2022,6,June,2,Wednesday,False,23
2022-06-08,Bon Marche,CREAMY INN,186.61392246745544,127.0,-59.61392246745544,-31.94505623118865,44.0,2.886363636363636,2022,6,June,2,Wednesday,False,23
2022-06-08,Bon Marche,GALITOS,415.5811704104629,218.25,-197.3311704104629,-47.483183661945525,28.0,7.794642857142857,2022,6,June,2,Wednesday,False,23
2022-06-08,OASIS,CHICKEN INN,735.3377523104701,505.75,-229.5877523104701,-31.2220814978006,60.0,8.429166666666667,2022,6,June,2,Wednesday,False,23
2022-06-08,OASIS,PIZZA INN,1556.5132819229584,1317.75,-238.7632819229584,-15.339623805071795,103.0,12.79368932038835,2022,6,June,2,Wednesday,False,23
2022-06-08,OASIS,CREAMY INN,118.920853067499,127.5,8.57914693250099,7.214165313489216,37.0,3.445945945945946,2022,6,June,2,Wednesday,False,23
2022-06-08,TATARAFEL,CHICKEN INN,759.2922019448357,603.0,-156.2922019448357,-20.5839335034012,75.0,8.04,2022,6,June,2,Wednesday,False,23
2022-06-08,TATARAFEL,PIZZA INN,1357.1018287264578,752.25,-604.8518287264578,-44.56937688265203,62.0,12.133064516129032,2022,6,June,2,Wednesday,False,23
2022-06-08,TATARAFEL,CREAMY INN,62.0,228.0,166.0,267.741935483871,63.0,3.619047619047619,2022,6,June,2,Wednesday,False,23
2022-06-09,LA PIAZZA,CHICKEN INN,1012.5221256562232,877.0,-135.52212565622324,-13.384608812216358,128.0,6.8515625,2022,6,June,2,Thursday,False,23
2022-06-09,LA PIAZZA,PIZZA INN,2891.485767878781,3099.75,208.2642321212188,7.202671873221885,214.0,14.48481308411215,2022,6,June,2,Thursday,False,23
2022-06-09,LA PIAZZA,CREAMY INN,421.3533827758351,532.0,110.64661722416491,26.2598146228792,133.0,4.0,2022,6,June,2,Thursday,False,23
2022-06-09,LA PIAZZA,GALITOS,631.7736112813391,586.5,-45.27361128133907,-7.166113062164288,78.0,7.519230769230769,2022,6,June,2,Thursday,False,23
2022-06-09,CARREFOUR,CHICKEN INN,1181.9290367985743,1297.25,115.32096320142546,9.757012444147149,148.0,8.765202702702704,2022,6,June,2,Thursday,False,23
2022-06-09,CARREFOUR,PIZZA INN,4134.158630794525,4362.0,227.84136920547465,5.511190777933135,255.0,17.105882352941176,2022,6,June,2,Thursday,False,23
2022-06-09,CARREFOUR,CREAMY INN,755.3090038013486,858.75,103.44099619865142,13.695189078648545,192.0,4.47265625,2022,6,June,2,Thursday,False,23
2022-06-09,CARREFOUR,GALITOS,764.4176245706863,820.5,56.08237542931374,7.336614649722504,75.0,10.94,2022,6,June,2,Thursday,False,23
2022-06-09,ALILAC,CHICKEN INN,523.3272968562828,870.25,346.9227031437172,66.29172703731328,86.0,10.119186046511627,2022,6,June,2,Thursday,False,23
2022-06-09,ALILAC,PIZZA INN,1946.4284366977504,2567.5,621.0715633022496,31.908266011358744,174.0,14.755747126436782,2022,6,June,2,Thursday,False,23
2022-06-09,ALILAC,CREAMY INN,126.04571560657796,160.25,34.20428439342203,27.13641176046209,31.0,5.169354838709677,2022,6,June,2,Thursday,False,23
2022-06-09,KOLWEZI,CHICKEN INN,776.2383035509608,623.75,-152.48830355096084,-19.64452190176542,49.0,12.729591836734691,2022,6,June,2,Thursday,False,23
2022-06-09,KOLWEZI,PIZZA INN,2362.1914718256976,1973.5,-388.6914718256976,-16.45469795576243,107.0,18.44392523364486,2022,6,June,2,Thursday,False,23
2022-06-09,KOLWEZI,CREAMY INN,373.3669777048006,256.0,-117.3669777048006,-31.43475045015786,53.0,4.830188679245283,2022,6,June,2,Thursday,False,23
2022-06-09,KOLWEZI,GALITOS,470.0830369172252,512.75,42.66696308277477,9.076473672094618,40.0,12.81875,2022,6,June,2,Thursday,False,23
2022-06-09,JUNCTION,CHICKEN INN,2000.4698397685183,1783.75,-216.71983976851857,-10.833446996311428,183.0,9.747267759562842,2022,6,June,2,Thursday,False,23
2022-06-09,JUNCTION,PIZZA INN,6225.832226743096,6759.5,533.6677732569042,8.5718303002855,401.0,16.856608478802993,2022,6,June,2,Thursday,False,23
2022-06-09,JUNCTION,CREAMY INN,448.4784244384307,459.67,11.191575561569325,2.4954546198254755,100.0,4.5967,2022,6,June,2,Thursday,False,23
2022-06-09,JUNCTION,GALITOS,1413.2620666223463,1359.5,-53.76206662234654,-3.80411162883868,123.0,11.052845528455284,2022,6,June,2,Thursday,False,23
2022-06-09,Bon Marche,CHICKEN INN,654.6669313776633,369.25,-285.41693137766333,-43.59727331530855,53.0,6.966981132075472,2022,6,June,2,Thursday,False,23
2022-06-09,Bon Marche,PIZZA INN,2210.2581585649764,2368.0,157.74184143502362,7.136806206268615,138.0,17.159420289855074,2022,6,June,2,Thursday,False,23
2022-06-09,Bon Marche,CREAMY INN,301.3002762396394,256.75,-44.5502762396394,-14.786005773259332,79.0,3.25,2022,6,June,2,Thursday,False,23
2022-06-09,Bon Marche,GALITOS,538.606919321242,263.25,-275.356919321242,-51.12391048897954,33.0,7.977272727272727,2022,6,June,2,Thursday,False,23
2022-06-09,OASIS,CHICKEN INN,469.53891508996577,497.5,27.96108491003423,5.955009054931424,69.0,7.210144927536231,2022,6,June,2,Thursday,False,23
2022-06-09,OASIS,PIZZA INN,2522.254584195108,2467.0,-55.25458419510824,-2.190682278519512,173.0,14.260115606936417,2022,6,June,2,Thursday,False,23
2022-06-09,OASIS,CREAMY INN,80.78862300781182,191.5,110.71137699218818,137.0383265246184,54.0,3.5462962962962963,2022,6,June,2,Thursday,False,23
2022-06-09,TATARAFEL,CHICKEN INN,484.834670350126,790.0,305.165329649874,62.94214261317103,90.0,8.777777777777779,2022,6,June,2,Thursday,False,23
2022-06-09,TATARAFEL,PIZZA INN,2199.1179570893605,1957.25,-241.8679570893605,-10.998407625641168,124.0,15.784274193548388,2022,6,June,2,Thursday,False,23
2022-06-09,TATARAFEL,CREAMY INN,124.0,223.0,99.0,79.83870967741935,57.0,3.912280701754386,2022,6,June,2,Thursday,False,23
2022-06-10,LA PIAZZA,CHICKEN INN,1142.401398026365,1356.5,214.0986019736347,18.74110118768373,146.0,9.29109589041096,2022,6,June,2,Friday,False,23
2022-06-10,LA PIAZZA,PIZZA INN,1674.6454016326238,2075.5,400.8545983673762,23.936685221634395,154.0,13.477272727272728,2022,6,June,2,Friday,False,23
2022-06-10,LA PIAZZA,CREAMY INN,465.4686998512935,430.0,-35.46869985129348,-7.619996760818699,96.0,4.479166666666667,2022,6,June,2,Friday,False,23
2022-06-10,LA PIAZZA,GALITOS,918.7112217959094,1327.25,408.5387782040906,44.46868270591855,128.0,10.369140625,2022,6,June,2,Friday,False,23
2022-06-10,CARREFOUR,CHICKEN INN,1731.033568477912,1750.5,19.466431522087987,1.1245554030014977,175.0,10.002857142857144,2022,6,June,2,Friday,False,23
2022-06-10,CARREFOUR,PIZZA INN,3056.399862194669,2562.5,-493.8998621946689,-16.15953031224196,161.0,15.916149068322982,2022,6,June,2,Friday,False,23
2022-06-10,CARREFOUR,CREAMY INN,836.4053389463354,978.75,142.3446610536646,17.01862176453629,202.0,4.84529702970297,2022,6,June,2,Friday,False,23
2022-06-10,CARREFOUR,GALITOS,1225.8966189561056,1056.5,-169.3966189561056,-13.818181430368314,74.0,14.277027027027026,2022,6,June,2,Friday,False,23
2022-06-10,ALILAC,CHICKEN INN,590.4560704453794,729.0,138.5439295546206,23.463884358089043,71.0,10.267605633802816,2022,6,June,2,Friday,False,23
2022-06-10,ALILAC,PIZZA INN,1127.3019107799787,2350.25,1222.9480892200213,108.48452198345562,147.0,15.988095238095235,2022,6,June,2,Friday,False,23
2022-06-10,ALILAC,CREAMY INN,139.24258772696987,124.0,-15.242587726969871,-10.946785732579098,29.0,4.275862068965517,2022,6,June,2,Friday,False,23
2022-06-10,KOLWEZI,CHICKEN INN,1136.865682075678,873.5,-263.365682075678,-23.16594530277557,71.0,12.30281690140845,2022,6,June,2,Friday,False,23
2022-06-10,KOLWEZI,PIZZA INN,1746.3775180726298,1569.25,-177.12751807262975,-10.142567471214049,79.0,19.86392405063291,2022,6,June,2,Friday,False,23
2022-06-10,KOLWEZI,CREAMY INN,413.4548005741581,194.5,-218.95480057415813,-52.95737291478998,41.0,4.743902439024391,2022,6,June,2,Friday,False,23
2022-06-10,KOLWEZI,GALITOS,753.8722120766017,1191.0,437.1277879233983,57.98433486748299,67.0,17.776119402985074,2022,6,June,2,Friday,False,23
2022-06-10,JUNCTION,CHICKEN INN,1826.739834716138,1771.0,-55.73983471613815,-3.051328583131254,199.0,8.899497487437186,2022,6,June,2,Friday,False,23
2022-06-10,JUNCTION,PIZZA INN,4159.612728608002,5144.25,984.6372713919982,23.6713688421062,280.0,18.37232142857143,2022,6,June,2,Friday,False,23
2022-06-10,JUNCTION,CREAMY INN,434.6639075140346,570.0,135.33609248596542,31.135801741623936,115.0,4.956521739130435,2022,6,June,2,Friday,False,23
2022-06-10,JUNCTION,GALITOS,2312.678848936674,2446.0,133.32115106332594,5.764793115335685,166.0,14.734939759036145,2022,6,June,2,Friday,False,23
2022-06-10,Bon Marche,CHICKEN INN,597.8126429325906,522.5,-75.31264293259062,-12.59803448838784,58.0,9.008620689655173,2022,6,June,2,Friday,False,23
2022-06-10,Bon Marche,PIZZA INN,1476.7211249902407,1436.0,-40.721124990240696,-2.7575365653762023,95.0,15.115789473684211,2022,6,June,2,Friday,False,23
2022-06-10,Bon Marche,CREAMY INN,292.0192996337979,226.08,-65.93929963379793,-22.580459482126024,69.0,3.2765217391304344,2022,6,June,2,Friday,False,23
2022-06-10,Bon Marche,GALITOS,881.3827665962787,628.0,-253.38276659627863,-28.74832322565047,48.0,13.083333333333334,2022,6,June,2,Friday,False,23
2022-06-10,OASIS,CHICKEN INN,635.5168233543116,722.0,86.48317664568845,13.608322150973583,91.0,7.934065934065934,2022,6,June,2,Friday,False,23
2022-06-10,OASIS,PIZZA INN,1951.9887393751533,1736.75,-215.23873937515327,-11.02663837313185,139.0,12.494604316546765,2022,6,June,2,Friday,False,23
2022-06-10,OASIS,CREAMY INN,115.68930814718652,134.5,18.81069185281348,16.259663191071596,54.0,2.490740740740741,2022,6,June,2,Friday,False,23
2022-06-10,TATARAFEL,CHICKEN INN,656.2194945948402,749.0,92.78050540515984,14.138639002555678,84.0,8.916666666666666,2022,6,June,2,Friday,False,23
2022-06-10,TATARAFEL,PIZZA INN,1701.9112645070195,1461.5,-240.41126450701967,-14.125957652478313,84.0,17.398809523809526,2022,6,June,2,Friday,False,23
2022-06-10,TATARAFEL,CREAMY INN,84.0,232.5,148.5,176.78571428571428,46.0,5.054347826086956,2022,6,June,2,Friday,False,23
2022-06-11,LA PIAZZA,CHICKEN INN,1425.6931136777537,1340.75,-84.94311367775367,-5.958022302473797,171.0,7.840643274853801,2022,6,June,2,Saturday,True,23
2022-06-11,LA PIAZZA,PIZZA INN,2939.704286398776,2533.5,-406.2042863987758,-13.817862166551045,216.0,11.729166666666666,2022,6,June,2,Saturday,True,23
2022-06-11,LA PIAZZA,CREAMY INN,644.7088857641797,518.25,-126.45888576417974,-19.614881779438605,135.0,3.838888888888889,2022,6,June,2,Saturday,True,23
2022-06-11,LA PIAZZA,GALITOS,784.4664247895871,1057.0,272.5335752104129,34.74126700623459,77.0,13.727272727272728,2022,6,June,2,Saturday,True,23
2022-06-11,CARREFOUR,CHICKEN INN,1896.8319472510452,2200.25,303.4180527489545,15.996042938262322,200.0,11.00125,2022,6,June,2,Saturday,True,23
2022-06-11,CARREFOUR,PIZZA INN,4326.378998102355,4164.25,-162.12899810235467,-3.747452504125691,261.0,15.954980842911878,2022,6,June,2,Saturday,True,23
2022-06-11,CARREFOUR,CREAMY INN,1072.697797819768,1012.25,-60.44779781976786,-5.635119037498402,203.0,4.986453201970443,2022,6,June,2,Saturday,True,23
2022-06-11,CARREFOUR,GALITOS,1001.1116894328852,1278.5,277.3883105671148,27.70802833440604,106.0,12.06132075471698,2022,6,June,2,Saturday,True,23
2022-06-11,ALILAC,CHICKEN INN,736.8768587096704,1215.0,478.1231412903296,64.8850802734613,109.0,11.146788990825687,2022,6,June,2,Saturday,True,23
2022-06-11,ALILAC,PIZZA INN,1978.8871458725864,2767.0,788.1128541274138,39.82606364244673,162.0,17.080246913580247,2022,6,June,2,Saturday,True,23
2022-06-11,ALILAC,CREAMY INN,192.86137523974335,129.25,-63.61137523974338,-32.98295221667321,32.0,4.0390625,2022,6,June,2,Saturday,True,23
2022-06-11,KOLWEZI,CHICKEN INN,1245.754666323799,1123.75,-122.00466632379904,-9.793635105043013,84.0,13.37797619047619,2022,6,June,2,Saturday,True,23
2022-06-11,KOLWEZI,PIZZA INN,2472.0230852000723,2398.0,-74.02308520007227,-2.9944334113725013,119.0,20.15126050420168,2022,6,June,2,Saturday,True,23
2022-06-11,KOLWEZI,CREAMY INN,530.2597119150705,416.0,-114.25971191507053,-21.54787726610673,59.0,7.050847457627119,2022,6,June,2,Saturday,True,23
2022-06-11,KOLWEZI,GALITOS,615.6394203054216,977.5,361.8605796945784,58.778006696689054,68.0,14.375,2022,6,June,2,Saturday,True,23
2022-06-11,JUNCTION,CHICKEN INN,2884.026495729144,2885.0,0.9735042708566652,0.0337550390850533,272.0,10.606617647058824,2022,6,June,2,Saturday,True,23
2022-06-11,JUNCTION,PIZZA INN,6597.629835552066,7649.25,1051.6201644479345,15.939362932748386,426.0,17.955985915492956,2022,6,June,2,Saturday,True,23
2022-06-11,JUNCTION,CREAMY INN,573.7958279668811,810.17,236.37417203311884,41.19482235879242,163.0,4.970368098159509,2022,6,June,2,Saturday,True,23
2022-06-11,JUNCTION,GALITOS,1430.0151732153574,1668.5,238.48482678464256,16.67708365977787,144.0,11.586805555555555,2022,6,June,2,Saturday,True,23
2022-06-11,Bon Marche,CHICKEN INN,943.8166666833376,661.0,-282.81666668333764,-29.96521217167976,77.0,8.584415584415584,2022,6,June,2,Saturday,True,23
2022-06-11,Bon Marche,PIZZA INN,2342.251548087274,1855.25,-487.00154808727393,-20.792025881463005,121.0,15.332644628099173,2022,6,June,2,Saturday,True,23
2022-06-11,Bon Marche,CREAMY INN,385.49199259263,426.0,40.50800740736997,10.508131993853617,96.0,4.4375,2022,6,June,2,Saturday,True,23
2022-06-11,Bon Marche,GALITOS,544.9916793344273,486.5,-58.49167933442732,-10.7325820837963,44.0,11.056818181818182,2022,6,June,2,Saturday,True,23
2022-06-11,OASIS,CHICKEN INN,1118.8140483004047,1182.75,63.93595169959531,5.714618242121708,120.0,9.85625,2022,6,June,2,Saturday,True,23
2022-06-11,OASIS,PIZZA INN,3135.485663898758,2585.25,-550.235663898758,-17.548658258401296,188.0,13.751329787234043,2022,6,June,2,Saturday,True,23
2022-06-11,OASIS,CREAMY INN,139.60274055749883,318.0,178.39725944250117,127.78922443075096,79.0,4.025316455696203,2022,6,June,2,Saturday,True,23
2022-06-11,TATARAFEL,CHICKEN INN,1155.260667131036,1388.75,233.48933286896408,20.21096532688241,140.0,9.919642857142858,2022,6,June,2,Saturday,True,23
2022-06-11,TATARAFEL,PIZZA INN,2733.78542787996,2116.5,-617.28542787996,-22.579878493194784,128.0,16.53515625,2022,6,June,2,Saturday,True,23
2022-06-11,TATARAFEL,CREAMY INN,128.0,300.0,172.0,134.375,72.0,4.166666666666667,2022,6,June,2,Saturday,True,23
2022-06-12,LA PIAZZA,CHICKEN INN,2252.6308661995763,2056.5,-196.1308661995763,-8.706746815134855,200.0,10.2825,2022,6,June,2,Sunday,True,23
2022-06-12,LA PIAZZA,PIZZA INN,3476.609363402312,3781.25,304.6406365976882,8.762578844911063,247.0,15.308704453441296,2022,6,June,2,Sunday,True,23
2022-06-12,LA PIAZZA,CREAMY INN,803.107189594172,694.0,-109.10718959417204,-13.585632280207369,161.0,4.3105590062111805,2022,6,June,2,Sunday,True,23
2022-06-12,LA PIAZZA,GALITOS,946.808970006535,1229.0,282.191029993465,29.804431404100164,114.0,10.780701754385966,2022,6,June,2,Sunday,True,23
2022-06-12,CARREFOUR,CHICKEN INN,3386.2814093648044,4034.25,647.9685906351956,19.13510757975489,318.0,12.68632075471698,2022,6,June,2,Sunday,True,23
2022-06-12,CARREFOUR,PIZZA INN,7208.273572206881,7519.5,311.226427793119,4.317627857426533,422.0,17.81872037914692,2022,6,June,2,Sunday,True,23
2022-06-12,CARREFOUR,CREAMY INN,1535.423945411752,1485.5,-49.9239454117519,-3.2514762819049228,263.0,5.64828897338403,2022,6,June,2,Sunday,True,23
2022-06-12,CARREFOUR,GALITOS,1445.4713017685228,1803.25,357.7786982314772,24.751698480193813,131.0,13.76526717557252,2022,6,June,2,Sunday,True,23
2022-06-12,ALILAC,CHICKEN INN,1164.283912570524,1349.0,184.71608742947612,15.865209974572023,120.0,11.241666666666667,2022,6,June,2,Sunday,True,23
2022-06-12,ALILAC,PIZZA INN,2340.309401965423,4147.57,1807.2605980345768,77.22314820924169,236.0,17.57444915254237,2022,6,June,2,Sunday,True,23
2022-06-12,ALILAC,CREAMY INN,240.24542001847345,228.0,-12.245420018473425,-5.097046186159064,53.0,4.30188679245283,2022,6,June,2,Sunday,True,23
2022-06-12,KOLWEZI,CHICKEN INN,2223.958676632001,1895.5,-328.4586766320008,-14.769099807619805,144.0,13.163194444444445,2022,6,June,2,Sunday,True,23
2022-06-12,KOLWEZI,PIZZA INN,4118.691100051293,3089.25,-1029.4411000512928,-24.994375034303317,156.0,19.802884615384617,2022,6,June,2,Sunday,True,23
2022-06-12,KOLWEZI,CREAMY INN,758.9961129931694,801.25,42.25388700683061,5.567075546697941,129.0,6.211240310077519,2022,6,June,2,Sunday,True,23
2022-06-12,KOLWEZI,GALITOS,888.9009325153373,1680.5,791.5990674846627,89.05368849649668,107.0,15.705607476635514,2022,6,June,2,Sunday,True,23
2022-06-12,JUNCTION,CHICKEN INN,4048.640897772948,4507.0,458.35910222705206,11.321307910493704,403.0,11.183622828784118,2022,6,June,2,Sunday,True,23
2022-06-12,JUNCTION,PIZZA INN,10472.29931478598,10006.25,-466.0493147859797,-4.45030552295195,531.0,18.844161958568737,2022,6,June,2,Sunday,True,23
2022-06-12,JUNCTION,CREAMY INN,822.4571326060111,1101.17,278.712867393989,33.88782908488718,203.0,5.42448275862069,2022,6,June,2,Sunday,True,23
2022-06-12,JUNCTION,GALITOS,1892.6009522761044,2150.0,257.3990477238956,13.60028100029956,220.0,9.772727272727272,2022,6,June,2,Sunday,True,23
2022-06-12,Bon Marche,CHICKEN INN,1324.94440061232,1237.5,-87.44440061232012,-6.599854346484871,121.0,10.227272727272728,2022,6,June,2,Sunday,True,23
2022-06-12,Bon Marche,PIZZA INN,3717.813804878049,3171.0,-546.8138048780488,-14.707939492843572,182.0,17.423076923076923,2022,6,June,2,Sunday,True,23
2022-06-12,Bon Marche,CREAMY INN,552.5495714977766,681.75,129.20042850222342,23.382595004463468,188.0,3.6263297872340425,2022,6,June,2,Sunday,True,23
2022-06-12,Bon Marche,GALITOS,721.2872916387971,1056.5,335.2127083612029,46.47422909664533,93.0,11.36021505376344,2022,6,June,2,Sunday,True,23
2022-06-12,OASIS,CHICKEN INN,1636.067952891408,1661.0,24.93204710859186,1.5239004629685262,185.0,8.978378378378379,2022,6,June,2,Sunday,True,23
2022-06-12,OASIS,PIZZA INN,4359.506616778575,4864.25,504.7433832214247,11.57799328205633,290.0,16.773275862068967,2022,6,June,2,Sunday,True,23
2022-06-12,OASIS,CREAMY INN,305.70414946155995,403.5,97.79585053844004,31.99035757633285,112.0,3.602678571428572,2022,6,June,2,Sunday,True,23
2022-06-12,TATARAFEL,CHICKEN INN,1689.3646961264676,1965.5,276.1353038735324,16.345511688901816,197.0,9.97715736040609,2022,6,June,2,Sunday,True,23
2022-06-12,TATARAFEL,PIZZA INN,3800.991916153872,3623.75,-177.24191615387144,-4.663043754463391,197.0,18.39467005076142,2022,6,June,2,Sunday,True,23
2022-06-12,TATARAFEL,CREAMY INN,197.0,500.0,303.0,153.80710659898477,116.0,4.310344827586207,2022,6,June,2,Sunday,True,23
2022-06-13,LA PIAZZA,CHICKEN INN,1151.3380452077972,1390.0,238.6619547922028,20.729094794146956,157.0,8.853503184713375,2022,6,June,2,Monday,False,24
2022-06-13,LA PIAZZA,PIZZA INN,1308.1304827699676,1803.25,495.1195172300325,37.8493983399589,163.0,11.062883435582824,2022,6,June,2,Monday,False,24
2022-06-13,LA PIAZZA,CREAMY INN,503.3314523018838,424.75,-78.58145230188381,-15.612267411962346,117.0,3.63034188034188,2022,6,June,2,Monday,False,24
2022-06-13,LA PIAZZA,GALITOS,439.6304240228186,882.5,442.8695759771814,100.73678976189208,87.0,10.14367816091954,2022,6,June,2,Monday,False,24
2022-06-13,CARREFOUR,CHICKEN INN,1058.2642394298346,1396.25,337.98576057016544,31.93774749038704,143.0,9.763986013986012,2022,6,June,2,Monday,False,24
2022-06-13,CARREFOUR,PIZZA INN,2420.3912852592784,2528.5,108.10871474072157,4.466580069062704,166.0,15.231927710843374,2022,6,June,2,Monday,False,24
2022-06-13,CARREFOUR,CREAMY INN,925.770320027674,948.0,22.22967997232604,2.401208970672286,198.0,4.787878787878788,2022,6,June,2,Monday,False,24
2022-06-13,CARREFOUR,GALITOS,405.15870851149975,985.5,580.3412914885002,143.23801495483053,92.0,10.71195652173913,2022,6,June,2,Monday,False,24
2022-06-13,ALILAC,CHICKEN INN,595.0750227565558,614.75,19.674977243444232,3.306301977237118,63.0,9.757936507936508,2022,6,June,2,Monday,False,24
2022-06-13,ALILAC,PIZZA INN,880.579250591478,1516.0,635.420749408522,72.15940518490699,95.0,15.957894736842103,2022,6,June,2,Monday,False,24
2022-06-13,ALILAC,CREAMY INN,150.5690370271488,89.5,-61.0690370271488,-40.55882818466692,17.0,5.264705882352941,2022,6,June,2,Monday,False,24
2022-06-13,KOLWEZI,CHICKEN INN,695.0207773460918,762.5,67.47922265390821,9.708950416068832,67.0,11.380597014925373,2022,6,June,2,Monday,False,24
2022-06-13,KOLWEZI,PIZZA INN,1382.9724892346233,908.5,-474.47248923462325,-34.30816541384782,61.0,14.89344262295082,2022,6,June,2,Monday,False,24
2022-06-13,KOLWEZI,CREAMY INN,457.630009304705,243.75,-213.88000930470503,-46.73644755720046,43.0,5.668604651162791,2022,6,June,2,Monday,False,24
2022-06-13,KOLWEZI,GALITOS,249.15468980390415,705.5,456.3453101960959,183.1574234284973,50.0,14.11,2022,6,June,2,Monday,False,24
2022-06-13,JUNCTION,CHICKEN INN,1151.6049788885566,1716.0,564.3950211114434,49.00942870672159,194.0,8.845360824742269,2022,6,June,2,Monday,False,24
2022-06-13,JUNCTION,PIZZA INN,3100.0911275485605,3707.75,607.6588724514395,19.601322911173718,251.0,14.77191235059761,2022,6,June,2,Monday,False,24
2022-06-13,JUNCTION,CREAMY INN,292.57173343453184,456.67,164.09826656546818,56.0882162603682,83.0,5.502048192771085,2022,6,June,2,Monday,False,24
2022-06-13,JUNCTION,GALITOS,984.932639848801,1179.5,194.56736015119893,19.75438240944755,106.0,11.12735849056604,2022,6,June,2,Monday,False,24
2022-06-13,Bon Marche,CHICKEN INN,376.8703145134388,357.0,-19.87031451343876,-5.272454143567257,46.0,7.760869565217392,2022,6,June,2,Monday,False,24
2022-06-13,Bon Marche,PIZZA INN,1100.5760286193215,989.25,-111.3260286193215,-10.11525107983504,77.0,12.847402597402596,2022,6,June,2,Monday,False,24
2022-06-13,Bon Marche,CREAMY INN,196.5578259737142,106.0,-90.5578259737142,-46.07184960716067,42.0,2.523809523809524,2022,6,June,2,Monday,False,24
2022-06-13,Bon Marche,GALITOS,375.3667118199526,296.25,-79.11671181995263,-21.077178484037105,27.0,10.97222222222222,2022,6,June,2,Monday,False,24
2022-06-13,OASIS,CHICKEN INN,649.8605932043167,743.25,93.38940679568329,14.37068315455182,79.0,9.408227848101266,2022,6,June,2,Monday,False,24
2022-06-13,OASIS,PIZZA INN,2016.436591700696,1456.0,-560.436591700696,-27.79341507723853,119.0,12.235294117647058,2022,6,June,2,Monday,False,24
2022-06-13,OASIS,CREAMY INN,127.96917884437391,128.5,0.5308211556260716,0.4148039085814676,47.0,2.734042553191489,2022,6,June,2,Monday,False,24
2022-06-13,TATARAFEL,CHICKEN INN,671.0305287888278,740.75,69.71947121117216,10.389910476504232,85.0,8.714705882352941,2022,6,June,2,Monday,False,24
2022-06-13,TATARAFEL,PIZZA INN,1758.1024318194077,1178.0,-580.1024318194075,-32.99594047083348,86.0,13.69767441860465,2022,6,June,2,Monday,False,24
2022-06-13,TATARAFEL,CREAMY INN,86.0,233.5,147.5,171.51162790697674,59.0,3.957627118644068,2022,6,June,2,Monday,False,24
2022-06-14,LA PIAZZA,CHICKEN INN,812.9370052709129,1311.5,498.5629947290871,61.32861359447402,147.0,8.921768707482993,2022,6,June,2,Tuesday,False,24
2022-06-14,LA PIAZZA,PIZZA INN,4465.901664722652,4003.0,-462.9016647226517,-10.3652453518902,242.0,16.541322314049587,2022,6,June,2,Tuesday,False,24
2022-06-14,LA PIAZZA,CREAMY INN,521.3944167737251,452.0,-69.39441677372508,-13.309390078076133,115.0,3.930434782608696,2022,6,June,2,Tuesday,False,24
2022-06-14,LA PIAZZA,GALITOS,519.6664340773278,743.0,223.33356592267216,42.976330830218586,75.0,9.906666666666666,2022,6,June,2,Tuesday,False,24
2022-06-14,CARREFOUR,CHICKEN INN,1502.3084122826324,1666.0,163.6915877173676,10.896004201204724,180.0,9.255555555555556,2022,6,June,2,Tuesday,False,24
2022-06-14,CARREFOUR,PIZZA INN,6660.301492379292,7232.0,571.6985076207084,8.583673100607308,402.0,17.99004975124378,2022,6,June,2,Tuesday,False,24
2022-06-14,CARREFOUR,CREAMY INN,976.0182453331952,935.0,-41.018245333195296,-4.202610507469807,215.0,4.348837209302325,2022,6,June,2,Tuesday,False,24
2022-06-14,CARREFOUR,GALITOS,921.469346853466,867.0,-54.469346853465936,-5.911140401952815,91.0,9.527472527472527,2022,6,June,2,Tuesday,False,24
2022-06-14,ALILAC,CHICKEN INN,420.1706952400105,605.0,184.8293047599895,43.9890993955233,70.0,8.642857142857142,2022,6,June,2,Tuesday,False,24
2022-06-14,ALILAC,PIZZA INN,3006.2599969457665,3378.5,372.2400030542335,12.382162668312576,228.0,14.817982456140353,2022,6,June,2,Tuesday,False,24
2022-06-14,ALILAC,CREAMY INN,155.97248072998642,136.0,-19.97248072998641,-12.805131159362665,25.0,5.44,2022,6,June,2,Tuesday,False,24
2022-06-14,KOLWEZI,CHICKEN INN,986.649195555168,820.25,-166.39919555516803,-16.865081966801636,70.0,11.717857142857143,2022,6,June,2,Tuesday,False,24
2022-06-14,KOLWEZI,PIZZA INN,3805.588703804211,2271.25,-1534.338703804211,-40.31803810722971,113.0,20.09955752212389,2022,6,June,2,Tuesday,False,24
2022-06-14,KOLWEZI,CREAMY INN,482.468738768856,244.0,-238.468738768856,-49.42677516834993,46.0,5.304347826086956,2022,6,June,2,Tuesday,False,24
2022-06-14,KOLWEZI,GALITOS,566.6629013666259,589.25,22.58709863337413,3.9859850678243847,38.0,15.50657894736842,2022,6,June,2,Tuesday,False,24
2022-06-14,JUNCTION,CHICKEN INN,1904.7963736476288,1530.0,-374.7963736476288,-19.676453548150388,179.0,8.547486033519553,2022,6,June,2,Tuesday,False,24
2022-06-14,JUNCTION,PIZZA INN,6275.86236945851,5965.25,-310.6123694585104,-4.949317737911298,376.0,15.86502659574468,2022,6,June,2,Tuesday,False,24
2022-06-14,JUNCTION,CREAMY INN,437.6241611406909,272.17,-165.45416114069093,-37.80736436247618,76.0,3.581184210526316,2022,6,June,2,Tuesday,False,24
2022-06-14,JUNCTION,GALITOS,1161.715421360124,791.5,-370.2154213601241,-31.86799577186294,91.0,8.697802197802197,2022,6,June,2,Tuesday,False,24
2022-06-14,Bon Marche,CHICKEN INN,623.3571594258526,375.0,-248.3571594258526,-39.8418716574305,54.0,6.944444444444445,2022,6,June,2,Tuesday,False,24
2022-06-14,Bon Marche,PIZZA INN,2228.01956412228,2000.25,-227.76956412227992,-10.222960686254517,123.0,16.26219512195122,2022,6,June,2,Tuesday,False,24
2022-06-14,Bon Marche,CREAMY INN,294.00808033504967,248.0,-46.00808033504967,-15.648576829119516,64.0,3.875,2022,6,June,2,Tuesday,False,24
2022-06-14,Bon Marche,GALITOS,442.7402241978928,307.0,-135.7402241978928,-30.65911267579352,32.0,9.59375,2022,6,June,2,Tuesday,False,24
2022-06-14,OASIS,CHICKEN INN,655.7151931430943,512.5,-143.21519314309433,-21.84106676812062,63.0,8.134920634920634,2022,6,June,2,Tuesday,False,24
2022-06-14,OASIS,PIZZA INN,2835.461381671136,2442.75,-392.7113816711362,-13.849999305569236,172.0,14.20203488372093,2022,6,June,2,Tuesday,False,24
2022-06-14,OASIS,CREAMY INN,92.42218472093673,121.5,29.077815279063277,31.461943219435906,42.0,2.892857142857143,2022,6,June,2,Tuesday,False,24
2022-06-14,TATARAFEL,CHICKEN INN,677.0758488680063,735.25,58.17415113199365,8.5919696041816,96.0,7.658854166666667,2022,6,June,2,Tuesday,False,24
2022-06-14,TATARAFEL,PIZZA INN,2472.198516414336,2064.25,-407.94851641433615,-16.501446534561577,132.0,15.638257575757576,2022,6,June,2,Tuesday,False,24
2022-06-14,TATARAFEL,CREAMY INN,132.0,232.0,100.0,75.75757575757575,65.0,3.569230769230769,2022,6,June,2,Tuesday,False,24
2022-06-15,LA PIAZZA,CHICKEN INN,824.8525348461553,1034.75,209.89746515384468,25.446665468875963,121.0,8.551652892561984,2022,6,June,2,Wednesday,False,24
2022-06-15,LA PIAZZA,PIZZA INN,1549.4939659234242,1942.5,393.0060340765758,25.363508520819767,145.0,13.39655172413793,2022,6,June,2,Wednesday,False,24
2022-06-15,LA PIAZZA,CREAMY INN,505.4156405101732,444.25,-61.16564051017315,-12.102047425448044,120.0,3.702083333333333,2022,6,June,2,Wednesday,False,24
2022-06-15,LA PIAZZA,GALITOS,639.7204491590918,614.0,-25.7204491590918,-4.020576361581243,78.0,7.871794871794871,2022,6,June,2,Wednesday,False,24
2022-06-15,CARREFOUR,CHICKEN INN,1341.7083325139372,1693.0,351.2916674860628,26.18241677219469,152.0,11.138157894736842,2022,6,June,2,Wednesday,False,24
2022-06-15,CARREFOUR,PIZZA INN,2466.687606776736,2911.75,445.0623932232638,18.042916824998144,191.0,15.24476439790576,2022,6,June,2,Wednesday,False,24
2022-06-15,CARREFOUR,CREAMY INN,894.7056532944885,830.75,-63.95565329448846,-7.14823395370206,182.0,4.56456043956044,2022,6,June,2,Wednesday,False,24
2022-06-15,CARREFOUR,GALITOS,614.3128979023107,915.5,301.18710209768926,49.02828886161277,72.0,12.71527777777778,2022,6,June,2,Wednesday,False,24
2022-06-15,ALILAC,CHICKEN INN,426.329298321579,710.5,284.170701678421,66.65521295326784,71.0,10.007042253521126,2022,6,June,2,Wednesday,False,24
2022-06-15,ALILAC,PIZZA INN,1043.0551487643932,1885.5,842.4448512356068,80.76704786257659,130.0,14.503846153846156,2022,6,June,2,Wednesday,False,24
2022-06-15,ALILAC,CREAMY INN,151.19251130055312,133.0,-18.19251130055312,-12.032680153310322,32.0,4.15625,2022,6,June,2,Wednesday,False,24
2022-06-15,KOLWEZI,CHICKEN INN,881.1742223643314,720.5,-160.6742223643314,-18.234103799951928,53.0,13.59433962264151,2022,6,June,2,Wednesday,False,24
2022-06-15,KOLWEZI,PIZZA INN,1409.4254596288488,1048.75,-360.6754596288488,-25.590247229096263,61.0,17.192622950819672,2022,6,June,2,Wednesday,False,24
2022-06-15,KOLWEZI,CREAMY INN,442.2740150385136,220.0,-222.27401503851357,-50.25708214378314,43.0,5.116279069767442,2022,6,June,2,Wednesday,False,24
2022-06-15,KOLWEZI,GALITOS,377.7752675777506,552.5,174.72473242224936,46.25097178610004,41.0,13.475609756097562,2022,6,June,2,Wednesday,False,24
2022-06-15,JUNCTION,CHICKEN INN,1679.0286759742546,1735.0,55.97132402574539,3.3335537877736416,159.0,10.91194968553459,2022,6,June,2,Wednesday,False,24
2022-06-15,JUNCTION,PIZZA INN,4445.571818443316,3867.75,-577.8218184433163,-12.997693930983424,251.0,15.409362549800797,2022,6,June,2,Wednesday,False,24
2022-06-15,JUNCTION,CREAMY INN,438.6109123495764,330.17,-108.44091234957637,-24.723715096068585,79.0,4.179367088607595,2022,6,June,2,Wednesday,False,24
2022-06-15,JUNCTION,GALITOS,1289.989207661834,1097.75,-192.23920766183412,-14.90238883550636,92.0,11.932065217391305,2022,6,June,2,Wednesday,False,24
2022-06-15,Bon Marche,CHICKEN INN,549.4731933186051,505.5,-43.97319331860513,-8.002791374229574,51.0,9.911764705882351,2022,6,June,2,Wednesday,False,24
2022-06-15,Bon Marche,PIZZA INN,1578.240630865997,818.25,-759.990630865997,-48.154293838511954,64.0,12.78515625,2022,6,June,2,Wednesday,False,24
2022-06-15,Bon Marche,CREAMY INN,294.67100723546696,194.42,-100.25100723546696,-34.02133388554171,52.0,3.7388461538461537,2022,6,June,2,Wednesday,False,24
2022-06-15,Bon Marche,GALITOS,491.6265210152668,542.5,50.87347898473325,10.34799320420581,47.0,11.54255319148936,2022,6,June,2,Wednesday,False,24
2022-06-15,OASIS,CHICKEN INN,552.9669642175469,719.5,166.5330357824531,30.11627213898733,73.0,9.856164383561644,2022,6,June,2,Wednesday,False,24
2022-06-15,OASIS,PIZZA INN,2039.139812406285,1481.5,-557.639812406285,-27.34681599631183,130.0,11.396153846153846,2022,6,June,2,Wednesday,False,24
2022-06-15,OASIS,CREAMY INN,91.77587573687424,136.0,44.22412426312576,48.187090461461146,48.0,2.833333333333333,2022,6,June,2,Wednesday,False,24
2022-06-15,TATARAFEL,CHICKEN INN,570.9804814784214,629.5,58.51951852157856,10.248952533378349,91.0,6.917582417582418,2022,6,June,2,Wednesday,False,24
2022-06-15,TATARAFEL,PIZZA INN,1777.8970475771807,1156.75,-621.1470475771807,-34.93717751675472,86.0,13.450581395348838,2022,6,June,2,Wednesday,False,24
2022-06-15,TATARAFEL,CREAMY INN,86.0,264.5,178.5,207.5581395348837,57.0,4.640350877192983,2022,6,June,2,Wednesday,False,24
2022-06-16,LA PIAZZA,CHICKEN INN,812.9370052709129,930.25,117.31299472908712,14.43076080538274,125.0,7.442,2022,6,June,2,Thursday,False,24
2022-06-16,LA PIAZZA,PIZZA INN,2768.5014565974466,2986.25,217.74854340255345,7.865213250426514,236.0,12.653601694915254,2022,6,June,2,Thursday,False,24
2022-06-16,LA PIAZZA,CREAMY INN,471.7212644761617,533.0,61.27873552383835,12.99045435059777,118.0,4.516949152542373,2022,6,June,2,Thursday,False,24
2022-06-16,LA PIAZZA,GALITOS,589.485081146155,870.0,280.51491885384496,47.58643226533073,94.0,9.25531914893617,2022,6,June,2,Thursday,False,24
2022-06-16,CARREFOUR,CHICKEN INN,1357.0296348428076,1656.5,299.4703651571924,22.06807850529232,168.0,9.860119047619047,2022,6,June,2,Thursday,False,24
2022-06-16,CARREFOUR,PIZZA INN,4196.308380505688,4633.25,436.9416194943124,10.412524053860349,273.0,16.971611721611723,2022,6,June,2,Thursday,False,24
2022-06-16,CARREFOUR,CREAMY INN,746.7223330212912,850.75,104.0276669787088,13.931238209764734,198.0,4.296717171717172,2022,6,June,2,Thursday,False,24
2022-06-16,CARREFOUR,GALITOS,750.5236333418779,817.5,66.97636665812206,8.923951716203057,72.0,11.354166666666666,2022,6,June,2,Thursday,False,24
2022-06-16,ALILAC,CHICKEN INN,420.1706952400105,784.25,364.0793047599895,86.65033256353578,95.0,8.255263157894737,2022,6,June,2,Thursday,False,24
2022-06-16,ALILAC,PIZZA INN,1863.6404930720448,2592.25,728.6095069279552,39.0960332551536,166.0,15.615963855421686,2022,6,June,2,Thursday,False,24
2022-06-16,ALILAC,CREAMY INN,141.11301054718294,157.5,16.386989452817062,11.612670858111883,32.0,4.921875,2022,6,June,2,Thursday,False,24
2022-06-16,KOLWEZI,CHICKEN INN,891.2365707436957,700.75,-190.4865707436957,-21.37328931472633,62.0,11.30241935483871,2022,6,June,2,Thursday,False,24
2022-06-16,KOLWEZI,PIZZA INN,2397.7028350448672,2179.75,-217.95283504486724,-9.09006870489807,112.0,19.462053571428573,2022,6,June,2,Thursday,False,24
2022-06-16,KOLWEZI,CREAMY INN,369.122384695104,308.75,-60.37238469510396,-16.35565525102784,51.0,6.053921568627451,2022,6,June,2,Thursday,False,24
2022-06-16,KOLWEZI,GALITOS,461.538846697373,703.5,241.961153302627,52.4248727997708,47.0,14.96808510638298,2022,6,June,2,Thursday,False,24
2022-06-16,JUNCTION,CHICKEN INN,1484.429387943663,1647.75,163.32061205633704,11.002248633906415,164.0,10.047256097560975,2022,6,June,2,Thursday,False,24
2022-06-16,JUNCTION,PIZZA INN,6283.227212802405,6998.25,715.0227871975949,11.37986520272096,400.0,17.495625,2022,6,June,2,Thursday,False,24
2022-06-16,JUNCTION,CREAMY INN,325.1345233277512,532.67,207.5354766722488,63.83064909506489,111.0,4.798828828828828,2022,6,June,2,Thursday,False,24
2022-06-16,JUNCTION,GALITOS,1152.2136594118494,984.75,-167.46365941184945,-14.534080380311732,103.0,9.560679611650484,2022,6,June,2,Thursday,False,24
2022-06-16,Bon Marche,CHICKEN INN,485.7892945610977,442.0,-43.78929456109768,-9.014050958175304,57.0,7.754385964912281,2022,6,June,2,Thursday,False,24
2022-06-16,Bon Marche,PIZZA INN,2230.634187275386,1868.75,-361.884187275386,-16.22337671231563,119.0,15.703781512605042,2022,6,June,2,Thursday,False,24
2022-06-16,Bon Marche,CREAMY INN,218.43441368748336,298.5,80.06558631251664,36.65429130918327,63.0,4.738095238095238,2022,6,June,2,Thursday,False,24
2022-06-16,Bon Marche,GALITOS,439.1190170262356,297.75,-141.36901702623555,-32.19378153640505,31.0,9.60483870967742,2022,6,June,2,Thursday,False,24
2022-06-16,OASIS,CHICKEN INN,610.9275036114454,551.75,-59.177503611445445,-9.686501796305244,63.0,8.757936507936508,2022,6,June,2,Thursday,False,24
2022-06-16,OASIS,PIZZA INN,2555.699113621621,2154.0,-401.6991136216211,-15.717778023265922,151.0,14.264900662251655,2022,6,June,2,Thursday,False,24
2022-06-16,OASIS,CREAMY INN,89.19063980062425,119.5,30.309360199375742,33.98266933293555,47.0,2.542553191489361,2022,6,June,2,Thursday,False,24
2022-06-16,TATARAFEL,CHICKEN INN,630.8291502622899,843.5,212.6708497377101,33.712907789578935,84.0,10.041666666666666,2022,6,June,2,Thursday,False,24
2022-06-16,TATARAFEL,PIZZA INN,2228.277767399198,1686.25,-542.0277673991982,-24.324964119345065,107.0,15.759345794392525,2022,6,June,2,Thursday,False,24
2022-06-16,TATARAFEL,CREAMY INN,107.0,155.5,48.5,45.32710280373832,41.0,3.792682926829268,2022,6,June,2,Thursday,False,24
2022-06-17,LA PIAZZA,CHICKEN INN,954.1360307375356,1229.0,274.8639692624645,28.80762914382323,155.0,7.929032258064516,2022,6,June,2,Friday,False,24
2022-06-17,LA PIAZZA,PIZZA INN,1708.2358302645305,1888.75,180.51416973546972,10.567286233980708,151.0,12.508278145695364,2022,6,June,2,Friday,False,24
2022-06-17,LA PIAZZA,CREAMY INN,482.4895702189901,565.0,82.51042978100992,17.100976865377724,141.0,4.00709219858156,2022,6,June,2,Friday,False,24
2022-06-17,LA PIAZZA,GALITOS,779.073927658255,1148.75,369.676072341745,47.45070515360712,101.0,11.373762376237623,2022,6,June,2,Friday,False,24
2022-06-17,CARREFOUR,CHICKEN INN,1424.881116584948,1986.5,561.6188834150519,39.41513975292896,184.0,10.796195652173912,2022,6,June,2,Friday,False,24
2022-06-17,CARREFOUR,PIZZA INN,3024.693005807263,3551.5,526.806994192737,17.416874809486227,221.0,16.070135746606336,2022,6,June,2,Friday,False,24
2022-06-17,CARREFOUR,CREAMY INN,790.9277862964016,826.0,35.07221370359844,4.43431300698482,196.0,4.214285714285714,2022,6,June,2,Friday,False,24
2022-06-17,CARREFOUR,GALITOS,982.75177245196,1342.5,359.74822754804006,36.60621508221454,111.0,12.094594594594597,2022,6,June,2,Friday,False,24
2022-06-17,ALILAC,CHICKEN INN,493.1501417565973,767.25,274.0998582434028,55.58142136329132,74.0,10.368243243243244,2022,6,June,2,Friday,False,24
2022-06-17,ALILAC,PIZZA INN,1149.913595823123,2124.75,974.8364041768772,84.77475244381962,136.0,15.623161764705882,2022,6,June,2,Friday,False,24
2022-06-17,ALILAC,CREAMY INN,144.33429429310536,128.0,-16.33429429310536,-11.31698767302985,26.0,4.923076923076923,2022,6,June,2,Friday,False,24
2022-06-17,KOLWEZI,CHICKEN INN,935.7983992808804,705.75,-230.0483992808805,-24.583115279707947,62.0,11.383064516129032,2022,6,June,2,Friday,False,24
2022-06-17,KOLWEZI,PIZZA INN,1728.260732422743,1780.25,51.98926757725667,3.008184274624818,91.0,19.56318681318681,2022,6,June,2,Friday,False,24
2022-06-17,KOLWEZI,CREAMY INN,390.9741783376164,245.25,-145.72417833761642,-37.27207227782184,38.0,6.453947368421052,2022,6,June,2,Friday,False,24
2022-06-17,KOLWEZI,GALITOS,604.3488832291883,758.25,153.90111677081163,25.46560787015593,44.0,17.232954545454547,2022,6,June,2,Friday,False,24
2022-06-17,JUNCTION,CHICKEN INN,1381.1670916488783,2229.0,847.8329083511217,61.38525262276221,206.0,10.820388349514564,2022,6,June,2,Friday,False,24
2022-06-17,JUNCTION,PIZZA INN,3932.064465293223,5301.75,1369.6855347067772,34.8337507382305,315.0,16.830952380952382,2022,6,June,2,Friday,False,24
2022-06-17,JUNCTION,CREAMY INN,406.2948102585784,388.67,-17.62481025857835,-4.337936349066675,106.0,3.666698113207547,2022,6,June,2,Friday,False,24
2022-06-17,JUNCTION,GALITOS,2388.6929445228725,2666.75,278.0570554771275,11.640552466766204,181.0,14.73342541436464,2022,6,June,2,Friday,False,24
2022-06-17,Bon Marche,CHICKEN INN,451.9960279502198,471.75,19.7539720497802,4.370386204357484,45.0,10.483333333333333,2022,6,June,2,Friday,False,24
2022-06-17,Bon Marche,PIZZA INN,1395.9382855011845,1589.0,193.0617144988157,13.830247117944808,99.0,16.050505050505052,2022,6,June,2,Friday,False,24
2022-06-17,Bon Marche,CREAMY INN,272.96015124680207,216.25,-56.71015124680207,-20.77598176428563,56.0,3.861607142857143,2022,6,June,2,Friday,False,24
2022-06-17,Bon Marche,GALITOS,910.3524239695372,682.25,-228.1024239695373,-25.056496579084207,54.0,12.63425925925926,2022,6,June,2,Friday,False,24
2022-06-17,OASIS,CHICKEN INN,638.4441233237004,634.0,-4.44412332370041,-0.6960864954891558,65.0,9.753846153846156,2022,6,June,2,Friday,False,24
2022-06-17,OASIS,PIZZA INN,2126.535006090165,1685.25,-441.2850060901651,-20.75136335994342,127.0,13.26968503937008,2022,6,June,2,Friday,False,24
2022-06-17,OASIS,CREAMY INN,117.62823509937402,101.5,-16.128235099374024,-13.711193648148049,37.0,2.7432432432432434,2022,6,June,2,Friday,False,24
2022-06-17,TATARAFEL,CHICKEN INN,659.2421546344294,870.75,211.50784536557055,32.08348311446472,82.0,10.61890243902439,2022,6,June,2,Friday,False,24
2022-06-17,TATARAFEL,PIZZA INN,1854.0956759780704,1261.25,-592.8456759780702,-31.97492360610425,86.0,14.665697674418604,2022,6,June,2,Friday,False,24
2022-06-17,TATARAFEL,CREAMY INN,86.0,229.0,143.0,166.27906976744185,52.0,4.403846153846154,2022,6,June,2,Friday,False,24
2022-06-18,LA PIAZZA,CHICKEN INN,1442.970631561855,1583.75,140.77936843814496,9.756218550738414,166.0,9.54066265060241,2022,6,June,2,Saturday,True,24
2022-06-18,LA PIAZZA,PIZZA INN,1995.379816956633,3011.25,1015.870183043367,50.91111849536392,213.0,14.137323943661972,2022,6,June,2,Saturday,True,24
2022-06-18,LA PIAZZA,CREAMY INN,533.5521813220797,671.0,137.44781867792028,25.760895276885705,138.0,4.86231884057971,2022,6,June,2,Saturday,True,24
2022-06-18,LA PIAZZA,GALITOS,706.7009398430072,1133.5,426.7990601569928,60.39316436338768,93.0,12.188172043010752,2022,6,June,2,Saturday,True,24
2022-06-18,CARREFOUR,CHICKEN INN,1970.9761067354004,2545.25,574.2738932645996,29.136522320191403,208.0,12.236778846153848,2022,6,June,2,Saturday,True,24
2022-06-18,CARREFOUR,PIZZA INN,4142.976977750232,4610.5,467.5230222497685,11.28471205031046,282.0,16.349290780141843,2022,6,June,2,Saturday,True,24
2022-06-18,CARREFOUR,CREAMY INN,1116.2672014074667,947.25,-169.0172014074667,-15.141285275994688,219.0,4.325342465753424,2022,6,June,2,Saturday,True,24
2022-06-18,CARREFOUR,GALITOS,1054.7027984582887,960.75,-93.95279845828873,-8.907987974965478,66.0,14.556818181818182,2022,6,June,2,Saturday,True,24
2022-06-18,ALILAC,CHICKEN INN,745.8068331779448,1252.25,506.4431668220552,67.90540717682337,121.0,10.349173553719009,2022,6,June,2,Saturday,True,24
2022-06-18,ALILAC,PIZZA INN,1343.207032482259,2710.0,1366.792967517741,101.75594189615695,159.0,17.044025157232703,2022,6,June,2,Saturday,True,24
2022-06-18,ALILAC,CREAMY INN,159.60941399151176,310.25,150.64058600848824,94.38076504466054,50.0,6.205,2022,6,June,2,Saturday,True,24
2022-06-18,KOLWEZI,CHICKEN INN,1294.4492450882226,847.75,-446.6992450882226,-34.50882657494833,66.0,12.844696969696969,2022,6,June,2,Saturday,True,24
2022-06-18,KOLWEZI,PIZZA INN,2367.2301328531694,1419.25,-947.9801328531694,-40.0459642557266,73.0,19.44178082191781,2022,6,June,2,Saturday,True,24
2022-06-18,KOLWEZI,CREAMY INN,551.7970912605684,400.0,-151.79709126056844,-27.509585256020703,67.0,5.970149253731344,2022,6,June,2,Saturday,True,24
2022-06-18,KOLWEZI,GALITOS,648.5955825819943,761.5,112.90441741800566,17.40752179787356,48.0,15.864583333333334,2022,6,June,2,Saturday,True,24
2022-06-18,JUNCTION,CHICKEN INN,3577.591367693327,2998.0,-579.5913676933269,-16.20060281135522,264.0,11.356060606060606,2022,6,June,2,Saturday,True,24
2022-06-18,JUNCTION,PIZZA INN,7105.550066165413,6779.25,-326.3000661654132,-4.592185870579681,383.0,17.700391644908617,2022,6,June,2,Saturday,True,24
2022-06-18,JUNCTION,CREAMY INN,644.3485394021898,551.67,-92.6785394021898,-14.383293161209709,101.0,5.462079207920792,2022,6,June,2,Saturday,True,24
2022-06-18,JUNCTION,GALITOS,1240.9801197181007,1727.25,486.2698802818993,39.18434087343476,145.0,11.91206896551724,2022,6,June,2,Saturday,True,24
2022-06-18,Bon Marche,CHICKEN INN,1170.7903392745095,643.25,-527.5403392745095,-45.058480718367086,71.0,9.059859154929578,2022,6,June,2,Saturday,True,24
2022-06-18,Bon Marche,PIZZA INN,2522.570386232489,2014.75,-507.8203862324895,-20.13106904782663,111.0,18.1509009009009,2022,6,June,2,Saturday,True,24
2022-06-18,Bon Marche,CREAMY INN,432.8912659724632,484.0,51.1087340275368,11.80636756732068,96.0,5.041666666666667,2022,6,June,2,Saturday,True,24
2022-06-18,Bon Marche,GALITOS,472.9487156035605,485.25,12.301284396439485,2.6009763829765387,45.0,10.783333333333331,2022,6,June,2,Saturday,True,24
2022-06-18,OASIS,CHICKEN INN,974.790889806475,914.75,-60.04088980647498,-6.159360990580747,106.0,8.629716981132075,2022,6,June,2,Saturday,True,24
2022-06-18,OASIS,PIZZA INN,3342.2558567765413,2501.0,-841.2558567765413,-25.17030092327808,173.0,14.45664739884393,2022,6,June,2,Saturday,True,24
2022-06-18,OASIS,CREAMY INN,126.03025189218646,264.5,138.46974810781353,109.8702462534698,52.0,5.086538461538462,2022,6,June,2,Saturday,True,24
2022-06-18,TATARAFEL,CHICKEN INN,1006.5457931832416,1137.0,130.4542068167584,12.960583383314509,130.0,8.746153846153845,2022,6,June,2,Saturday,True,24
2022-06-18,TATARAFEL,PIZZA INN,2914.065423007205,1826.25,-1087.8154230072046,-37.329821575681045,127.0,14.37992125984252,2022,6,June,2,Saturday,True,24
2022-06-18,TATARAFEL,CREAMY INN,127.0,238.5,111.5,87.79527559055119,62.0,3.846774193548387,2022,6,June,2,Saturday,True,24
2022-06-19,LA PIAZZA,CHICKEN INN,1844.821866486905,1901.5,56.67813351309496,3.072282183050397,185.0,10.278378378378378,2022,6,June,2,Sunday,True,24
2022-06-19,LA PIAZZA,PIZZA INN,3442.7480442169226,3471.25,28.501955783077392,0.8278838711695605,221.0,15.707013574660634,2022,6,June,2,Sunday,True,24
2022-06-19,LA PIAZZA,CREAMY INN,687.0873793327302,718.25,31.162620667269834,4.535466900517608,150.0,4.788333333333333,2022,6,June,2,Sunday,True,24
2022-06-19,LA PIAZZA,GALITOS,1195.4314693247975,1012.0,-183.4314693247977,-15.344373477837529,94.0,10.76595744680851,2022,6,June,2,Sunday,True,24
2022-06-19,CARREFOUR,CHICKEN INN,3178.349449187277,4140.5,962.1505508127228,30.27201905249124,301.0,13.755813953488373,2022,6,June,2,Sunday,True,24
2022-06-19,CARREFOUR,PIZZA INN,6789.8528073219,7222.5,432.6471926780996,6.371967183317295,407.0,17.745700245700245,2022,6,June,2,Sunday,True,24
2022-06-19,CARREFOUR,CREAMY INN,1436.2001941755327,1641.25,205.04980582446728,14.277243984232888,261.0,6.288314176245211,2022,6,June,2,Sunday,True,24
2022-06-19,CARREFOUR,GALITOS,1266.338057711387,1642.0,375.6619422886131,29.66521775137479,113.0,14.530973451327434,2022,6,June,2,Sunday,True,24
2022-06-19,ALILAC,CHICKEN INN,953.505722103842,1467.0,513.4942778961579,53.85329799208436,129.0,11.372093023255816,2022,6,June,2,Sunday,True,24
2022-06-19,ALILAC,PIZZA INN,2317.515364623544,3378.25,1060.734635376456,45.77033885377331,198.0,17.06186868686869,2022,6,June,2,Sunday,True,24
2022-06-19,ALILAC,CREAMY INN,205.5386854656317,294.0,88.46131453436834,43.03876631981285,53.0,5.547169811320755,2022,6,June,2,Sunday,True,24
2022-06-19,KOLWEZI,CHICKEN INN,2087.398234340628,1394.0,-693.3982343406274,-33.21830127731519,111.0,12.55855855855856,2022,6,June,2,Sunday,True,24
2022-06-19,KOLWEZI,PIZZA INN,3879.612232810021,2567.0,-1312.6122328100205,-33.83359351507379,130.0,19.746153846153845,2022,6,June,2,Sunday,True,24
2022-06-19,KOLWEZI,CREAMY INN,709.9474826588967,731.5,21.55251734110334,3.0357903742942804,107.0,6.836448598130841,2022,6,June,2,Sunday,True,24
2022-06-19,KOLWEZI,GALITOS,778.7419086093859,1311.5,532.7580913906141,68.41266477387487,64.0,20.4921875,2022,6,June,2,Sunday,True,24
2022-06-19,JUNCTION,CHICKEN INN,4074.3887144343776,3859.5,-214.8887144343776,-5.274133851615315,338.0,11.418639053254438,2022,6,June,2,Sunday,True,24
2022-06-19,JUNCTION,PIZZA INN,10032.694355190128,9130.5,-902.1943551901276,-8.992543012370383,473.0,19.30338266384778,2022,6,June,2,Sunday,True,24
2022-06-19,JUNCTION,CREAMY INN,553.074052580287,680.17,127.09594741971296,22.979915045149053,136.0,5.00125,2022,6,June,2,Sunday,True,24
2022-06-19,JUNCTION,GALITOS,1992.9695640139328,1970.25,-22.719564013933223,-1.139985498231843,162.0,12.162037037037036,2022,6,June,2,Sunday,True,24
2022-06-19,Bon Marche,CHICKEN INN,1333.3705432055838,1238.25,-95.12054320558376,-7.133841653416349,128.0,9.673828125,2022,6,June,2,Sunday,True,24
2022-06-19,Bon Marche,PIZZA INN,3561.747850463365,2957.25,-604.497850463365,-16.971943996111992,171.0,17.29385964912281,2022,6,June,2,Sunday,True,24
2022-06-19,Bon Marche,CREAMY INN,371.5705276838678,830.25,458.6794723161322,123.44344832063126,208.0,3.9915865384615374,2022,6,June,2,Sunday,True,24
2022-06-19,Bon Marche,GALITOS,759.5386747625668,1205.75,446.2113252374333,58.747676723232,83.0,14.52710843373494,2022,6,June,2,Sunday,True,24
2022-06-19,OASIS,CHICKEN INN,1854.7372606047525,1770.5,-84.23726060475246,-4.541735500438817,190.0,9.31842105263158,2022,6,June,2,Sunday,True,24
2022-06-19,OASIS,PIZZA INN,4577.018118377282,3791.5,-785.518118377282,-17.162224357892132,255.0,14.868627450980393,2022,6,June,2,Sunday,True,24
2022-06-19,OASIS,CREAMY INN,323.8008010153098,330.0,6.199198984690213,1.914510083128888,102.0,3.235294117647059,2022,6,June,2,Sunday,True,24
2022-06-19,TATARAFEL,CHICKEN INN,1915.1574010837892,1904.25,-10.90740108378941,-0.5695302682493303,168.0,11.334821428571429,2022,6,June,2,Sunday,True,24
2022-06-19,TATARAFEL,PIZZA INN,3990.6371058331806,2894.25,-1096.3871058331806,-27.47398665317308,172.0,16.82703488372093,2022,6,June,2,Sunday,True,24
2022-06-19,TATARAFEL,CREAMY INN,172.0,500.5,328.5,190.9883720930233,112.0,4.46875,2022,6,June,2,Sunday,True,24
2022-06-20,LA PIAZZA,CHICKEN INN,1065.546232266052,1000.5,-65.0462322660519,-6.1044964823085,138.0,7.25,2022,6,June,2,Monday,False,25
2022-06-20,LA PIAZZA,PIZZA INN,1358.201892675787,1965.25,607.0481073242131,44.69498316839116,163.0,12.056748466257668,2022,6,June,2,Monday,False,25
2022-06-20,LA PIAZZA,CREAMY INN,463.3845116430041,486.5,23.11548835699591,4.9884033186686025,116.0,4.193965517241379,2022,6,June,2,Monday,False,25
2022-06-20,LA PIAZZA,GALITOS,630.6383487273744,775.75,145.11165127262564,23.010280228828517,75.0,10.343333333333334,2022,6,June,2,Monday,False,25
2022-06-20,CARREFOUR,CHICKEN INN,1325.8398408161786,1500.0,174.1601591838214,13.13583691048306,133.0,11.278195488721805,2022,6,June,2,Monday,False,25
2022-06-20,CARREFOUR,PIZZA INN,2640.115096905627,2678.75,38.63490309437293,1.4633794996155791,169.0,15.850591715976332,2022,6,June,2,Monday,False,25
2022-06-20,CARREFOUR,CREAMY INN,700.2907058402399,918.0,217.70929415976013,31.088416902312428,203.0,4.522167487684729,2022,6,June,2,Monday,False,25
2022-06-20,CARREFOUR,GALITOS,637.6349546078104,751.75,114.1150453921896,17.896610681009204,61.0,12.32377049180328,2022,6,June,2,Monday,False,25
2022-06-20,ALILAC,CHICKEN INN,550.7330805692626,645.5,94.7669194307374,17.207413677199497,57.0,11.324561403508772,2022,6,June,2,Monday,False,25
2022-06-20,ALILAC,PIZZA INN,914.2852494896616,1446.0,531.7147505103383,58.156330402041625,92.0,15.717391304347826,2022,6,June,2,Monday,False,25
2022-06-20,ALILAC,CREAMY INN,138.61911345356555,68.0,-70.61911345356555,-50.94471584340455,18.0,3.7777777777777777,2022,6,June,2,Monday,False,25
2022-06-20,KOLWEZI,CHICKEN INN,870.7525043999898,762.5,-108.2525043999898,-12.432063514371796,48.0,15.885416666666666,2022,6,June,2,Monday,False,25
2022-06-20,KOLWEZI,PIZZA INN,1508.5191265024562,1376.5,-132.01912650245615,-8.751571271658069,67.0,20.544776119402982,2022,6,June,2,Monday,False,25
2022-06-20,KOLWEZI,CREAMY INN,346.1701410130404,321.25,-24.920141013040396,-7.198812971018676,48.0,6.692708333333333,2022,6,June,2,Monday,False,25
2022-06-20,KOLWEZI,GALITOS,392.117301161074,631.75,239.63269883892605,61.11250335788926,37.0,17.074324324324323,2022,6,June,2,Monday,False,25
2022-06-20,JUNCTION,CHICKEN INN,1745.1599103467674,1516.0,-229.15991034676745,-13.13116975631378,154.0,9.844155844155845,2022,6,June,2,Monday,False,25
2022-06-20,JUNCTION,PIZZA INN,3228.087025663124,3581.5,353.4129743368758,10.94806216583571,239.0,14.985355648535563,2022,6,June,2,Monday,False,25
2022-06-20,JUNCTION,CREAMY INN,367.5648253098249,324.33,-43.23482530982494,-11.762503464084675,74.0,4.382837837837838,2022,6,June,2,Monday,False,25
2022-06-20,JUNCTION,GALITOS,1031.4412641219355,1166.0,134.55873587806445,13.045700279658108,85.0,13.717647058823529,2022,6,June,2,Monday,False,25
2022-06-20,Bon Marche,CHICKEN INN,571.1150753476187,414.0,-157.1150753476187,-27.510230797530248,50.0,8.28,2022,6,June,2,Monday,False,25
2022-06-20,Bon Marche,PIZZA INN,1146.016375831916,1190.75,44.73362416808413,3.903401828408527,79.0,15.072784810126585,2022,6,June,2,Monday,False,25
2022-06-20,Bon Marche,CREAMY INN,246.94027040542505,168.5,-78.44027040542505,-31.764875885428605,38.0,4.434210526315789,2022,6,June,2,Monday,False,25
2022-06-20,Bon Marche,GALITOS,393.0915679759596,384.25,-8.84156797595955,-2.249238776981417,40.0,9.60625,2022,6,June,2,Monday,False,25
2022-06-20,OASIS,CHICKEN INN,694.9410127329045,515.25,-179.69101273290448,-25.85701655832009,56.0,9.200892857142858,2022,6,June,2,Monday,False,25
2022-06-20,OASIS,PIZZA INN,1625.3553059979704,1298.25,-327.1053059979704,-20.12515692974142,101.0,12.853960396039604,2022,6,June,2,Monday,False,25
2022-06-20,OASIS,CREAMY INN,186.13698740999843,161.5,-24.63698740999845,-13.235943996305952,60.0,2.691666666666667,2022,6,June,2,Monday,False,25
2022-06-20,TATARAFEL,CHICKEN INN,717.5794933985032,535.75,-181.82949339850325,-25.33928227761177,79.0,6.781645569620253,2022,6,June,2,Monday,False,25
2022-06-20,TATARAFEL,PIZZA INN,1417.1242119919632,1363.75,-53.37421199196319,-3.766374996651732,87.0,15.67528735632184,2022,6,June,2,Monday,False,25
2022-06-20,TATARAFEL,CREAMY INN,87.0,205.0,118.0,135.63218390804596,60.0,3.4166666666666665,2022,6,June,2,Monday,False,25
2022-06-21,LA PIAZZA,CHICKEN INN,1035.459520088565,1138.25,102.79047991143511,9.927039919691234,124.0,9.179435483870968,2022,6,June,2,Tuesday,False,25
2022-06-21,LA PIAZZA,PIZZA INN,4651.461693858587,4638.5,-12.96169385858684,-0.2786585101990717,287.0,16.162020905923345,2022,6,June,2,Tuesday,False,25
2022-06-21,LA PIAZZA,CREAMY INN,411.9745358385329,557.0,145.02546416146708,35.20253111427925,123.0,4.528455284552845,2022,6,June,2,Tuesday,False,25
2022-06-21,LA PIAZZA,GALITOS,736.2177662460887,608.25,-127.96776624608869,-17.38178187394001,67.0,9.078358208955224,2022,6,June,2,Tuesday,False,25
2022-06-21,CARREFOUR,CHICKEN INN,1270.3001198740233,1860.5,590.1998801259767,46.46145197439699,173.0,10.754335260115608,2022,6,June,2,Tuesday,False,25
2022-06-21,CARREFOUR,PIZZA INN,6855.284941733242,7815.5,960.2150582667582,14.00693138838346,422.0,18.520142180094787,2022,6,June,2,Tuesday,False,25
2022-06-21,CARREFOUR,CREAMY INN,966.7955248657262,1038.0,71.20447513427382,7.364998420339511,230.0,4.51304347826087,2022,6,June,2,Tuesday,False,25
2022-06-21,CARREFOUR,GALITOS,895.9143272719078,1030.0,134.08567272809216,14.966349866999892,93.0,11.075268817204302,2022,6,June,2,Tuesday,False,25
2022-06-21,ALILAC,CHICKEN INN,535.1826077883022,955.0,419.8173922116978,78.44376594124327,92.0,10.380434782608695,2022,6,June,2,Tuesday,False,25
2022-06-21,ALILAC,PIZZA INN,3131.1713215792647,3129.5,-1.6713215792647134,-0.0533768806499464,200.0,15.6475,2022,6,June,2,Tuesday,False,25
2022-06-21,ALILAC,CREAMY INN,123.24008137625844,163.5,40.25991862374157,32.667877344892304,34.0,4.8088235294117645,2022,6,June,2,Tuesday,False,25
2022-06-21,KOLWEZI,CHICKEN INN,834.2764915247942,801.25,-33.02649152479421,-3.958698568196762,57.0,14.057017543859647,2022,6,June,2,Tuesday,False,25
2022-06-21,KOLWEZI,PIZZA INN,3916.99909763386,2206.75,-1710.2490976338595,-43.66222853272979,111.0,19.88063063063063,2022,6,June,2,Tuesday,False,25
2022-06-21,KOLWEZI,CREAMY INN,477.9097314621448,309.75,-168.15973146214475,-35.18650498027465,38.0,8.151315789473685,2022,6,June,2,Tuesday,False,25
2022-06-21,KOLWEZI,GALITOS,550.947694355112,569.5,18.55230564488795,3.367344275140955,34.0,16.75,2022,6,June,2,Tuesday,False,25
2022-06-21,JUNCTION,CHICKEN INN,1555.710185648462,1197.75,-357.9601856484619,-23.00943896560364,135.0,8.872222222222222,2022,6,June,2,Tuesday,False,25
2022-06-21,JUNCTION,PIZZA INN,6334.019235863739,6124.75,-209.2692358637387,-3.3038932796231344,373.0,16.42024128686327,2022,6,June,2,Tuesday,False,25
2022-06-21,JUNCTION,CREAMY INN,397.6607371808307,331.33,-66.33073718083074,-16.680232916901662,71.0,4.6666197183098586,2022,6,June,2,Tuesday,False,25
2022-06-21,JUNCTION,GALITOS,1103.454617835176,999.25,-104.20461783517612,-9.44348921567894,102.0,9.79656862745098,2022,6,June,2,Tuesday,False,25
2022-06-21,Bon Marche,CHICKEN INN,509.11640510876407,490.0,-19.11640510876407,-3.75482009947807,57.0,8.596491228070175,2022,6,June,2,Tuesday,False,25
2022-06-21,Bon Marche,PIZZA INN,2248.6660710899077,1953.25,-295.4160710899073,-13.137391758071129,125.0,15.626,2022,6,June,2,Tuesday,False,25
2022-06-21,Bon Marche,CREAMY INN,267.1595408681511,264.75,-2.409540868151112,-0.9019108433564316,71.0,3.72887323943662,2022,6,June,2,Tuesday,False,25
2022-06-21,Bon Marche,GALITOS,420.53650654009925,283.75,-136.78650654009925,-32.52666639229246,25.0,11.35,2022,6,June,2,Tuesday,False,25
2022-06-21,OASIS,CHICKEN INN,612.0984235992009,368.75,-243.3484235992009,-39.75642057175829,49.0,7.525510204081633,2022,6,June,2,Tuesday,False,25
2022-06-21,OASIS,PIZZA INN,2882.3325469988035,2075.5,-806.8325469988035,-27.992347650478735,158.0,13.136075949367088,2022,6,June,2,Tuesday,False,25
2022-06-21,OASIS,CREAMY INN,167.3940268721861,129.0,-38.39402687218609,-22.936318332016647,40.0,3.225,2022,6,June,2,Tuesday,False,25
2022-06-21,TATARAFEL,CHICKEN INN,632.0382142781256,619.0,-13.038214278125563,-2.062883854739226,77.0,8.03896103896104,2022,6,June,2,Tuesday,False,25
2022-06-21,TATARAFEL,PIZZA INN,2513.0648199142547,1734.0,-779.0648199142547,-31.000585967409958,113.0,15.345132743362832,2022,6,June,2,Tuesday,False,25
2022-06-21,TATARAFEL,CREAMY INN,113.0,198.5,85.5,75.66371681415929,40.0,4.9625,2022,6,June,2,Tuesday,False,25
2022-06-22,LA PIAZZA,CHICKEN INN,969.9241074247316,944.5,-25.424107424731574,-2.6212470883145405,124.0,7.616935483870968,2022,6,June,2,Wednesday,False,25
2022-06-22,LA PIAZZA,PIZZA INN,1701.4635664274522,1754.25,52.78643357254782,3.102413393628112,136.0,12.898897058823527,2022,6,June,2,Wednesday,False,25
2022-06-22,LA PIAZZA,CREAMY INN,427.6059474007032,357.5,-70.1059474007032,-16.394988850566186,89.0,4.01685393258427,2022,6,June,2,Wednesday,False,25
2022-06-22,LA PIAZZA,GALITOS,603.3920474322223,577.75,-25.642047432222284,-4.249649550626966,69.0,8.373188405797102,2022,6,June,2,Wednesday,False,25
2022-06-22,CARREFOUR,CHICKEN INN,1169.3436813141452,1629.5,460.1563186858548,39.35167445115167,159.0,10.248427672955977,2022,6,June,2,Wednesday,False,25
2022-06-22,CARREFOUR,PIZZA INN,2376.054596398644,2934.5,558.4454036013562,23.503054367849334,190.0,15.444736842105264,2022,6,June,2,Wednesday,False,25
2022-06-22,CARREFOUR,CREAMY INN,752.764805051702,643.0,-109.76480505170196,-14.581553802075408,156.0,4.121794871794871,2022,6,June,2,Wednesday,False,25
2022-06-22,CARREFOUR,GALITOS,501.4242191682431,842.25,340.8257808317569,67.97154341629427,73.0,11.537671232876711,2022,6,June,2,Wednesday,False,25
2022-06-22,ALILAC,CHICKEN INN,501.3102908396755,892.0,390.6897091603245,77.93371017896607,86.0,10.372093023255816,2022,6,June,2,Wednesday,False,25
2022-06-22,ALILAC,PIZZA INN,1145.3547883547471,1984.5,839.1452116452529,73.26508957548855,126.0,15.75,2022,6,June,2,Wednesday,False,25
2022-06-22,ALILAC,CREAMY INN,127.916138426791,153.5,25.583861573209006,20.00049554955192,28.0,5.482142857142857,2022,6,June,2,Wednesday,False,25
2022-06-22,KOLWEZI,CHICKEN INN,767.972803096483,866.0,98.02719690351704,12.764409951533343,59.0,14.677966101694915,2022,6,June,2,Wednesday,False,25
2022-06-22,KOLWEZI,PIZZA INN,1357.6392212909468,1387.75,30.110778709053196,2.217877786443262,80.0,17.346875,2022,6,June,2,Wednesday,False,25
2022-06-22,KOLWEZI,CREAMY INN,372.1093205167424,305.5,-66.60932051674234,-17.900470868142467,44.0,6.943181818181818,2022,6,June,2,Wednesday,False,25
2022-06-22,KOLWEZI,GALITOS,308.35372204145153,508.25,199.89627795854847,64.82693856754442,34.0,14.948529411764708,2022,6,June,2,Wednesday,False,25
2022-06-22,JUNCTION,CHICKEN INN,1403.6625525214954,1872.75,469.0874474785046,33.41881897724283,98.0,19.10969387755102,2022,6,June,2,Wednesday,False,25
2022-06-22,JUNCTION,PIZZA INN,3367.0032087358745,3624.0,256.9967912641255,7.632805059327927,225.0,16.106666666666666,2022,6,June,2,Wednesday,False,25
2022-06-22,JUNCTION,CREAMY INN,280.7307189279066,346.0,65.2692810720934,23.249782325693744,74.0,4.675675675675675,2022,6,June,2,Wednesday,False,25
2022-06-22,JUNCTION,GALITOS,1331.2468582267115,930.25,-400.99685822671154,-30.121900814163027,82.0,11.34451219512195,2022,6,June,2,Wednesday,False,25
2022-06-22,Bon Marche,CHICKEN INN,459.35781568959743,316.25,-143.10781568959743,-31.15388718808692,32.0,9.8828125,2022,6,June,2,Wednesday,False,25
2022-06-22,Bon Marche,PIZZA INN,1195.333578064632,1024.0,-171.3335780646321,-14.333536780756948,63.0,16.253968253968253,2022,6,June,2,Wednesday,False,25
2022-06-22,Bon Marche,CREAMY INN,188.6027031687072,135.5,-53.1027031687072,-28.155854755276888,40.0,3.3875,2022,6,June,2,Wednesday,False,25
2022-06-22,Bon Marche,GALITOS,507.3501837343051,233.25,-274.1001837343051,-54.025837088855575,28.0,8.330357142857142,2022,6,June,2,Wednesday,False,25
2022-06-22,OASIS,CHICKEN INN,645.1769132532946,653.0,7.823086746705371,1.2125490832053454,64.0,10.203125,2022,6,June,2,Wednesday,False,25
2022-06-22,OASIS,PIZZA INN,1720.0741192642984,1134.25,-585.8241192642984,-34.058074166877425,87.0,13.03735632183908,2022,6,June,2,Wednesday,False,25
2022-06-22,OASIS,CREAMY INN,81.43493199187432,77.0,-4.434931991874322,-5.445982311763759,27.0,2.851851851851852,2022,6,June,2,Wednesday,False,25
2022-06-22,TATARAFEL,CHICKEN INN,666.1942727254849,537.5,-128.6942727254849,-19.31782934713329,66.0,8.143939393939394,2022,6,June,2,Wednesday,False,25
2022-06-22,TATARAFEL,PIZZA INN,1499.708200314715,860.25,-639.458200314715,-42.6388413546398,53.0,16.2311320754717,2022,6,June,2,Wednesday,False,25
2022-06-22,TATARAFEL,CREAMY INN,53.0,178.5,125.5,236.7924528301887,39.0,4.576923076923077,2022,6,June,2,Wednesday,False,25
2022-06-23,LA PIAZZA,CHICKEN INN,1119.4640035940238,910.25,-209.21400359402375,-18.688765598745928,135.0,6.742592592592593,2022,6,June,2,Thursday,False,25
2022-06-23,LA PIAZZA,PIZZA INN,2708.092863170712,2702.5,-5.592863170711553,-0.2065240541331832,202.0,13.378712871287128,2022,6,June,2,Thursday,False,25
2022-06-23,LA PIAZZA,CREAMY INN,475.5422761913589,413.0,-62.54227619135884,-13.151780466767953,117.0,3.52991452991453,2022,6,June,2,Thursday,False,25
2022-06-23,LA PIAZZA,GALITOS,494.6452473879465,883.5,388.8547526120535,78.61285530700303,75.0,11.78,2022,6,June,2,Thursday,False,25
2022-06-23,CARREFOUR,CHICKEN INN,1278.7815550917908,1648.5,369.7184449082092,28.911774918560727,165.0,9.99090909090909,2022,6,June,2,Thursday,False,25
2022-06-23,CARREFOUR,PIZZA INN,3507.9874097963893,5036.75,1528.762590203611,43.579477678123794,286.0,17.611013986013987,2022,6,June,2,Thursday,False,25
2022-06-23,CARREFOUR,CREAMY INN,807.4650781691048,949.25,141.7849218308952,17.559263634334123,199.0,4.7701005025125625,2022,6,June,2,Thursday,False,25
2022-06-23,CARREFOUR,GALITOS,814.0390218164304,995.0,180.96097818356964,22.230012730811964,82.0,12.134146341463415,2022,6,June,2,Thursday,False,25
2022-06-23,ALILAC,CHICKEN INN,578.6007595133601,868.5,289.8992404866399,50.10350154577458,86.0,10.098837209302326,2022,6,June,2,Thursday,False,25
2022-06-23,ALILAC,PIZZA INN,1822.9759304541324,2912.0,1089.0240695458676,59.73880682421158,169.0,17.23076923076923,2022,6,June,2,Thursday,False,25
2022-06-23,ALILAC,CREAMY INN,142.2560467150909,171.75,29.49395328490911,20.733005004686607,40.0,4.29375,2022,6,June,2,Thursday,False,25
2022-06-23,KOLWEZI,CHICKEN INN,839.8467200919423,692.0,-147.8467200919423,-17.604012322124298,47.0,14.72340425531915,2022,6,June,2,Thursday,False,25
2022-06-23,KOLWEZI,PIZZA INN,2004.4073492894483,2558.5,554.0926507105517,27.643714782176115,119.0,21.5,2022,6,June,2,Thursday,False,25
2022-06-23,KOLWEZI,CREAMY INN,399.1489500599952,323.25,-75.89895005999523,-19.01519471580397,47.0,6.877659574468085,2022,6,June,2,Thursday,False,25
2022-06-23,KOLWEZI,GALITOS,500.59800198812593,606.5,105.90199801187408,21.155098021023672,36.0,16.84722222222222,2022,6,June,2,Thursday,False,25
2022-06-23,JUNCTION,CHICKEN INN,1975.5351120542923,2064.5,88.96488794570769,4.50333114318561,214.0,9.647196261682245,2022,6,June,2,Thursday,False,25
2022-06-23,JUNCTION,PIZZA INN,7065.678328062265,8455.5,1389.8216719377351,19.67003884705417,423.0,19.98936170212766,2022,6,June,2,Thursday,False,25
2022-06-23,JUNCTION,CREAMY INN,231.8865340880775,502.17,270.2834659119225,116.55850003315014,82.0,6.124024390243902,2022,6,June,2,Thursday,False,25
2022-06-23,JUNCTION,GALITOS,1322.2451890125565,1062.75,-259.49518901255647,-19.62534567483249,95.0,11.18684210526316,2022,6,June,2,Thursday,False,25
2022-06-23,Bon Marche,CHICKEN INN,646.5068774978713,510.75,-135.7568774978713,-20.998520235899317,51.0,10.014705882352942,2022,6,June,2,Thursday,False,25
2022-06-23,Bon Marche,PIZZA INN,2508.4153574380903,2537.5,29.08464256190973,1.159482717870721,156.0,16.266025641025642,2022,6,June,2,Thursday,False,25
2022-06-23,Bon Marche,CREAMY INN,155.7878215980534,238.0,82.2121784019466,52.771890356141846,78.0,3.051282051282051,2022,6,June,2,Thursday,False,25
2022-06-23,Bon Marche,GALITOS,503.91956641378766,179.25,-324.66956641378766,-64.42884699324992,15.0,11.95,2022,6,June,2,Thursday,False,25
2022-06-23,OASIS,CHICKEN INN,721.5794424543427,565.75,-155.8294424543427,-21.595604487333038,78.0,7.253205128205129,2022,6,June,2,Thursday,False,25
2022-06-23,OASIS,PIZZA INN,3026.1196114675336,2819.25,-206.8696114675336,-6.83613465520654,195.0,14.457692307692309,2022,6,June,2,Thursday,False,25
2022-06-23,OASIS,CREAMY INN,88.54433081656175,204.0,115.45566918343825,130.3930676517608,56.0,3.642857142857143,2022,6,June,2,Thursday,False,25
2022-06-23,TATARAFEL,CHICKEN INN,745.085699758766,647.25,-97.83569975876604,-13.130798214278167,75.0,8.63,2022,6,June,2,Thursday,False,25
2022-06-23,TATARAFEL,PIZZA INN,2638.4307197134835,2261.0,-377.43071971348354,-14.305121483518432,141.0,16.0354609929078,2022,6,June,2,Thursday,False,25
2022-06-23,TATARAFEL,CREAMY INN,141.0,227.0,86.0,60.99290780141844,58.0,3.913793103448276,2022,6,June,2,Thursday,False,25
